name,ssn,phone_number,email,income,address,monthly_spending
노**,94072*********,010-*********,yeongc*************,95783200.547~95791145.72,세종특별자**********,4739940.455~4742573.506
이**,82102*********,010-*********,jongsug****************,18233871.536~18253968.81,부산광역시**********,11179512.529~11189288.904
김**,64033*********,010-*********,jeongs************,52040873.488~52056522.474,경상북도 ***********,1394301.586~1395702.868
양**,44031*********,010-*********,eu@ha**********,82987087.126~82993383.568,충청남도 천*************,1434868.221~1435370.767
강**,52012*********,010-*********,jiubag**************,76301615.258~76332476.302,경기도 고**********,4409122.521~4413311.252
이**,92091*********,010-*********,yeongh************,22001544.886~22022623.022,세종특별자치*************,5667351.112~5671556.689
손**,48071*********,010-*********,fi@*****,58952066.974~58955372.19,서울특별*********,2055808.374~2056843.806
이**,50013*********,010-*********,yangjih**************,80514556.797~80516613.984,인천광역*********,1368833.746~1371813.881
박**,51100*********,010-*********,jyan********,86045394.93~86049700.612,충청남도 ***********,949794.278~952544.099
최**,80092*********,010-*********,ti@******,94163912.48~94166417.506,대전광역*********,19262809.802~19277679.587
김**,95112*********,010-*********,yeong***********,54425985.559~54432044.865,인천광역시 ***********,835364.52~836703.03
권**,64010*********,010-*********,gimhye************,46397515.525~46402803.756,세종특별자**********,9029501.943~9034639.024
박**,56022*********,010-*********,yejung***********,59827655.424~59830692.049,전라북도 ***********,27839078.712~27860971.216
송**,89102*********,010-*********,ogja*******,14742838.13~14749012.226,세종특별자치*************,610010.049~613534.746
김**,06040*********,010-*********,gimeungy******************,90443271.386~90448045.693,전라남도 ***********,12740171.144~12746108.259
장**,69063*********,010-*********,gimse***********,27236386.612~27273755.797,서울특별시**********,1881533.702~1884895.979
이**,44040*********,010-*********,tjang@**************,38477615.446~38500440.371,충청북도 ***********,6510211.001~6513727.718
강**,60031*********,010-*********,jyu@yu************,30569777.458~30601673.156,서울특별시*********,10939704.699~10953525.074
송**,94032*********,010-*********,hyeon***********,80627448.64~80662803.458,충청북도 청**************,23653572.809~23674494.653
김**,84062*********,010-*********,gimyew***********,87019630.215~87042110.279,광주광역*********,14425096.218~14435767.622
이**,88022*********,010-*********,obag@y*************,30165568.333~30200437.012,경기도 ********,13763172.958~13772674.638
한**,05071*********,010-*********,lo@yu***********,96484677.366~96499461.155,전라북도 ***********,14395982.231~14409636.502
주**,61062*********,010-*********,hyejini***************,37085118.919~37105600.454,전라남도 ***********,6129757.636~6138423.082
최**,65010*********,010-*********,bagyeong*****************,26852318.122~26864046.645,대구광역********,3532448.434~3535628.468
김**,53011*********,010-*********,minji*********,42664818.812~42686050.191,울산광역********,133550.084~134674.583
김**,97020*********,010-*********,yuseon**************,15058076.704~15072766.805,전라북도 ***********,2753011.491~2754305.455
전**,04012*********,010-*********,pi@h*********,14387972.037~14415125.392,세종특별자**********,5491522.792~5494679.971
김**,66071*********,010-*********,zyang@***********,44653838.829~44661519.451,광주광역********,659230.098~660087.859
박**,56030*********,010-*********,namseoh****************,72554747.186~72577912.936,경상남도 ***********,1112935.839~1114482.71
윤**,05071*********,010-*********,ibag*******,93473217.832~93487668.468,경상북도 ***********,36538918.58~36552389.119
윤**,10101*********,010-*********,seoyeju***************,33109133.566~33117018.131,전라북도 **********,1968020.18~1970282.359
허**,50012*********,010-*********,bbag@*********,61955881.31~61968040.941,대구광역********,9925295.218~9926608.589
박**,71062*********,010-*********,jeongsug*****************,5570018.924~5598282.367,부산광역********,1268035.576~1272701.828
차**,95091*********,010-*********,oryu@g***********,25788272.481~25805862.922,경상북도 ***********,6939666.0~6944516.449
김**,77031*********,010-*********,jeonghun****************,51206115.888~51225054.94,제주특별자***********,2736421.229~2738533.215
김**,07050*********,010-*********,ogim@j*************,42403649.855~42438983.442,광주광역*********,9612637.36~9618581.038
고**,68020*********,010-*********,namyeong****************,30095278.97~30150410.668,경상북도 ***********,9507699.484~9517154.628
박**,52011*********,010-*********,yeonghwa****************,29195788.833~29224124.887,세종특별자치*************,1653097.916~1654717.762
황**,57030*********,010-*********,seonghye******************,41489257.51~41496531.256,서울특별*********,14388436.472~14395982.231
이**,88101*********,010-*********,yeongil**************,82462058.159~82487261.313,강원도 원**********,8470584.645~8475786.518
김**,51101*********,010-*********,junho41***************,19501069.002~19504176.805,울산광역********,8333431.235~8336873.618
박**,47050*********,010-*********,jeongs***********,57211549.89~57249819.296,전라남도 ***********,2593142.44~2595893.453
안**,47032*********,010-*********,wson*******,52496519.73~52506215.46,충청남도 ***********,8208812.2~8211220.174
김**,90032*********,010-*********,yeong***********,26864046.645~26875235.439,세종특별자치*************,3843082.653~3845711.743
이**,51070*********,010-*********,ibor********,65680421.46~65704977.154,강원도 횡***********,11356603.889~11381254.238
이**,59101*********,010-*********,byeongce****************,32107946.166~32122115.049,대구광역********,12225228.844~12226860.92
장**,52120*********,010-*********,myeongja******************,44637845.217~44653838.829,전라남도 ***********,5216484.368~5217912.187
차**,63082*********,010-*********,cco*******,54681361.174~54700828.908,충청북도 ***********,11316769.149~11319221.985
김**,89121*********,010-*********,jiminyan****************,46744164.694~46762278.005,울산광역********,11535997.644~11547303.831
김**,86032*********,010-*********,xi@n********,59114560.13~59144746.57,인천광역********,12003614.172~12016443.95
김**,77012*********,010-*********,junyeo***********,26243202.002~26256144.488,전라남도********,5239028.665~5240382.428
박**,10081*********,010-*********,gwangs**************,74286378.589~74314379.022,경기도*******,29901653.883~29937215.626
이**,98062*********,010-*********,omin*********,11348344.904~11369175.376,경기도 *******,1376357.531~1376974.089
김**,83031*********,010-*********,tbag@j************,92273757.044~92284275.376,대구광역시**********,15191557.064~15201014.238
이**,84121*********,010-*********,jba*******,8905482.8~8925448.354,대전광역********,4766646.106~4768043.702
김**,12081*********,010-*********,yeongh**************,54721411.926~54741795.263,전라남도********,11319221.985~11328694.405
전**,69020*********,010-*********,myeon***********,83048129.477~83071942.411,인천광역*********,21770938.126~21783398.241
박**,92082*********,010-*********,jihyeo**************,89875077.69~89889736.984,세종특별자**********,6481188.614~6487924.465
최**,04011*********,010-*********,iyeong**************,45338565.762~45355979.994,서울특별시**********,28360686.787~28376972.573
김**,67121*********,010-*********,sseo@***********,27432119.622~27463050.114,대전광역*********,19657255.354~19673716.74
최**,81082*********,010-*********,jinu24**************,53761073.435~53787433.933,충청북도 청**************,9834312.312~9839340.427
남**,77010*********,010-*********,yeongja***************,39930902.016~39948054.747,인천광역시*********,642975.044~644855.489
남**,73040*********,010-*********,ryusangh*****************,86430197.731~86463536.385,광주광역*********,15529829.198~15536550.014
이**,09080*********,010-*********,seohye*************,97164862.475~97203395.227,부산광역시*********,14856179.057~14866649.068
김**,84032*********,010-*********,gimyee*************,74314379.022~74335879.408,세종특별자치*************,18907151.978~18911843.86
류**,91041*********,010-*********,gimyeo***********,90232628.669~90264333.507,경기도 ********,8256972.396~8260172.058
이**,68022*********,010-*********,ison********,27563200.653~27582454.764,경상북도 ***********,7982590.893~7991159.776
김**,77071*********,010-*********,hgim@j*************,85312695.012~85357137.686,경상남도 ***********,36936474.245~36939835.447
김**,97031*********,010-*********,seoyunj**************,25264348.45~25279455.75,광주광역*********,3328015.795~3331405.347
고**,01121*********,010-*********,coehyeonj*******************,4639298.087~4692698.499,강원도 평**********,531817.822~531976.359
최**,92081*********,010-*********,ijeong*************,15657641.632~15685439.486,부산광역*********,3412627.824~3414200.388
김**,60080*********,010-*********,hayun43****************,29071809.156~29089208.342,세종특별자치*************,7970899.105~7973365.875
최**,79051*********,010-*********,hbag@j***********,88385875.72~88389309.432,서울특별*********,41930137.169~41954980.477
전**,97060*********,010-*********,li@******,59249647.455~59267358.835,서울특별*********,12588172.012~12599618.59
안**,60101*********,010-*********,mjan*******,13836583.401~13844316.488,경기도 양**********,1024313.98~1025786.869
박**,79122*********,010-*********,seoji***********,56451682.442~56475977.296,부산광역*********,28939450.747~28960330.577
이**,61042*********,010-*********,vseong************,78032403.115~78049338.454,세종특별자치*************,197325.572~198220.854
이**,46031*********,010-*********,caeweonc*****************,68159101.352~68163492.672,전라북도 ***********,36048064.056~36058932.488
김**,55041*********,010-*********,ogja********,71916343.238~71935522.817,서울특별*********,18163598.502~18168978.687
김**,87032*********,010-*********,songy***********,3747155.624~3751515.951,대구광역********,164856.938~166708.095
김**,14031*********,010-*********,abag@s*************,80209057.409~80258831.026,강원도 양**********,5354933.416~5358467.912
김**,69052*********,010-*********,ogja0**********,13545613.386~13556849.088,서울특별시*********,3229831.64~3231480.066
김**,02120*********,010-*********,coeseon**************,54783613.656~54795763.332,부산광역*********,13203795.661~13207828.992
조**,66091*********,010-*********,xha*******,36744410.883~36760230.445,부산광역*********,8348160.904~8351056.104
이**,68081*********,010-*********,hyeonui**************,24216433.833~24228060.871,경상남도 ***********,5947915.099~5950972.297
윤**,74111*********,010-*********,hyejin**************,45025219.138~45061981.258,경기도 ********,15316365.764~15325884.878
김**,44101*********,010-*********,bagjunye******************,11795899.24~11798554.331,광주광역********,1739139.613~1744191.525
배**,14021*********,010-*********,vbag@y*************,52109239.917~52123163.838,전라남도 **********,6737586.944~6738947.835
이**,59012*********,010-*********,hayun1*************,48720529.6~48731446.036,부산광역*********,5321101.672~5327470.762
김**,85110*********,010-*********,gimjeo************,34478432.014~34498338.0,경상남도********,19864605.089~19882108.322
최**,07042*********,010-*********,jeongn***********,20696584.743~20716379.346,광주광역*********,693267.114~697249.861
강**,74073*********,010-*********,sseo@j************,8630787.914~8665142.381,강원도 영**********,774509.73~775060.609
김**,77041*********,010-*********,misug9***********,14129587.336~14146177.499,광주광역*******,2829465.626~2833825.014
김**,83061*********,010-*********,sunja*********,97924769.256~97971734.19,대구광역********,26700804.477~26713833.184
최**,84040*********,010-*********,junhyeog****************,76703716.321~76716434.715,대구광역********,7811850.812~7816537.899
이**,82102*********,010-*********,gyeongj****************,16779689.752~16825719.468,서울특별*********,4028902.392~4032475.029
이**,96032*********,010-*********,jinu********,14784663.973~14799762.097,울산광역********,1649290.702~1650475.634
송**,47111*********,010-*********,san*******,35838622.53~35860060.162,광주광역********,1588873.025~1590920.944
강**,04080*********,010-*********,bagji*********,12984743.15~13000687.658,세종특별자치*************,1274752.709~1277281.927
김**,92030*********,010-*********,jeongnam****************,84825851.204~84845835.392,인천광역시 ***********,46372819.772~46400417.892
최**,52120*********,010-*********,yeongsu***************,66200317.058~66222834.747,세종특별자치*************,7723489.336~7724534.087
이**,90071*********,010-*********,khong***********,76186003.424~76197478.37,충청남도 ***********,38040634.128~38085556.784
이**,92011*********,010-*********,gimseon***************,55678505.291~55686943.288,광주광역********,4927437.387~4931571.122
홍**,78092*********,010-*********,seohyeo**************,90606951.966~90616738.812,대구광역*********,25308052.121~25323080.157
최**,65082*********,010-*********,yeongsig*****************,72338087.36~72352929.777,울산광역********,14548594.336~14554216.106
김**,53081*********,010-*********,ojang*********,84881363.785~84915686.63,서울특별********,8475786.518~8485258.601
이**,75111*********,010-*********,hjeong***********,17611337.359~17614735.9,충청북도 보***********,3084812.458~3088709.951
김**,51060*********,010-*********,hanjuweo****************,12629942.296~12665679.214,서울특별*********,437050.498~438505.634
장**,85041*********,010-*********,junho97**************,32363048.925~32395322.604,세종특별자치*************,9219365.925~9234478.446
김**,75042*********,010-*********,ygwag**********,79799508.907~79825845.478,경상북도 ***********,3242259.142~3245706.486
백**,09102*********,010-*********,yeongjin****************,50430375.474~50445509.138,전라북도 ***********,2139192.942~2140480.626
홍**,47090*********,010-*********,hson@h************,87828165.108~87848252.932,서울특별********,4626012.945~4628584.613
강**,03020*********,010-*********,hwangjeon******************,38810713.0~38830116.198,경기도 화**********,3576625.606~3579394.25
조**,69051*********,010-*********,jihye***********,83808135.848~83824444.784,제주특별자치*************,27257639.958~27276016.373
홍**,70030*********,010-*********,hhan*******,36551335.039~36556934.518,세종특별자치*************,8172769.497~8178705.56
이**,62101*********,010-*********,boram58***************,57109085.378~57122537.904,전라남도 ***********,3747838.189~3750245.926
고**,56011*********,010-*********,boram**********,85444147.363~85469170.338,전라남도 ***********,28247905.786~28253105.341
이**,60042*********,010-*********,gimhy***********,44193446.902~44208478.494,울산광역********,3635207.006~3639086.342
진**,09102*********,010-*********,gangji***********,51187764.998~51206115.888,세종특별자치*************,14147845.667~14152235.39
신**,01041*********,010-*********,cunjam***********,18547063.583~18556772.627,전라남도 ***********,3201448.858~3205652.629
고**,94090*********,010-*********,dohyeon****************,3596079.458~3620145.472,부산광역*********,1053333.807~1055327.432
박**,92070*********,010-*********,mgim*********,25741596.671~25775905.688,전라북도 ***********,3140323.572~3142260.74
이**,01052*********,010-*********,gimseoj****************,47403063.247~47428697.402,인천광역********,1870371.954~1870845.968
오**,98102*********,010-*********,kseo@***********,7407222.654~7410813.242,충청남도 천*************,466876.746~470001.101
박**,05031*********,010-*********,seoyeon***************,86840476.489~86858975.2,서울특별*********,3709005.656~3714067.914
강**,57012*********,010-*********,miyeon**************,10963466.901~10974163.358,전라북도 ***********,3876035.717~3880644.426
지**,76022*********,010-*********,coejia**************,17731611.643~17737627.104,충청남도 ***********,7937196.048~7941994.244
박**,46051*********,010-*********,minjae************,54253801.576~54276162.474,대구광역시*********,8817534.659~8826170.198
박**,69021*********,010-*********,munye***********,83204627.664~83231272.553,강원도 인*********,22966372.591~23000590.999
이**,81040*********,010-*********,donghyeo******************,84859441.716~84871818.56,강원도 고***********,9088970.811~9097856.059
김**,90122*********,010-*********,hyeonu***********,17755547.509~17771964.942,대구광역시*********,5526648.858~5527316.43
김**,75072*********,010-*********,minjun*************,78606181.4~78614026.482,경상북도 ***********,29669857.277~29673546.663
이**,09050*********,010-*********,jihye17***************,45288954.467~45311391.781,전라남도 ***********,12479296.436~12483740.449
홍**,51081*********,010-*********,immigyeo*****************,75012876.16~75057959.62,전라북도 ***********,48481660.288~48548520.068
서**,97060*********,010-*********,suminb*************,58475197.422~58498101.436,경상북도 포*************,10147171.046~10149682.777
장**,64092*********,010-*********,jongsu**************,9749749.652~9751943.919,경기도 용인*************,2501027.051~2502911.428
박**,80080*********,010-*********,kgwe*********,24648023.551~24698974.712,대구광역시 ***********,4576319.382~4580582.345
임**,13092*********,010-*********,jangjim**************,46700726.359~46728498.33,충청북도 ***********,23149302.43~23165306.942
류**,62091*********,010-*********,gimsun**************,76407025.495~76424398.45,전라남도 ***********,9770782.66~9774795.391
배**,68040*********,010-*********,ihyeon***********,95876972.275~95880314.282,제주특별자치**************,10472876.085~10475081.34
백**,93070*********,010-*********,gyeongs**************,22693446.203~22722454.245,경기도 ********,1448701.891~1450019.502
장**,00012*********,010-*********,jongsu*************,54595595.145~54619122.184,대전광역*********,6890003.848~6890791.206
성**,78032*********,010-*********,ao@*****,15176732.786~15212702.4,세종특별자치*************,8023089.406~8029399.574
김**,14071*********,010-*********,vyun*******,9206516.193~9241087.58,세종특별자치*************,638916.618~641771.319
구**,72073*********,010-*********,areum47@****************,11984096.731~12010766.074,부산광역*********,4880926.986~4884518.729
조**,09100*********,010-*********,seongm***********,88820009.756~88837395.686,제주특별자치*************,36436654.578~36460896.645
권**,53051*********,010-*********,eunju5**************,63341759.428~63349327.807,경상남도 ***********,535703.65~537080.016
이**,56031*********,010-*********,si@*****,40124460.226~40144372.63,인천광역시*********,2765407.208~2767190.283
박**,92100*********,010-*********,gimmye************,80605106.939~80611681.336,충청북도 청**************,12725978.144~12740171.144
이**,06081*********,010-*********,imisu*********,83270220.552~83300421.88,충청남도 천**************,7823226.69~7836563.836
이**,72072*********,010-*********,doyung**************,73082400.894~73087328.794,강원도*******,3776321.424~3781648.677
송**,79102*********,010-*********,gimmi***********,46246827.467~46265106.782,세종특별자치*************,22282098.51~22289507.841
이**,92070*********,010-*********,songj**********,4621368.322~4628300.308,대구광역시 ***********,756978.04~759541.404
나**,98010*********,010-*********,junhoi***********,11801253.737~11827171.8,인천광역*********,664907.58~666665.667
조**,06103*********,010-*********,ogim@g*************,26367203.584~26369391.28,인천광역시*********,164856.938~166708.095
이**,83072*********,010-*********,jihuh*********,43912477.743~43928780.853,대구광역*********,24787230.981~24811007.962
권**,46090*********,010-*********,yunseungh******************,89710121.42~89745827.966,울산광역시 ***********,17705821.126~17714878.293
김**,06032*********,010-*********,ijeongs****************,2106728.314~2122569.138,부산광역시*********,361147.432~366758.968
김**,47120*********,010-*********,junhyeog*****************,55279506.011~55292412.972,광주광역********,6808048.513~6818783.042
문**,90071*********,010-*********,myeongs***************,31488418.054~31514359.768,강원도 *******,10383090.795~10386064.29
김**,14111*********,010-*********,bbag@***********,89965955.235~89987915.937,충청북도 ***********,18619055.406~18640155.027
이**,75123*********,010-*********,namju***********,26523222.151~26538830.41,전라북도 ***********,4498371.946~4501715.089
김**,97012*********,010-*********,seungmi***************,43367915.967~43381668.992,충청남도 ***********,24865654.938~24886414.318
한**,97051*********,010-*********,seoyuni***************,84201239.592~84232677.77,인천광역*********,10453989.076~10457883.748
최**,60022*********,010-*********,bheo@g***********,14318587.354~14352528.862,인천광역시 ***********,549144.252~549460.733
김**,78083*********,010-*********,gangsumi******************,21382951.984~21391932.03,제주특별자***********,2221983.756~2224451.558
김**,65121*********,010-*********,haeun*********,33946369.41~33960199.851,대구광역********,13910205.192~13925266.554
이**,65091*********,010-*********,jeong***********,63626638.891~63640227.44,강원도 양***********,13067095.82~13072986.053
김**,81020*********,010-*********,jeongn**************,28610026.626~28626478.173,대전광역*********,218915.7~219739.321
박**,77070*********,010-*********,jinho2**************,99608995.562~99639326.228,제주특별자***********,48701846.045~48809617.208
최**,05061*********,010-*********,ogjag*********,77111298.549~77154560.736,대구광역시*********,3834531.441~3836041.074
이**,86012*********,010-*********,minsug*************,62913100.594~62933233.328,경기도 양**********,17307524.864~17317629.83
강**,75042*********,010-*********,sanghyeo****************,71861179.257~71869428.826,충청남도 ***********,41127705.702~41194195.48
윤**,75050*********,010-*********,ihaeun************,80553419.377~80567458.066,세종특별자치*************,9146681.635~9159586.875
김**,10101*********,010-*********,seunghyeo******************,59241728.912~59249647.455,전라남도 ***********,7794713.185~7804472.635
김**,12052*********,010-*********,sanghung******************,82171108.373~82233395.882,충청북도 ***********,55189970.879~55303086.438
이**,64030*********,010-*********,yo@*******,16438822.628~16461258.259,전라남도 ***********,2235213.384~2238387.359
윤**,76080*********,010-*********,ominjun**************,74148452.904~74186532.961,부산광역*********,6058598.392~6072813.171
박**,95032*********,010-*********,jeongnam******************,23558389.588~23577421.595,대구광역시***********,2664505.07~2668875.69
서**,74081*********,010-*********,minsus**************,93540432.178~93558760.058,서울특별*********,18803704.9~18838040.875
최**,89021*********,010-*********,qgi*******,47696682.51~47723080.516,강원도 춘*********,7518250.096~7520044.668
최**,67072*********,010-*********,jeonghyih*******************,26442400.297~26470718.473,전라북도 ***********,4091537.739~4099967.44
진**,54080*********,010-*********,mgim@*********,9241087.58~9247018.199,제주특별자치**************,5562249.325~5569321.381
박**,67042*********,010-*********,qi@jus***********,70580952.763~70620117.174,울산광역********,4178636.882~4181133.67
최**,49031*********,010-*********,ijeongh****************,19694200.992~19711036.385,경상북도********,9015134.49~9019976.478
이**,02082*********,010-*********,jia35@**************,94462972.955~94466139.08,충청남도 ***********,8598473.256~8609397.113
서**,13080*********,010-*********,jeong***********,15156135.21~15176732.786,대구광역시***********,4731632.005~4736739.438
구**,64072*********,010-*********,pcoe@j*************,77154560.736~77167894.533,울산광역********,9832605.912~9834312.312
서**,73060*********,010-*********,jiu2*******,35218305.181~35250276.382,광주광역********,1073769.636~1074694.443
박**,48090*********,010-*********,ogjai@***********,9487409.792~9493188.832,전라남도 ***********,2164219.859~2164919.052
김**,70021*********,010-*********,gimhyeo**************,77513545.831~77535650.44,대구광역********,35894606.294~35921403.882
최**,70032*********,010-*********,yejimun@****************,17563636.81~17573743.291,경상남도 ***********,1408925.238~1409433.04
허**,03061*********,010-*********,yunseo**************,12829684.278~12838219.022,광주광역********,2035282.008~2036519.032
김**,52111*********,010-*********,eo@jan***********,9347900.835~9353000.572,강원도 인*********,908615.277~910480.036
이**,86061*********,010-*********,jeongho**************,36556934.518~36602158.079,대전광역*********,7031123.684~7036415.492
김**,86070*********,010-*********,pgwag*********,3954992.776~4002336.285,대전광역********,864162.614~865735.488
김**,11041*********,010-*********,igim@j************,85041261.138~85048716.85,울산광역********,53512024.388~53575237.979
김**,75092*********,010-*********,xi@j*********,86175246.946~86183098.195,전라남도 ***********,4077202.966~4082174.649
권**,66122*********,010-*********,junhye**************,42872896.429~42879016.429,세종특별자치*************,2926900.882~2927716.268
김**,55071*********,010-*********,sonyeo*************,77458439.201~77461041.455,부산광역시**********,7792846.852~7794713.185
유**,54082*********,010-*********,yeongm**************,95031996.528~95050500.162,대구광역********,38202385.494~38316566.888
박**,00061*********,010-*********,misuggi****************,83891580.26~83912219.564,충청북도 ***********,3067822.464~3076649.376
박**,85082*********,010-*********,minjuno**************,92889581.95~92892589.72,경상남도 ***********,25260486.342~25270499.756
김**,10021*********,010-*********,myeongja*****************,32924036.389~32948466.286,대전광역********,8430917.38~8437613.815
이**,52062*********,010-*********,hyeons*************,47213644.313~47218848.574,경상북도 ***********,7575608.036~7579803.722
남**,82011*********,010-*********,hyeonj**************,81304451.837~81321305.856,부산광역*********,4516160.758~4519008.037
김**,45112*********,010-*********,coesiu@**************,30496266.155~30514117.595,경상남도 ***********,1490375.925~1494663.587
김**,50050*********,010-*********,yeonghyi*****************,67298589.168~67300102.822,울산광역*******,9355420.736~9358124.514
서**,72081*********,010-*********,myeongsug******************,94040762.276~94047154.45,전라북도 ***********,12335779.826~12344201.902
김**,80060*********,010-*********,hyeonu1****************,19885515.653~19936362.302,인천광역*********,4108930.535~4110586.107
김**,98040*********,010-*********,sujinb***********,91074864.368~91092779.734,대구광역********,8391332.251~8392974.688
한**,86052*********,010-*********,yeongj************,53842034.37~53854625.363,전라남도 **********,10504797.89~10510188.395
박**,75041*********,010-*********,simogsu****************,36626301.278~36688370.439,강원도 양*********,419562.2~421677.243
김**,66082*********,010-*********,gangseun*****************,98316900.543~98350535.373,경기도 수*********,1835316.387~1836753.528
홍**,81061*********,010-*********,gimseony******************,51631499.928~51641414.058,경상남도 ***********,13274561.69~13285135.41
이**,88091*********,010-*********,seoyun*************,19846494.46~19857627.621,제주특별자***********,1884895.979~1889430.45
한**,92082*********,010-*********,sunja4**************,43564695.472~43581582.518,대전광역********,6349604.2~6353945.78
김**,74010*********,010-*********,baghye***********,64754287.068~64773003.308,경상북도 **********,24706912.355~24740158.754
홍**,46010*********,010-*********,byeongce******************,9341022.76~9347900.835,울산광역시 ***********,1768451.372~1773273.026
손**,65022*********,010-*********,misug2************,28012488.574~28047099.343,인천광역********,6692978.837~6697266.399
김**,79031*********,010-*********,seoye***********,75368844.026~75389508.469,울산광역********,489566.936~490557.608
윤**,46080*********,010-*********,sunog*********,31978695.562~31987467.178,부산광역*********,9386083.117~9390791.723
최**,93081*********,010-*********,jihun*********,45193884.709~45216372.018,전라남도 ***********,3739657.096~3740582.49
손**,88060*********,010-*********,byeongce******************,68475399.379~68504011.734,전라남도 ***********,40167990.877~40285698.697
김**,55062*********,010-*********,coemije**************,26893733.523~26909978.08,경상북도 ***********,1499708.891~1501652.897
김**,72051*********,010-*********,hayun*********,31454938.087~31471632.964,부산광역*********,1463685.758~1467763.9
남**,80071*********,010-*********,gimjaeh****************,8336687.928~8365220.436,경상남도 ***********,4128583.389~4130741.392
차**,90122*********,010-*********,misug4************,90590969.021~90606951.966,울산광역시 ***********,28394130.922~28425037.65
장**,51022*********,010-*********,minji1***********,6715952.586~6724619.754,세종특별자치*************,263944.362~264732.163
박**,58071*********,010-*********,junseoba****************,31383785.69~31411413.989,인천광역********,11189288.904~11200949.876
김**,91083*********,010-*********,fi@yuh***********,80459506.79~80476173.178,세종특별자치*************,13297289.096~13298874.405
이**,87021*********,010-*********,miyeong**************,33313445.538~33337861.428,서울특별*********,102958.332~104967.113
김**,80032*********,010-*********,mi@yu***********,29429976.294~29454456.596,충청북도 청**************,2240255.247~2242661.16
손**,68033*********,010-*********,ebag*******,55012712.514~55037855.7,울산광역********,24179872.502~24202677.03
김**,92120*********,010-*********,simj********,28510637.236~28533071.889,충청남도 ***********,11230400.892~11235484.351
박**,73021*********,010-*********,gimjeong****************,44117385.955~44131526.827,경기도 이**********,2054707.417~2055808.374
한**,14020*********,010-*********,hayungim****************,57961722.033~57973024.221,부산광역*********,8860526.946~8864273.693
윤**,80070*********,010-*********,gimjong**************,72516205.093~72527917.256,부산광역*********,19460626.985~19499330.841
고**,74092*********,010-*********,anhaeun****************,37329819.409~37358061.777,인천광역시*********,12831393.329~12836992.581
백**,80032*********,010-*********,sumin05***************,10000150.282~10037566.184,경상남도 ***********,1426444.618~1428663.397
김**,93050*********,010-*********,egim@y*************,80662803.458~80678123.216,광주광역********,490557.608~491280.083
이**,75110*********,010-*********,iseoyeo**************,63425163.233~63461451.04,광주광역********,2313107.654~2314957.698
김**,49031*********,010-*********,ngwag***********,47299734.766~47320881.554,전라남도 ***********,734569.479~736019.306
노**,60121*********,010-*********,yeongsu**************,44597666.505~44608678.589,강원도 원**********,9664658.455~9670146.09
곽**,84122*********,010-*********,anhyeonj****************,92008079.862~92023052.373,광주광역********,14044592.864~14052176.0
최**,49041*********,010-*********,songye*************,9978550.777~9994303.808,울산광역********,1331198.539~1332628.464
최**,76112*********,010-*********,jiweon**************,12345520.255~12363495.024,경상북도 청***********,948656.242~949794.278
권**,49072*********,010-*********,vi@i*********,65952117.786~65973987.461,세종특별자**********,20454536.052~20478078.272
박**,50041*********,010-*********,ibag@*********,81688992.084~81712546.396,인천광역시***********,40069949.71~40128016.562
이**,85112*********,010-*********,bagyeong****************,42485475.334~42495119.43,경상북도 ***********,7074285.322~7078527.103
이**,91070*********,010-*********,hwanggye****************,71997663.094~72031508.742,전라북도 ***********,7090639.746~7092303.92
강**,70040*********,010-*********,gyeongs***************,30472993.288~30487918.054,서울특별*********,7073474.494~7074285.322
박**,98091*********,010-*********,wgim@**********,10497697.454~10509701.472,울산광역*******,2700539.75~2702033.831
김**,12083*********,010-*********,zcoe@***********,36084615.819~36101599.91,제주특별자***********,5698536.965~5705050.989
박**,80071*********,010-*********,ggim*******,47451367.984~47470400.029,충청북도 ***********,15723372.426~15731985.024
윤**,14032*********,010-*********,yeweon7****************,72516205.093~72527917.256,경상남도 **********,4641004.028~4646240.599
이**,11020*********,010-*********,junyeong*****************,27120936.89~27135239.185,전라북도 ***********,2552310.669~2553832.967
김**,01092*********,010-*********,useon***********,38241955.607~38260176.339,제주특별자***********,17895644.68~17914807.646
나**,02112*********,010-*********,gangcun***************,44105924.976~44117385.955,대전광역********,1993213.133~1996333.837
이**,66111*********,010-*********,minse***********,24628604.314~24641888.846,대전광역********,14312907.712~14318241.941
김**,78031*********,010-*********,gimyu**********,62057544.997~62080575.506,세종특별자치*************,46056101.57~46131051.625
노**,85122*********,010-*********,haeunry**************,3081695.782~3090244.656,제주특별자치*************,110487.204~110887.324
양**,59040*********,010-*********,gbag*******,63626638.891~63640227.44,제주특별자치**************,247426.13~247681.554
황**,76041*********,010-*********,baegseon******************,71369573.633~71390518.008,경상북도 ***********,14866649.068~14878869.029
박**,80040*********,010-*********,sunja08**************,65912721.221~65932961.469,인천광역시*********,4832470.623~4836557.853
김**,68011*********,010-*********,sanghye**************,44080150.091~44105924.976,전라남도 **********,8611819.28~8616357.447
이**,66010*********,010-*********,djo@********,15760674.58~15773913.578,대구광역********,3214777.993~3218779.092
전**,93100*********,010-*********,caeweo*************,84280264.618~84319202.741,충청북도********,18488562.671~18507464.01
최**,86080*********,010-*********,ni@******,72908565.755~72948941.427,경상남도 창원***************,2512966.934~2517701.136
이**,95090*********,010-*********,gimseo**************,20863841.013~20883225.809,광주광역********,4701056.386~4704329.751
양**,70021*********,010-*********,seoyeonj******************,14318587.354~14352528.862,전라남도 **********,207274.432~209503.258
이**,72060*********,010-*********,ri@b*********,55112751.419~55123727.474,강원도 평**********,5811900.538~5819500.672
차**,11100*********,010-*********,anareu*************,92233274.537~92247974.546,제주특별자치*************,18151984.497~18163598.502
김**,82070*********,010-*********,jihyeon****************,49482181.742~49498113.888,광주광역*********,2132182.65~2134119.905
조**,54042*********,010-*********,jeongsug****************,49388974.359~49402264.388,대구광역*********,2661274.026~2662964.041
권**,02080*********,010-*********,tjo******,7974177.722~7992153.177,대구광역********,702561.591~703712.483
이**,68022*********,010-*********,osangc*************,29388066.932~29409211.736,경상남도 ***********,2672041.496~2673525.083
윤**,96011*********,010-*********,ci@i*********,12838219.022~12842893.703,대구광역********,1089919.086~1091581.878
손**,51022*********,010-*********,wgim********,21831603.38~21864133.427,서울특별*********,5618347.621~5623911.282
고**,59080*********,010-*********,eunjiha***************,86923454.192~86930797.343,서울특별시**********,5933550.554~5935703.08
김**,60071*********,010-*********,jeongh***********,88216541.614~88225171.883,강원도 *******,11477355.723~11479064.94
김**,09062*********,010-*********,sangceo**************,92598150.059~92642943.87,광주광역********,10777263.657~10786974.011
이**,08071*********,010-*********,yunseo*************,18253968.81~18259078.478,충청북도 ***********,5111305.204~5113271.561
김**,06051*********,010-*********,gimdohy**************,76044806.81~76061729.385,경상북도 **********,13803716.57~13805837.848
안**,01031*********,010-*********,zseo@y*************,21215641.424~21231618.578,대구광역*********,4171584.667~4173496.611
박**,66082*********,010-*********,junseo**************,2707753.268~2781280.165,대구광역********,591988.56~593816.08
박**,09042*********,010-*********,junhye**************,6842975.888~6845770.27,전라남도********,1234290.625~1237685.131
김**,72091*********,010-*********,jeongs************,46195579.84~46218364.413,인천광역*********,728727.058~729372.628
박**,84112*********,010-*********,gimogj***********,24115918.51~24133688.72,전라북도 ***********,314661.751~315649.365
강**,51041*********,010-*********,yeeuni@**************,29261720.618~29273219.292,부산광역*********,813415.128~814154.397
하**,49053*********,010-*********,ijeong************,87138210.579~87157048.757,경상남도********,49875257.672~49903912.618
강**,49103*********,010-*********,isang**********,60896048.222~60909508.929,강원도 홍*********,20374606.482~20394935.06
박**,87040*********,010-*********,rgim@j*************,89096486.026~89102826.386,제주특별자***********,27111797.052~27130876.93
이**,92061*********,010-*********,iseoyeo****************,43298192.161~43333497.696,인천광역********,23760851.034~23775347.229
김**,45021*********,010-*********,uhon*********,93487668.468~93507831.81,전라남도 ***********,3915095.134~3921745.335
김**,47032*********,010-*********,junseo5****************,5598282.367~5654062.557,제주특별자치**************,445601.976~449608.57
이**,00082*********,010-*********,ogjaso*************,86345314.226~86353076.624,충청남도 ***********,9462315.3~9478337.912
박**,78033*********,010-*********,eungyeon******************,73280021.178~73300123.562,경상남도 창원***************,16319147.213~16322805.346
배**,06070*********,010-*********,ci@******,86408723.584~86430197.731,경상북도 포*************,2815113.511~2817184.468
손**,62121*********,010-*********,myeongsug******************,63568785.047~63588827.366,강원도 평**********,20432169.008~20454536.052
양**,89100*********,010-*********,isanghy**************,67595000.408~67610586.98,전라남도 ***********,2488017.934~2491077.297
이**,55010*********,010-*********,li@yuh***********,58931667.518~58952066.974,전라북도 ***********,1762897.929~1768037.4
나**,76092*********,010-*********,seungmin*****************,99185687.333~99212157.029,광주광역********,23149302.43~23165306.942
하**,09120*********,010-*********,sumin*********,62637538.891~62662131.636,부산광역시**********,19277679.587~19295839.61
엄**,99100*********,010-*********,bagjun************,70740700.694~70774055.592,울산광역시***********,17753008.512~17762945.252
이**,70122*********,010-*********,gimsu***********,7424023.228~7447360.692,대전광역*******,667316.014~669084.391
노**,94112*********,010-*********,eungye************,9514777.215~9558147.058,대전광역********,1109872.819~1111499.841
이**,52112*********,010-*********,sonhyeo**************,21548980.581~21558988.572,충청북도 ***********,525954.141~526682.591
강**,08100*********,010-*********,sonjihu****************,93690662.336~93696636.89,서울특별시*********,9798194.783~9801658.674
엄**,68052*********,010-*********,ogja19***********,8547492.813~8560921.94,광주광역*********,1375197.25~1376357.531
하**,63061*********,010-*********,gimjaehy******************,54097760.148~54122423.047,세종특별자치*************,17925596.476~17942301.372
이**,89030*********,010-*********,jinu90*************,91763350.356~91770139.024,대전광역*********,15966856.466~15980050.37
이**,56071*********,010-*********,yeonghw****************,91770139.024~91788275.359,경기도 여**********,23112684.709~23129473.407
이**,72032*********,010-*********,bi@gi**********,8582960.817~8609615.021,광주광역********,4046676.178~4051362.872
김**,59080*********,010-*********,yeongh***********,39773112.786~39780598.343,강원도 *******,7224456.064~7231025.096
강**,06083*********,010-*********,jeongsu****************,61320480.114~61346368.707,세종특별자치*************,23491459.422~23508869.824
안**,02011*********,010-*********,josan**********,5711124.74~5729217.648,전라북도 ***********,3401565.19~3404003.971
김**,60100*********,010-*********,jungsu*************,88343390.36~88355264.732,울산광역********,38938187.7~38989548.693
이**,72012*********,010-*********,coeseo***********,76999691.937~77032467.272,부산광역시*********,11413412.614~11424940.352
박**,92092*********,010-*********,kcoe@*********,26271524.895~26279755.842,대구광역시***********,1662567.764~1666485.347
김**,04112*********,010-*********,bgang@************,41479341.536~41489257.51,대구광역********,2495723.827~2496982.53
이**,75082*********,010-*********,hayungi****************,70562650.54~70580952.763,광주광역*********,41974610.564~42065139.427
이**,94082*********,010-*********,lgim@*********,51078075.451~51086129.992,경상남도 ***********,10915583.258~10923594.052
이**,62010*********,010-*********,bagseon***************,44830106.687~44845729.841,경기도 수**********,28660545.673~28676536.492
강**,72010*********,010-*********,jiugim@**************,17635643.175~17668667.472,광주광역********,486237.6~487651.047
민**,86080*********,010-*********,pi@b*********,96174168.106~96193795.442,충청북도 ***********,15491970.547~15505103.583
이**,79062*********,010-*********,areu*********,11469024.456~11514515.097,세종특별자치*************,2224451.558~2225744.241
김**,79062*********,010-*********,hyejin4****************,26256144.488~26271524.895,전라북도 ***********,4311056.023~4316543.813
김**,90092*********,010-*********,jgweon**************,86748218.417~86766717.589,전라남도 ***********,3650967.975~3660932.075
김**,63110*********,010-*********,sanghung****************,17967849.232~18003115.476,경상남도 ***********,1208405.878~1210761.522
양**,71082*********,010-*********,miyeon*************,17737627.104~17755547.509,경기도 용**********,814154.397~814598.918
이**,04030*********,010-*********,bagseon***************,95791145.72~95812012.143,경상남도 ***********,12314415.749~12333406.316
이**,53080*********,010-*********,haeun*********,14192486.939~14210850.612,세종특별자치*************,421677.243~422450.831
오**,58042*********,010-*********,jihun03***************,32325607.799~32349368.994,강원도 횡**********,3484290.229~3490714.045
김**,70081*********,010-*********,jeongho****************,48841251.77~48854231.077,제주특별자**********,6914713.365~6920585.516
이**,82020*********,010-*********,seoyeon***************,80290440.335~80309146.876,경상북도 ***********,9064392.748~9067406.479
박**,82021*********,010-*********,sanghu*************,89602897.654~89618832.522,경상북도 ***********,12827923.251~12831393.329
이**,13051*********,010-*********,gimyeo**************,60333187.684~60354157.642,대전광역********,8278535.896~8278810.388
전**,12032*********,010-*********,yunseos****************,41841466.731~41864126.408,강원도 *******,5751453.733~5754416.304
김**,76032*********,010-*********,agim@**********,57592521.646~57617745.152,전라남도 ***********,7479513.696~7485906.996
성**,13061*********,010-*********,sunog***********,53016922.892~53038012.342,경기도 *******,9739631.71~9741484.056
양**,90021*********,010-*********,gyeongsu*****************,57426855.395~57432702.9,부산광역********,9675376.592~9687795.93
고**,12050*********,010-*********,minhyeo***************,12139590.336~12148403.572,광주광역*********,1481669.13~1486032.052
민**,06071*********,010-*********,seoyeon***************,43261605.194~43288336.964,제주특별자치*************,281215.762~285205.198
권**,59061*********,010-*********,eunji*********,74238555.945~74265882.293,인천광역********,29327592.792~29347049.629
권**,60090*********,010-*********,jcoe@j*************,31702918.256~31747568.459,인천광역시 ***********,9884075.642~9887407.691
이**,01020*********,010-*********,gimmyeo***************,91106732.854~91138316.256,경상남도 ***********,27969181.144~28015162.89
최**,47091*********,010-*********,misugi***********,32748459.152~32754276.84,대구광역********,3934104.356~3938382.88
강**,04112*********,010-*********,jihyehw**************,4185426.166~4191462.112,부산광역*********,1639073.698~1641523.452
이**,80072*********,010-*********,gimmiyeo*****************,44398842.919~44414284.484,울산광역*******,10296804.363~10300629.095
홍**,65081*********,010-*********,ijeongs***************,57961722.033~57973024.221,제주특별자치*************,19077499.276~19087089.765
황**,77110*********,010-*********,gyeong***********,56111359.327~56125700.765,제주특별자치*************,11004366.279~11015845.505
이**,93012*********,010-*********,sujinco****************,78787299.795~78805068.704,전라남도********,4746897.821~4751774.535
이**,80040*********,010-*********,gimeuny**************,56026767.571~56040032.266,부산광역********,14383579.604~14388436.472
최**,80091*********,010-*********,ogang***********,69170262.068~69191614.469,강원도 춘**********,19694916.791~19711564.066
이**,08072*********,010-*********,rjo@********,42266775.757~42287139.848,울산광역시 ***********,14476618.8~14478644.457
김**,61060*********,010-*********,seongm*************,98793368.898~98811599.92,강원도 횡**********,15925799.706~15936830.716
최**,78071*********,010-*********,migyeong*****************,10318322.208~10341395.368,전라남도 ***********,3826769.317~3829383.485
김**,99012*********,010-*********,jinu*********,42065998.453~42114371.195,광주광역********,4739940.455~4742573.506
박**,86071*********,010-*********,hyeons***********,33094229.109~33109133.566,경기도 평**********,9583578.609~9586775.498
전**,01032*********,010-*********,ssin@*********,54979728.268~54986311.259,광주광역********,12358091.541~12363657.831
나**,64070*********,010-*********,di@b*********,9241087.58~9247018.199,경기도 *******,1726110.606~1728997.576
이**,72050*********,010-*********,sugjai@***************,23480911.425~23518650.664,경상남도 **********,9285148.618~9293000.595
이**,06052*********,010-*********,sgim@***********,45926172.242~45960737.862,부산광역*********,16212250.896~16216180.173
박**,03011*********,010-*********,sjo*******,78614026.482~78635378.93,세종특별자치*************,19737256.48~19742987.474
이**,52112*********,010-*********,cunja61**************,80309146.876~80319517.918,제주특별자치**************,8386010.878~8391332.251
황**,56072*********,010-*********,mijeon**************,54224450.374~54253801.576,제주특별자치*************,7078527.103~7081439.25
이**,44093*********,010-*********,shwang************,59406079.649~59416329.708,강원도 정**********,8199834.378~8201166.809
김**,98031*********,010-*********,gimjiu@**************,75665141.162~75680839.418,서울특별*********,14449962.962~14457292.329
진**,50110*********,010-*********,seongsu***************,18813570.526~18841047.541,서울특별*********,2050581.982~2053147.09
박**,44100*********,010-*********,ygim@g************,35515642.965~35521570.018,제주특별자**********,6948001.504~6954730.902
이**,55050*********,010-*********,yo@*****,94256748.557~94260945.334,서울특별*********,11287875.607~11290847.0
김**,60111*********,010-*********,yeweon1****************,40656596.978~40660611.955,경기도 수**********,14082247.805~14087954.254
류**,13102*********,010-*********,gyeongja******************,86114066.019~86123334.312,경상북도 ***********,39366325.75~39400453.083
이**,77112*********,010-*********,eunjuj************,8940363.9~8946421.248,광주광역********,5133626.25~5141318.04
박**,53020*********,010-*********,igo@********,77295931.962~77312145.242,광주광역********,24099253.667~24122240.226
김**,90070*********,010-*********,sunj*********,58442292.661~58465610.149,경상북도 ***********,7341747.971~7347511.801
권**,87070*********,010-*********,pgim@g*************,60058020.253~60067081.008,경상북도 ***********,8516898.676~8533032.214
김**,06011*********,010-*********,mijeon***********,35364687.446~35377329.39,경기도 수*********,4253401.565~4258588.713
이**,67061*********,010-*********,minjae************,57641854.147~57651844.603,광주광역********,25600446.808~25626498.422
박**,93081*********,010-*********,yeeun18**************,34478432.014~34498338.0,부산광역*********,2989002.383~2990393.316
박**,44111*********,010-*********,jeongu************,60008496.494~60028208.206,대전광역*********,1455550.698~1456447.711
김**,72083*********,010-*********,gimse***********,28626478.173~28650828.27,울산광역시 ***********,20645175.037~20652659.589
김**,61051*********,010-*********,caeweo***********,75389508.469~75410764.976,대전광역********,27062420.354~27093738.643
김**,88061*********,010-*********,iseojun***************,37534308.365~37543088.946,경상북도 ***********,7966958.082~7970899.105
김**,13041*********,010-*********,gi@*****,13228475.877~13250329.333,제주특별자***********,2098356.419~2100156.466
이**,81110*********,010-*********,jeongu**************,18168301.841~18186948.269,부산광역********,6624663.886~6631377.082
이**,76100*********,010-*********,gjang**********,18351845.243~18356027.952,경상북도 ***********,395413.811~396666.514
김**,90062*********,010-*********,misug4************,69021672.465~69072705.234,광주광역********,10627926.511~10633033.003
장**,03011*********,010-*********,cunja**********,70134782.439~70167260.317,제주특별자치**************,31177681.981~31214685.14
이**,81111*********,010-*********,sugja*********,30319304.908~30349132.917,인천광역*********,6038458.017~6043007.82
김**,91032*********,010-*********,miyeong**************,71046131.247~71061808.291,경상남도 ***********,8625612.99~8632769.423
김**,59030*********,010-*********,seongh************,48555768.502~48570819.677,대구광역시*********,4816625.841~4821025.801
서**,88030*********,010-*********,kcoe@j*************,34893851.96~34904413.614,부산광역********,11989611.973~12003614.172
박**,75110*********,010-*********,seongmi**************,89060192.057~89069240.65,전라남도 ***********,11068009.343~11074507.417
백**,84031*********,010-*********,pjeo*********,76332476.302~76335344.566,광주광역********,39150590.918~39188388.515
오**,46071*********,010-*********,bo@r*******,46534304.998~46541456.532,광주광역시*********,3845711.743~3847262.368
김**,79021*********,010-*********,seoye***********,8506016.92~8511726.0,경상북도 ***********,2098356.419~2100156.466
이**,98042*********,010-*********,seong**********,75761309.508~75789152.139,광주광역********,10417256.398~10421919.794
김**,46051*********,010-*********,sunja90***************,88547027.732~88572437.744,전라남도 ***********,9358124.514~9364560.664
이**,67071*********,010-*********,fgim@*********,92708738.173~92721973.448,대전광역*********,20335305.326~20337876.743
최**,71042*********,010-*********,sanghyeo*****************,92518937.568~92529334.272,충청남도 ***********,7092303.92~7093119.621
이**,00080*********,010-*********,yunsang***************,45445211.146~45471957.369,경상북도 ***********,1799871.603~1800864.71
장**,86032*********,010-*********,jiu36@*************,29816606.352~29819677.674,전라북도 ***********,591988.56~593816.08
김**,05072*********,010-*********,gimyeo***********,27009959.028~27017162.131,강원도 *******,11620569.637~11627412.756
조**,02112*********,010-*********,dbag*********,77781622.26~77809356.485,제주특별자치*************,14723378.557~14726243.987
김**,76031*********,010-*********,rgim*******,68163492.672~68170554.904,전라북도 ***********,224741.456~225195.035
김**,07061*********,010-*********,ijeongsi****************,38260176.339~38282680.384,대전광역********,15426136.571~15431900.46
이**,45013*********,010-*********,fhon*******,53301797.033~53329644.902,울산광역시 ***********,30501576.274~30506910.437
최**,96081*********,010-*********,seoyu***********,56600797.536~56627693.014,충청북도 청**************,17725478.568~17737391.56
한**,73120*********,010-*********,bagyeongc******************,27877055.554~27893413.267,강원도 양**********,2841793.459~2844878.862
김**,53101*********,010-*********,ijihu@***********,15451579.788~15477940.021,제주특별자**********,1066482.211~1068355.109
김**,83090*********,010-*********,lgim@b*************,64400609.472~64421862.066,부산광역*********,2850108.194~2851353.146
홍**,84090*********,010-*********,jeongh**************,29819677.674~29826564.689,강원도 삼**********,17530341.242~17550763.566
이**,64031*********,010-*********,gimseon****************,82655004.274~82660127.179,대전광역*******,9565990.024~9571201.628
권**,72033*********,010-*********,jeongjahw******************,22393503.499~22437239.386,경상북도 ***********,6888032.324~6888903.161
박**,53031*********,010-*********,jeongsi***************,29691209.81~29708030.88,인천광역시*********,11657602.226~11665317.789
김**,71111*********,010-*********,gosumi*************,51417454.205~51427001.616,대전광역*********,10539515.395~10553967.365
진**,93121*********,010-*********,guji*********,74829218.843~74858718.148,부산광역시*********,20494835.783~20506038.301
고**,81030*********,010-*********,yejinjeo*****************,10282366.204~10295879.376,대구광역*********,2788457.029~2790559.362
하**,67012*********,010-*********,yejun3**************,75260307.395~75282214.762,대전광역*********,13366127.424~13374853.867
김**,45122*********,010-*********,borammi****************,92684364.435~92708738.173,서울특별*********,21073811.656~21081712.978
홍**,68072*********,010-*********,sangce************,9371395.266~9395504.438,충청남도 ***********,1177999.886~1178729.319
허**,47110*********,010-*********,jeongn************,88814433.235~88820009.756,대전광역*********,36802911.875~36834641.772
박**,98042*********,010-*********,yeongm*************,53340527.962~53358628.084,제주특별자치*************,12780578.421~12788922.276
김**,89030*********,010-*********,myun*******,34257994.58~34264382.549,전라북도 ***********,9607097.864~9612637.36
류**,09061*********,010-*********,dohyeo**************,12406314.626~12441340.663,인천광역********,911861.214~913721.395
정**,57012*********,010-*********,migyeo*************,47443645.079~47451367.984,경기도 양*********,158694.764~160800.714
이**,67111*********,010-*********,sunja*********,12075251.176~12081825.132,대전광역*********,1220656.4~1221657.038
이**,95050*********,010-*********,ison@j************,4281818.469~4350418.234,경상남도 ***********,1083364.617~1086169.421
성**,09121*********,010-*********,hyeonj**************,57629960.278~57641854.147,인천광역*********,1990559.402~1993213.133
김**,70032*********,010-*********,si@yuh***********,69304442.709~69332846.299,강원도 화**********,18911843.86~18920954.451
김**,12122*********,010-*********,seongji****************,4141875.17~4146616.623,경기도 용**********,602422.79~603667.182
박**,90041*********,010-*********,songseon*****************,51187764.998~51206115.888,부산광역*********,438841.316~439773.216
임**,95090*********,010-*********,ebag@y*************,9106705.443~9113318.168,강원도 춘*********,1436442.314~1438831.438
박**,90021*********,010-*********,yunse*********,24044410.686~24089722.32,대전광역*********,4326921.989~4330538.936
황**,58122*********,010-*********,gimjeo************,60831222.218~60847090.288,충청북도 ***********,36504059.48~36538918.58
김**,82050*********,010-*********,coeju***********,7510197.892~7519856.914,대구광역*********,3709005.656~3714067.914
배**,10021*********,010-*********,qgim@j*************,3067476.992~3081695.782,경상북도********,498163.164~499703.601
안**,94042*********,010-*********,coeseung*****************,51836342.443~51855994.779,울산광역********,1987527.495~1990559.402
김**,05092*********,010-*********,kgim@y*************,84255625.669~84271958.477,광주광역*********,4876099.71~4877493.056
송**,45021*********,010-*********,xgweo**********,89491631.907~89499370.022,서울특별*********,4898646.352~4905284.483
박**,52091*********,010-*********,iyeongi****************,32325607.799~32349368.994,대전광역********,1380927.184~1383513.4
윤**,62100*********,010-*********,minseo***********,49994854.722~50012136.693,경상남도 ***********,26800472.436~26804104.363
진**,63040*********,010-*********,jbae@y*************,66662608.982~66688232.419,경상북도 ***********,17172242.576~17188364.547
오**,84080*********,010-*********,lgim@j*************,48394501.504~48418505.132,충청북도 ***********,21591924.21~21608391.52
김**,86121*********,010-*********,jihunb***********,30806189.535~30817854.654,대구광역*********,6416455.398~6418719.369
고**,85011*********,010-*********,jeongj**************,15263690.238~15277506.494,제주특별자치**************,5217912.187~5219021.043
김**,58102*********,010-*********,xi@b*********,25775905.688~25788272.481,세종특별자**********,2923863.819~2925527.362
손**,66041*********,010-*********,isub*********,57169827.093~57211549.89,서울특별*********,2252439.494~2255485.158
박**,49032*********,010-*********,yeongsu**************,60193619.871~60226778.86,서울특별*********,13516263.515~13523995.134
이**,65061*********,010-*********,qgim********,13338427.571~13370390.08,충청북도 진***********,704594.082~710501.43
신**,60011*********,010-*********,ganguji****************,22032547.324~22041788.98,경상북도 ***********,2316099.312~2320315.662
권**,61022*********,010-*********,eunjeo***********,35965728.352~35986800.172,전라북도 ***********,5219021.043~5223753.776
박**,54071*********,010-*********,seongjin*****************,59474968.692~59481749.467,대전광역********,2725907.473~2727536.057
박**,14041*********,010-*********,jeongung****************,74340219.139~74366294.336,충청북도 청**************,11179512.529~11189288.904
조**,02021*********,010-*********,gimjinu***************,9622875.6~9629301.495,세종특별자치*************,1111499.841~1112935.839
배**,65101*********,010-*********,zjo@g**********,13408597.074~13417789.042,대구광역********,1993213.133~1996333.837
최**,05051*********,010-*********,seoyuns****************,84046650.449~84067735.937,경기도 포**********,61833140.916~62035118.822
최**,10052*********,010-*********,misug*********,26149340.122~26166264.75,경상북도 ***********,2512178.46~2512966.934
김**,77051*********,010-*********,jeongh**************,23076755.302~23094434.508,경기도 안**********,2186243.204~2188984.783
서**,09060*********,010-*********,seoye**********,97107355.727~97138937.621,충청북도 청**************,27825585.772~27831214.749
서**,78081*********,010-*********,yeonggil******************,78902809.156~78920162.326,부산광역*********,19673716.74~19682893.272
김**,03052*********,010-*********,rcoe@j************,97393266.896~97428124.902,울산광역********,14435767.622~14439075.875
권**,51081*********,010-*********,seongh************,23010334.272~23024348.551,전라남도 **********,1277281.927~1280259.81
남**,61021*********,010-*********,yeongmi**************,20845104.404~20859388.986,울산광역시 ***********,7778137.856~7782759.855
송**,10092*********,010-*********,rcoe@*********,33070462.479~33085956.145,제주특별자치*************,6425225.15~6430319.117
한**,57020*********,010-*********,gimjaehy******************,53864007.419~53887331.032,인천광역시*********,15477965.011~15487115.311
박**,88060*********,010-*********,gyeong*************,84402752.334~84408331.664,서울특별*********,10802938.194~10808058.298
김**,60082*********,010-*********,ri@jus***********,56572797.884~56600797.536,인천광역시 ***********,24538193.729~24563715.816
장**,72061*********,010-*********,qyun@y*************,62846172.194~62880187.848,인천광역********,2605910.173~2609421.824
이**,69122*********,010-*********,seongho***************,44542862.115~44557804.608,전라남도 ***********,2781541.067~2787012.685
하**,75032*********,010-*********,ngim@y*************,82609087.044~82625092.492,대구광역시 ***********,8409050.0~8420831.821
안**,47072*********,010-*********,myeongs***************,71803399.79~71829667.178,대구광역********,27062420.354~27093738.643
김**,60111*********,010-*********,junyeo*************,13156136.905~13162064.254,인천광역********,7416793.609~7420321.287
김**,53031*********,010-*********,seonyeo****************,11157684.665~11183702.174,인천광역********,1350949.442~1351984.127
이**,87102*********,010-*********,yeeun8************,21487971.342~21500093.53,서울특별시*********,3321136.875~3322763.389
이**,58020*********,010-*********,hanji***********,69989365.65~70046749.106,광주광역*********,46372819.772~46400417.892
이**,09052*********,010-*********,qseo@**********,33337861.428~33373436.946,경상북도 ***********,9551244.515~9564414.755
최**,04100*********,010-*********,aan@h*********,8274234.078~8290773.545,인천광역*********,810942.806~811619.919
최**,98073*********,010-*********,eunyeo***********,80986304.11~81001613.864,경상남도 ***********,16434575.877~16444357.866
이**,49062*********,010-*********,kco*******,51017093.0~51032278.567,대전광역********,19937241.656~19949439.522
김**,98020*********,010-*********,lmin@**********,32071651.28~32078135.517,서울특별********,2162483.037~2164219.859
송**,70061*********,010-*********,yeonggil*****************,22833605.471~22878693.082,대구광역시**********,5370074.336~5375039.616
최**,53040*********,010-*********,ygim@y************,83959721.894~83969393.338,인천광역시 ***********,56530796.781~56857948.282
윤**,00111*********,010-*********,gimmijeo****************,5658228.635~5663031.9,광주광역********,1901016.734~1904732.674
김**,94112*********,010-*********,jinhyeo****************,12937062.031~12984743.15,울산광역********,1341738.098~1342674.63
김**,95101*********,010-*********,ogja08@**************,63663807.099~63674594.36,제주특별자***********,12442954.698~12444977.303
이**,65052*********,010-*********,qi@yu*********,72468313.052~72487982.122,제주특별자치**************,25480347.622~25503899.897
윤**,46112*********,010-*********,ogyeongj****************,41864126.408~41884904.565,전라남도 ***********,2252439.494~2255485.158
안**,13041*********,010-*********,jungsu4****************,43581582.518~43596986.862,전라북도 ***********,4450728.937~4452164.111
김**,52070*********,010-*********,jgim*******,96476911.48~96481368.086,경상남도 ***********,25204223.79~25230634.246
이**,11073*********,010-*********,seongh*************,74440572.517~74460086.075,충청북도 ***********,22674797.036~22741705.672
김**,95021*********,010-*********,gimjongs*****************,45321867.296~45338565.762,광주광역*********,12074797.731~12082698.249
박**,60093*********,010-*********,agu@a*********,72063843.449~72068361.726,울산광역********,7604811.448~7615591.029
성**,54072*********,010-*********,hyeonj*************,95498714.909~95499365.723,대전광역*********,2710487.147~2711840.638
김**,50090*********,010-*********,gimog*********,47265767.792~47281105.999,대구광역********,1657871.675~1660494.146
이**,50010*********,010-*********,dbag*********,43020054.78~43049701.746,전라북도 ***********,2502911.428~2507184.964
박**,02100*********,010-*********,yjang@**************,11420919.081~11450666.558,강원도 *******,3667742.762~3669962.365
강**,71122*********,010-*********,tgo@o*********,25805862.922~25830632.741,세종특별자치*************,243538.27~244988.198
안**,88021*********,010-*********,sangce**************,56221947.018~56251397.029,부산광역*********,10399853.744~10406350.95
김**,88072*********,010-*********,jeongsug****************,60909508.929~60922000.784,제주특별자치**************,7094264.222~7096493.36
이**,06092*********,010-*********,sujin**********,62057544.997~62080575.506,전라북도 ***********,14439075.875~14449962.962
오**,93031*********,010-*********,ngi*******,14102207.538~14117401.213,충청북도 ***********,501996.783~503490.341
서**,99060*********,010-*********,hwang***********,94988421.557~95000833.827,경상남도 ***********,2314957.698~2316099.312
송**,86031*********,010-*********,bagsangh*****************,89912997.064~89920003.608,광주광역*********,17362579.548~17371069.285
허**,06042*********,010-*********,ii@yu***********,4571695.71~4593654.594,경상북도 ***********,1521755.924~1523366.641
박**,59091*********,010-*********,seohyeo**************,24133688.72~24166235.824,서울특별*********,2055808.374~2056843.806
이**,13072*********,010-*********,gyeongja****************,44653838.829~44661519.451,경상북도 ***********,8056273.725~8059385.536
엄**,87032*********,010-*********,egim********,17947316.666~17967849.232,전라남도 ***********,3518349.378~3520359.006
지**,01040*********,010-*********,hanseo************,9969536.592~9978550.777,경상북도 ***********,730498.486~732763.988
홍**,60021*********,010-*********,cunjason****************,76263539.984~76274843.537,서울특별*********,23729114.318~23760851.034
하**,82012*********,010-*********,yeji********,39758001.343~39773112.786,울산광역********,7402792.218~7407669.077
권**,56100*********,010-*********,simmis**************,25229228.211~25238806.015,광주광역********,991645.777~993950.53
송**,87051*********,010-*********,rgim@j*************,90801839.905~90807416.82,광주광역********,20782308.098~20796414.534
이**,72072*********,010-*********,vgim@**********,95935092.792~95946968.83,경상북도 청***********,14364905.277~14369799.542
박**,54073*********,010-*********,seongmin*****************,89407951.291~89453812.867,전라북도 ***********,20047508.741~20049073.199
최**,07022*********,010-*********,kgang**********,42634417.507~42646816.479,경상북도 ***********,2914043.144~2915864.98
이**,61111*********,010-*********,seoyeo***********,76983425.86~76999691.937,강원도 인*********,4631281.534~4634454.388
김**,95100*********,010-*********,yeongmi****************,40046650.116~40065233.408,부산광역********,1891567.366~1892650.376
김**,10062*********,010-*********,jihung***********,53182939.513~53208956.328,경기도 이**********,8135916.582~8137970.241
김**,13011*********,010-*********,jseo*********,5235099.724~5239121.664,서울특별*********,1394301.586~1395702.868
오**,83030*********,010-*********,coeye**********,17470224.502~17496134.627,전라북도 ***********,4355912.936~4357564.751
이**,84041*********,010-*********,isuji**********,23379473.248~23393166.873,경상남도 ***********,1800864.71~1801624.54
이**,79082*********,010-*********,lgang@**************,56572797.884~56600797.536,세종특별자치*************,7941994.244~7946362.062
안**,07052*********,010-*********,isubin**************,83270220.552~83300421.88,전라북도 ***********,27906128.368~27969181.144
류**,79120*********,010-*********,seongj************,41009726.957~41025538.169,전라북도 전************,6793909.413~6808048.513
김**,07060*********,010-*********,pi@******,55975760.726~55981100.861,충청북도 ***********,8870536.632~8876978.95
황**,58052*********,010-*********,ujin*********,88153692.073~88216541.614,울산광역시 ***********,14909008.536~14913312.205
강**,67072*********,010-*********,jangyeon******************,79238760.44~79249486.176,대구광역********,3566858.397~3571167.295
김**,65123*********,010-*********,jihyeonh*****************,54759196.784~54783613.656,인천광역시 ***********,28907868.927~28914505.844
이**,91022*********,010-*********,yejingi****************,90323598.738~90332868.675,광주광역********,13968813.249~13972323.585
이**,11102*********,010-*********,seonghye*****************,59561180.517~59580660.588,경기도 안**********,25770769.875~25776646.205
이**,90122*********,010-*********,jihun*********,51880094.17~51895271.109,울산광역********,13366127.424~13374853.867
이**,93081*********,010-*********,qson@***********,50827496.104~50872102.138,대전광역********,8808019.729~8810805.032
김**,48062*********,010-*********,seoyun*************,35965728.352~35986800.172,대구광역시*********,111073.925~111875.842
윤**,60121*********,010-*********,gimmins****************,59866876.602~59882450.448,충청남도 천**************,2914043.144~2915864.98
김**,97041*********,010-*********,yeongh************,44138495.208~44193446.902,광주광역********,545330.793~545550.252
김**,90120*********,010-*********,gyeongs***************,81159225.678~81177289.26,대전광역********,37174343.274~37244638.09
이**,10080*********,010-*********,bgang@**************,54681361.174~54700828.908,인천광역*********,6419699.332~6421846.22
김**,75090*********,010-*********,heoyeon***************,28727389.58~28743134.84,서울특별*********,7645203.314~7648182.407
강**,12062*********,010-*********,jihun45***************,72736852.0~72746400.328,대구광역*********,13817020.656~13825549.105
박**,11060*********,010-*********,siuhan***********,69419746.64~69428620.101,제주특별자치**************,388094.133~390989.844
서**,56121*********,010-*********,bagyee**************,9278350.944~9341022.76,세종특별자치*************,1283095.385~1285541.18
송**,85040*********,010-*********,jungsuno****************,58498101.436~58509811.52,인천광역********,22848353.483~22883062.641
최**,71090*********,010-*********,seongsug*****************,64102717.609~64121472.14,대전광역********,29387805.283~29410056.718
최**,53112*********,010-*********,yujin*********,21215641.424~21231618.578,광주광역********,6421846.22~6425225.15
주**,44101*********,010-*********,yeji6***********,86687004.708~86714820.467,대구광역********,1006213.822~1008475.099
송**,64071*********,010-*********,hayungim****************,44793091.711~44812192.344,경상남도 ***********,12455798.902~12460804.577
최**,50052*********,010-*********,junyeo***********,93637058.407~93666558.062,대전광역********,16395465.0~16424707.562
이**,98091*********,010-*********,hyejini***************,11798554.331~11801253.737,제주특별자치*************,1536239.599~1538836.162
안**,60052*********,010-*********,seunghyeo*******************,88142432.541~88153692.073,세종특별자**********,60672131.529~60707438.358
김**,07052*********,010-*********,gweonm*************,5247666.379~5301483.944,대구광역********,2526659.773~2534206.968
박**,10110*********,010-*********,sonseongh*******************,77402669.054~77416054.923,전라남도 ***********,9077114.249~9082146.753
백**,47071*********,010-*********,yeongmi**************,29319211.23~29332952.491,대전광역********,1896451.17~1898867.975
안**,51051*********,010-*********,sonhyeon****************,84255625.669~84271958.477,광주광역********,37483104.758~37527070.422
이**,84061*********,010-*********,ogsun*********,48418505.132~48442774.297,강원도 횡**********,16743563.623~16748870.281
강**,94092*********,010-*********,seongh**************,11952191.912~11958150.053,대전광역*********,1711018.597~1712784.77
이**,08120*********,010-*********,xson*********,90114945.688~90144571.261,서울특별*********,3119510.59~3123381.571
오**,49071*********,010-*********,zi@i********,58121960.735~58133505.25,서울특별시 ***********,27825585.772~27831214.749
정**,45040*********,010-*********,yeongsig*****************,75484186.569~75493311.135,울산광역********,500564.633~501996.783
장**,64031*********,010-*********,iyunse*************,59846863.859~59866876.602,제주특별자***********,511345.014~514488.83
최**,80040*********,010-*********,vgim*********,6265958.855~6274097.101,울산광역시 ***********,960306.062~961656.469
배**,97042*********,010-*********,minsu02**************,61491445.926~61509576.222,세종특별자치*************,3694126.678~3695821.881
구**,69042*********,010-*********,gimji*********,58121960.735~58133505.25,경상남도 **********,6518282.776~6525448.928
김**,62012*********,010-*********,hyeonji**************,77198113.606~77222179.574,대전광역*******,483419.432~484184.602
오**,96020*********,010-*********,sanghogi****************,5902059.9~5914492.97,광주광역시*********,1870371.954~1870845.968
이**,98092*********,010-*********,cgim*******,47574516.725~47591415.024,경상북도 ***********,26092490.776~26118558.31
한**,54031*********,010-*********,jeongn*************,33851135.137~33876027.076,제주특별자치**************,9303329.533~9309258.608
심**,49100*********,010-*********,nhan@j************,9742727.61~9749749.652,경상북도 ***********,1002795.603~1006213.822
양**,72013*********,010-*********,ai@ba*********,85269654.96~85275609.366,대구광역*********,53575237.979~53976860.57
주**,98113*********,010-*********,yeongsun****************,61736070.418~61746446.555,경기도 *******,15907584.935~15925799.706
윤**,96101*********,010-*********,yeongh************,28743134.84~28788682.525,대구광역********,4108930.535~4110586.107
김**,53012*********,010-*********,jbag*******,38990037.912~39042183.748,제주특별자치**************,7641110.253~7643177.149
이**,79061*********,010-*********,yeongsi****************,45749517.913~45803041.418,서울특별*********,32314549.045~32342453.434
장**,61081*********,010-*********,byeongce****************,59416329.708~59433330.096,서울특별*********,2548061.296~2548560.769
김**,74100*********,010-*********,rgim@y*************,41025538.169~41037478.6,울산광역*******,8153036.29~8164462.25
류**,83120*********,010-*********,jius*********,13707706.928~13712693.409,대구광역*********,1966491.904~1968020.18
한**,71100*********,010-*********,gimbor**************,98625830.25~98670173.34,충청북도 청**************,4693903.072~4701056.386
박**,77011*********,010-*********,bagyeo***********,9406315.572~9449380.684,서울특별*********,3257337.462~3258416.88
박**,91041*********,010-*********,mi@*****,70637891.182~70675043.705,부산광역*********,18971531.535~18973005.737
김**,03091*********,010-*********,minja**********,42928634.47~42962143.169,울산광역********,9495864.704~9505893.983
우**,88020*********,010-*********,gyeongj***************,94927663.781~94928661.157,전라북도 ***********,21608391.52~21620001.589
김**,09051*********,010-*********,kna@yu************,47808862.223~47811251.111,충청남도 ***********,27255355.16~27257639.958
김**,94022*********,010-*********,jaeho***********,67093149.022~67101853.465,경상북도 ***********,41594343.505~41612914.703
송**,76101*********,010-*********,hyeji***********,33088199.774~33094229.109,세종특별자**********,8056273.725~8059385.536
김**,76110*********,010-*********,seongs**************,86203000.213~86223863.891,강원도 고***********,6155259.379~6158152.092
김**,01110*********,010-*********,siu3********,95961289.265~95963607.015,전라북도 ***********,65867299.434~67068057.118
김**,62123*********,010-*********,ngim*********,31084915.469~31098138.784,부산광역*********,4970365.09~4973639.104
이**,78081*********,010-*********,kseo@h***********,5773100.378~5848738.772,충청남도 ***********,805804.198~809414.289
권**,44072*********,010-*********,soneuns**************,17063493.864~17096699.772,충청북도 ***********,4832470.623~4836557.853
이**,93071*********,010-*********,gimjeon***************,82537794.542~82546839.54,충청남도 ***********,36355675.808~36436654.578
이**,83071*********,010-*********,jihyeon***************,7155320.237~7185872.718,부산광역*********,2850108.194~2851353.146
김**,69030*********,010-*********,ugim*******,29631885.308~29659055.779,강원도 평**********,11966685.686~11969541.393
박**,45102*********,010-*********,eunyeong******************,9395504.438~9406315.572,경상북도 ***********,3571167.295~3576625.606
배**,02090*********,010-*********,jeong**********,35757352.047~35783119.502,울산광역********,2745950.586~2747560.11
윤**,03082*********,010-*********,rgan********,98260250.342~98265519.913,충청남도 ***********,23918842.718~23948787.146
서**,46110*********,010-*********,uminsu*************,95961289.265~95963607.015,경상남도 창**************,51982849.286~52024473.797
박**,63031*********,010-*********,jihun*********,24738425.724~24758090.699,제주특별자치**************,4155435.924~4159527.817
허**,00031*********,010-*********,gimyeo***********,73119124.106~73140764.744,광주광역********,23601684.718~23635018.668
배**,09060*********,010-*********,agim*******,78090957.178~78124222.433,서울특별*********,5475459.148~5479491.33
강**,55022*********,010-*********,bageunj****************,51470624.734~51487046.239,부산광역********,16796106.2~16801902.834
김**,91073*********,010-*********,namyeon****************,16911061.458~16958517.494,인천광역*********,6697266.399~6700237.391
김**,13072*********,010-*********,tgim@*********,25916397.778~25935423.277,강원도 *******,1311909.447~1313726.811
백**,63091*********,010-*********,yeongji***************,19867789.315~19880113.174,대구광역********,1712784.77~1713517.601
양**,83091*********,010-*********,yeongmi1****************,95420102.649~95451780.843,부산광역********,15771997.216~15775640.352
한**,65061*********,010-*********,xbae*********,42744011.852~42771475.686,충청남도 ***********,4546726.27~4551622.001
이**,11121*********,010-*********,jia92@**************,75417473.124~75433816.351,대구광역********,30129638.891~30168097.504
유**,53012*********,010-*********,agi*******,62090014.772~62099733.536,광주광역*********,2700539.75~2702033.831
서**,90051*********,010-*********,ii@******,33373436.946~33390216.997,전라남도 ***********,10021925.605~10026178.591
서**,68071*********,010-*********,gimyeong******************,95697393.908~95703434.484,경기도 용**********,9639443.763~9644344.533
박**,77010*********,010-*********,gimhye**************,96081232.165~96097460.972,광주광역*******,20490747.496~20494835.783
김**,86121*********,010-*********,jgwe*********,32948466.286~32979807.293,광주광역********,6430319.117~6435188.127
이**,73100*********,010-*********,ucoe@j*************,40183719.962~40202126.789,세종특별자치*************,4430146.043~4438226.69
김**,81012*********,010-*********,ibor*********,11886260.399~11919345.622,강원도 *******,383970.938~386423.785
이**,13082*********,010-*********,yeeun6*************,55686943.288~55701138.86,대전광역********,5734745.168~5736057.616
서**,45042*********,010-*********,sangceol****************,77461041.455~77482137.484,전라북도 ***********,15295622.691~15296841.892
이**,92021*********,010-*********,pcoe@**********,97716522.511~97737560.163,경상북도 ***********,23330285.667~23332977.54
정**,08021*********,010-*********,seongjin****************,55654538.774~55660608.821,제주특별자***********,3097397.466~3099714.8
황**,98030*********,010-*********,jeongn************,99145178.927~99152617.359,경상남도 **********,1776571.57~1778920.56
김**,13111*********,010-*********,jihu68*************,82120493.018~82133801.036,제주특별자치*************,30546211.076~30558537.79
이**,45092*********,010-*********,gimseongh*******************,84232677.77~84255625.669,광주광역********,34332061.352~34343669.545
박**,87012*********,010-*********,gimha**********,29454456.596~29467932.593,경기도 용***********,14306289.563~14312423.887
홍**,06112*********,010-*********,eungyeon******************,86049700.612~86114066.019,울산광역********,30558537.79~30571086.629
한**,15011*********,010-*********,seohyeon******************,50792384.603~50827496.104,대구광역********,8239689.446~8248255.765
홍**,55062*********,010-*********,xgu@********,41502604.161~41530575.718,전라북도 ***********,2427788.845~2430799.37
손**,06091*********,010-*********,qhan@***********,63038992.379~63059190.106,인천광역********,29673546.663~29699493.683
송**,99052*********,010-*********,jeongu**************,60119631.239~60159138.834,세종특별자치*************,2575786.138~2579088.008
서**,12022*********,010-*********,eungyeo**************,94689922.188~94719676.074,광주광역*********,7215727.662~7224456.064
진**,13020*********,010-*********,igwang**************,88086177.55~88117054.076,경기도 용**********,17737391.56~17753008.512
차**,90111*********,010-*********,fgan********,2057609.903~2076886.258,경기도 포**********,653632.943~656068.405
박**,85111*********,010-*********,seonyeon******************,69790993.143~69811655.323,충청남도 천**************,3646768.006~3650967.975
김**,03050*********,010-*********,nyun*******,95659835.714~95697393.908,전라북도 ***********,10027456.605~10034567.25
오**,48070*********,010-*********,ijieu**********,5330393.388~5337205.936,광주광역********,124388.521~128977.923
문**,05092*********,010-*********,mgim@**********,75841224.887~75862815.437,경상북도 ***********,18388635.642~18399539.12
송**,73082*********,010-*********,jangje*************,69566876.693~69605747.197,전라북도 ***********,9010563.42~9015134.49
이**,67122*********,010-*********,jiweon**************,72063843.449~72068361.726,제주특별자***********,8899178.295~8900319.376
이**,10091*********,010-*********,jba*******,93365063.565~93404622.322,경상북도 **********,13972323.585~13980514.235
유**,90092*********,010-*********,sanghy***********,42365983.455~42403649.855,전라남도 ***********,542926.247~543896.432
이**,71021*********,010-*********,ogsunr*************,5005384.803~5041014.234,제주특별자치*************,2030121.312~2032522.964
김**,75111*********,010-*********,jiujo**********,8222529.328~8235440.756,충청북도 ***********,740923.034~742872.44
이**,91063*********,010-*********,byeongce****************,60782983.883~60817532.195,대구광역시*********,8260172.058~8270916.983
임**,66072*********,010-*********,jhan@y************,28369219.822~28382595.548,전라북도 ***********,1867084.971~1867594.995
김**,52022*********,010-*********,gyeongs***************,95331428.594~95352187.287,충청남도 ***********,3453280.257~3454400.511
이**,63100*********,010-*********,hyeons***********,44250190.278~44311153.966,충청남도 ***********,10639066.827~10641797.298
최**,63041*********,010-*********,ryumyeo****************,38330611.635~38364859.86,부산광역시*********,3752677.365~3755358.391
배**,79100*********,010-*********,munyeo**************,66853294.39~66859333.174,광주광역********,10707584.571~10713732.24
이**,14102*********,010-*********,jeongna****************,91928314.735~91943019.347,경상남도 **********,19277679.587~19295839.61
류**,45063*********,010-*********,bagyeong****************,60962391.069~60986539.56,대구광역********,13846139.614~13866124.63
조**,04080*********,010-*********,isangceo****************,93318010.954~93346766.512,제주특별자치*************,27320227.96~27326195.802
장**,77122*********,010-*********,minjaec***************,14720633.812~14742838.13,전라북도 ***********,1780991.634~1781347.948
박**,95082*********,010-*********,gwagj*********,34656204.909~34667425.879,울산광역********,8896939.032~8899178.295
장**,85032*********,010-*********,qbag@*********,46762278.005~46781145.094,울산광역********,1260588.33~1262534.425
강**,87110*********,010-*********,seonghy**************,10453276.507~10471050.761,서울특별*********,4556537.15~4561521.274
박**,56043*********,010-*********,sangho**************,87848252.932~87887776.104,부산광역시*********,11565374.006~11568863.861
안**,57031*********,010-*********,cunja95**************,27020818.437~27045943.662,전라남도 ***********,3480180.705~3483174.375
류**,07122*********,010-*********,gimdohy****************,4002336.285~4006770.1,광주광역********,2912982.659~2914043.144
강**,08022*********,010-*********,gimogsu***************,11023528.852~11032706.181,충청남도 ***********,4244442.848~4248950.406
이**,57123*********,010-*********,seonye************,75057959.62~75108826.879,충청북도********,18429631.595~18437876.204
류**,02040*********,010-*********,migyeong*****************,37683275.779~37705229.531,대구광역시*********,1567606.091~1570857.305
이**,14072*********,010-*********,gimeunj****************,64279085.447~64295067.376,제주특별자치**************,1624301.108~1628703.467
박**,51061*********,010-*********,seoyunj****************,37762919.432~37834836.04,대구광역********,5652314.18~5654084.552
이**,03081*********,010-*********,wgi*******,6018974.859~6025639.135,충청북도 ***********,473383.908~474670.171
김**,56082*********,010-*********,hyeonj*************,36311700.972~36337053.978,전라북도 ***********,9127449.314~9132878.632
박**,06062*********,010-*********,ngim@***********,81512279.916~81524219.456,울산광역********,11339068.818~11356603.889
김**,50080*********,010-*********,wca@ju***********,13911844.962~13928983.256,경기도 *******,945409.628~947718.635
박**,79021*********,010-*********,ri@jus***********,47574516.725~47591415.024,제주특별자치**************,2404451.504~2408360.947
김**,87042*********,010-*********,yeong***********,47788253.907~47808862.223,대구광역********,11472941.453~11474873.321
심**,89082*********,010-*********,yeongjin******************,88355264.732~88385875.72,경기도 용**********,6565466.666~6573592.767
이**,82092*********,010-*********,jungsu9***************,65325870.505~65334828.775,전라북도 ***********,16128435.008~16147526.878
허**,97090*********,010-*********,egim*******,94978323.43~94988421.557,제주특별자***********,12950266.902~12956222.678
성**,77110*********,010-*********,jeongs***********,21391932.03~21395394.444,울산광역********,6738947.835~6743773.797
김**,89090*********,010-*********,yeongj*************,58952066.974~58955372.19,대전광역********,9136307.051~9141087.114
이**,73112*********,010-*********,khan@j*************,14948283.12~14965766.018,충청북도 ***********,7705461.456~7708299.979
장**,74021*********,010-*********,ijeong**************,56714882.256~56727245.908,서울특별*********,20137435.613~20150451.28
지**,65042*********,010-*********,ri@******,56529242.084~56542397.678,강원도 고**********,176393.002~178749.952
김**,52050*********,010-*********,jangyeo****************,22070456.32~22086363.092,충청남도********,7301248.947~7314387.908
박**,50121*********,010-*********,yejigim***************,16661173.755~16675452.869,경상남도 ***********,937434.826~938715.492
박**,95060*********,010-*********,gangseung******************,49717352.367~49743512.685,충청북도 청**************,38704079.061~38763541.857
김**,51061*********,010-*********,wsong***********,73159766.716~73192987.2,전라남도 ***********,13134738.68~13139171.421
이**,06010*********,010-*********,ngim@i***********,41841466.731~41864126.408,인천광역시*********,12082698.249~12090514.296
김**,61073*********,010-*********,yeongc************,64316284.01~64329634.539,울산광역********,17976554.569~17981535.429
김**,74021*********,010-*********,seoseo************,47774693.988~47788253.907,강원도 화**********,12788922.276~12796396.675
이**,01010*********,010-*********,jieu*********,70445644.798~70453180.893,경상남도 창원***************,7367057.076~7371953.235
최**,45121*********,010-*********,seongh**************,46218364.413~46246827.467,충청북도 ***********,6219310.895~6225127.336
류**,48072*********,010-*********,jiminj************,14784663.973~14799762.097,충청남도 계***********,4472202.955~4474540.755
김**,59071*********,010-*********,seongj**************,77341797.34~77361695.99,전라북도********,12444977.303~12450864.148
김**,80011*********,010-*********,myu*******,90750175.877~90760306.145,제주특별자***********,16016753.837~16029663.73
양**,56101*********,010-*********,igim@b**************,26791572.52~26803690.66,울산광역********,6211092.912~6213508.695
강**,66011*********,010-*********,ryuyeong*****************,27322287.423~27366773.759,충청남도 ***********,11466103.941~11472941.453
박**,71022*********,010-*********,xhong***********,25692508.619~25706300.734,충청남도 ***********,2053147.09~2054707.417
김**,50051*********,010-*********,yeong***********,67877311.002~67900090.373,전라북도 ***********,17762945.252~17766063.964
김**,11082*********,010-*********,yejin**********,64386760.947~64400609.472,경상남도 ***********,31265753.506~31298604.553
이**,01100*********,010-*********,seonghye*****************,10726116.666~10740944.216,세종특별자치*************,210810.772~211949.41
이**,14081*********,010-*********,igim@h************,78713592.784~78718293.04,제주특별자치**************,39684808.626~39751793.684
정**,11052*********,010-*********,boram*********,92972290.454~92988617.422,대구광역시*********,7850360.854~7856653.346
최**,81101*********,010-*********,junseo***********,51110845.092~51142683.649,경기도 ********,20552972.578~20578449.803
박**,93062*********,010-*********,seoju***********,82514851.56~82526158.793,울산광역시 ***********,8796988.376~8803278.888
백**,81070*********,010-*********,sugjas**************,33759094.178~33773521.932,광주광역********,4877493.056~4880926.986
이**,82021*********,010-*********,bgim*******,18268648.362~18289049.565,서울특별*********,1573676.124~1574852.892
안**,58062*********,010-*********,minji**********,93301581.837~93318010.954,제주특별자치**************,27638473.589~27649712.08
민**,97021*********,010-*********,hyeonju****************,82709078.364~82712281.924,제주특별자***********,11156536.961~11164345.111
전**,04011*********,010-*********,gangjeon****************,2480386.754~2508930.807,전라북도 ***********,1488114.096~1490375.925
문**,57040*********,010-*********,rna@ju************,93266502.436~93285848.548,충청북도 청**************,6533087.755~6537592.845
이**,86061*********,010-*********,bagjeo**************,92058178.092~92061068.307,세종특별자치*************,5641426.624~5650266.56
이**,97112*********,010-*********,pi@si**********,35434587.852~35443510.976,대전광역********,2833825.014~2841793.459
이**,74040*********,010-*********,minseo79****************,6791864.37~6806102.734,인천광역시***********,4324120.168~4325625.535
강**,66040*********,010-*********,sonyuns***************,76500815.308~76531095.183,경기도 수원***********,8611819.28~8616357.447
유**,52091*********,010-*********,bagseo************,75680839.418~75689463.247,경상남도 ***********,17627487.837~17642282.946
김**,05011*********,010-*********,ri@******,93909932.73~93911833.676,충청북도********,44337256.048~44422114.676
송**,52122*********,010-*********,iyeon**********,36875101.546~36891291.235,울산광역시 ***********,10134169.97~10136591.357
박**,99032*********,010-*********,sunog71***************,38133366.33~38136881.698,강원도 양***********,11339068.818~11356603.889
박**,85110*********,010-*********,ogim@y************,45687772.647~45736367.455,전라북도 ***********,9661540.403~9664658.455
강**,11031*********,010-*********,zgu@u**********,83387474.832~83397012.238,제주특별자치*************,23369855.235~23400902.411
박**,74031*********,010-*********,oi@******,80605106.939~80611681.336,충청북도********,18782229.991~18791864.214
오**,08031*********,010-*********,lgim@y************,85139672.687~85158403.454,대전광역*********,13173945.692~13182196.39
송**,54092*********,010-*********,oheo@c**************,6931118.459~6947504.276,충청북도 ***********,2841793.459~2844878.862
이**,50091*********,010-*********,seongsuj******************,36132836.747~36143568.674,강원도 강**********,11460032.075~11466103.941
한**,77103*********,010-*********,haeun54***************,45271943.372~45288954.467,충청북도 ***********,7048928.537~7050877.08
박**,50123*********,010-*********,jeongnam******************,39483686.824~39516557.956,충청남도 ***********,7517318.233~7518250.096
김**,94052*********,010-*********,bagminj****************,54741795.263~54759196.784,제주특별자치**************,30101648.454~30129638.891
박**,51121*********,010-*********,gimhy***********,14492434.816~14595662.905,부산광역*********,5071404.088~5076648.678
김**,04092*********,010-*********,sunog3************,87965025.734~88029735.826,제주특별자***********,4704329.751~4706859.819
장**,44101*********,010-*********,omis*********,50951651.726~50964444.089,세종특별자**********,12130061.979~12136384.825
이**,60122*********,010-*********,hangyeo***************,29831341.042~29883516.641,인천광역********,967642.964~969240.814
주**,93010*********,010-*********,minseoy****************,38710348.576~38728332.527,경상북도 ***********,17431505.178~17442693.25
오**,56030*********,010-*********,juweonh***************,98268717.808~98287690.706,제주특별자***********,30571086.629~30599788.548
백**,62060*********,010-*********,ygim@g************,63159924.994~63173160.5,서울특별시*********,11509061.72~11511522.032
노**,54041*********,010-*********,qbag*******,37329819.409~37358061.777,충청남도 ***********,1643781.832~1644837.2
민**,45121*********,010-*********,jogyeong******************,15477940.021~15485587.102,제주특별자치**************,1501652.897~1503781.272
허**,50052*********,010-*********,seoju**********,95125740.861~95142506.084,전라북도 ***********,37987824.366~38040634.128
김**,50050*********,010-*********,jaeho73**************,7894966.269~7906759.829,서울특별시*********,1704038.39~1704650.539
오**,68100*********,010-*********,xnam@s***********,35642530.573~35655001.616,경기도 ********,11908997.356~11914577.602
박**,08100*********,010-*********,ni@yuh***********,6712520.777~6715952.586,대전광역*********,2745950.586~2747560.11
송**,48102*********,010-*********,mijeong1****************,30009696.671~30021117.931,울산광역********,9319403.904~9327251.821
윤**,91092*********,010-*********,sangceol*****************,55981100.861~55994431.771,대전광역*********,18355939.768~18364840.991
남**,72030*********,010-*********,seoyeon9****************,98581679.528~98625830.25,경상북도 포*************,7641110.253~7643177.149
문**,69012*********,010-*********,gimsan***********,65704977.154~65732349.601,전라북도 ***********,1144871.734~1146400.558
박**,91121*********,010-*********,migyeon****************,35274962.026~35320762.31,제주특별자치*************,18671241.615~18678631.705
최**,00121*********,010-*********,jimin96***************,66597912.33~66609240.683,광주광역********,23948787.146~23969803.141
박**,90081*********,010-*********,sangc**********,10600848.488~10640168.32,대전광역*******,1641523.452~1642144.129
최**,61012*********,010-*********,sunog*********,17771964.942~17797964.82,광주광역********,1751385.758~1752540.684
김**,54062*********,010-*********,xbag@s**************,47808862.223~47811251.111,세종특별자치*************,1155791.897~1158264.042
정**,68021*********,010-*********,yunseo************,91310964.87~91318266.95,경기도 평**********,2180071.028~2180971.168
최**,07013*********,010-*********,byeongce******************,4571695.71~4593654.594,경상북도 **********,400115.301~401071.981
황**,98090*********,010-*********,minji*********,30874979.284~30912471.0,경기도 고**********,10386064.29~10392660.553
이**,58020*********,010-*********,jongsu6****************,93261602.3~93266502.436,제주특별자***********,1046374.558~1047344.315
황**,91030*********,010-*********,hyejin6****************,13545613.386~13556849.088,강원도 인**********,2350223.341~2352104.304
이**,44071*********,010-*********,qgweon*************,71046131.247~71061808.291,광주광역시*********,2599766.325~2603719.123
백**,08042*********,010-*********,gimsunj***************,47015413.938~47030177.388,강원도 홍**********,19805173.256~19824517.992
홍**,03090*********,010-*********,io@ju***********,34924690.705~34947548.514,광주광역*********,7358704.782~7367057.076
허**,78081*********,010-*********,jeongh************,28256166.639~28279099.35,대구광역*********,2242661.16~2245864.798
윤**,45021*********,010-*********,misug18***************,25279455.75~25293043.94,서울특별*********,7412041.043~7416793.609
권**,59051*********,010-*********,yeongja****************,45193884.709~45216372.018,세종특별자치*************,5468410.559~5475459.148
박**,84052*********,010-*********,lhwang**************,48418505.132~48442774.297,전라북도 ***********,12956222.678~12972711.533
김**,76121*********,010-*********,jiyeong7****************,82301966.294~82322992.738,서울특별*********,47420690.693~47486349.429
이**,67020*********,010-*********,gyeong***********,26734632.825~26764032.39,대전광역*********,2676330.886~2679153.51
노**,87100*********,010-*********,fha*******,90149612.452~90155958.768,서울특별*********,9565990.024~9571201.628
노**,13011*********,010-*********,cyang@***********,2707753.268~2781280.165,울산광역********,217441.965~218915.7
박**,95082*********,010-*********,myeong**************,58889145.31~58901042.978,세종특별자치*************,1050512.395~1052747.503
박**,87040*********,010-*********,yeongs**************,25570602.277~25577484.536,광주광역*********,11615440.48~11620569.637
장**,70020*********,010-*********,eunjug*************,77365931.577~77369339.528,강원도 원**********,9478337.912~9485826.539
김**,12102*********,010-*********,dohyeo*************,4281818.469~4350418.234,울산광역*******,1068954.876~1070371.505
전**,64100*********,010-*********,minseoh***************,95356636.11~95360646.563,경상북도 포*************,24255970.419~24258965.447
김**,94101*********,010-*********,gyeong***********,37659097.806~37683275.779,대전광역*********,18791864.214~18803704.9
박**,12022*********,010-*********,jeongs***********,53400267.07~53429043.712,전라남도 ***********,5750249.061~5751453.733
홍**,97011*********,010-*********,seonye************,60524540.946~60547119.791,전라남도 ***********,8172769.497~8178705.56
박**,59110*********,010-*********,omins**********,11845900.378~11859333.194,광주광역********,390989.844~392356.321
박**,68050*********,010-*********,coemijeo****************,79182394.414~79190985.009,광주광역시*********,10870663.504~10883825.09
이**,13072*********,010-*********,jihye8**************,13538988.052~13545613.386,제주특별자***********,2049917.254~2050581.982
이**,00110*********,010-*********,songje**************,4066025.486~4083933.065,세종특별자**********,947718.635~948656.242
박**,56080*********,010-*********,mryu@j*************,91032508.618~91074864.368,서울특별*********,24441598.938~24473760.013
장**,11040*********,010-*********,jihyeg************,8630787.914~8665142.381,광주광역********,3318237.574~3321136.875
이**,54082*********,010-*********,sangh***********,48084231.37~48125065.458,대구광역*********,31729550.778~31733812.872
박**,57052*********,010-*********,sugjab**************,34875910.223~34893851.96,부산광역*********,5101792.53~5102822.165
남**,97090*********,010-*********,jeongs************,99417607.2~99436021.4,울산광역********,2112867.259~2115086.135
이**,68052*********,010-*********,jiubag@**************,9353000.572~9371395.266,전라남도 ***********,1773273.026~1775150.85
김**,47110*********,010-*********,vgim@y*************,17096699.772~17112341.937,강원도 화**********,2384432.118~2388410.75
김**,09071*********,010-*********,minjunco*****************,7807066.824~7816265.915,제주특별자치**************,2045383.453~2047781.854
이**,54051*********,010-*********,minja***********,46565675.271~46574876.859,광주광역시*********,1870845.968~1873011.03
우**,83072*********,010-*********,jeongung******************,52947350.578~52958368.499,충청남도 ***********,12588172.012~12599618.59
강**,65072*********,010-*********,seoye***********,60570004.382~60591202.762,경상남도 ***********,6264126.659~6268394.618
오**,63042*********,010-*********,miyeong***************,71666542.718~71709269.953,경상남도********,30459415.156~30501576.274
이**,03083*********,010-*********,ri@******,77946337.568~77974194.995,대전광역********,7732538.478~7737800.454
이**,86052*********,010-*********,doyunmu***************,94878849.224~94903921.902,인천광역*********,3597866.471~3599695.352
최**,88100*********,010-*********,areum3*************,47618405.906~47630754.593,전라북도 ***********,20486550.591~20490747.496
김**,55062*********,010-*********,gujaeh***********,56884452.295~56923101.484,광주광역********,7604811.448~7615591.029
허**,75030*********,010-*********,gimyeo************,68132143.251~68151901.926,경상북도 ***********,1660494.146~1662567.764
이**,54043*********,010-*********,ri@gi***********,31163499.947~31209664.809,세종특별자치*************,2915864.98~2918663.9
전**,89082*********,010-*********,cseo@*********,24198832.741~24216433.833,전라북도 ***********,3823763.544~3826769.317
문**,96100*********,010-*********,bgim*********,47336700.467~47379692.085,전라북도 **********,6317803.062~6325476.158
김**,86031*********,010-*********,sangh***********,23816792.288~23831743.749,서울특별*********,4506134.266~4506819.036
박**,86012*********,010-*********,ijia@**********,89499370.022~89545897.596,강원도 *******,7661952.026~7665309.12
김**,48061*********,010-*********,hyeons*************,44509504.524~44524794.634,충청남도 **********,12467600.494~12479296.436
차**,04021*********,010-*********,migyeon***************,29094487.821~29104001.163,서울특별*********,917995.929~919459.413
김**,05041*********,010-*********,jeongge***************,22584693.153~22642487.998,부산광역시**********,2371206.938~2373202.937
박**,08012*********,010-*********,seoyun6****************,97006355.304~97015322.596,충청남도 천**************,29369818.412~29387805.283
백**,04090*********,010-*********,seohyeon****************,34907686.656~34924690.705,서울특별*********,5166313.324~5168147.832
김**,58062*********,010-*********,sangh*********,20456061.138~20463834.605,부산광역********,493334.793~495008.8
박**,81122*********,010-*********,pbag*******,75789152.139~75825884.206,서울특별*********,14531059.015~14537911.521
강**,78111*********,010-*********,gwagmins****************,22111822.557~22127412.408,경상남도 ***********,13381507.881~13398202.925
이**,02080*********,010-*********,pi@******,35182064.21~35218305.181,서울특별*********,20486550.591~20490747.496
김**,75070*********,010-*********,tyun*******,5773100.378~5848738.772,경상북도 ***********,1174333.164~1175246.323
이**,72112*********,010-*********,jaehyeo**************,22022623.022~22027832.918,부산광역시**********,673335.362~681196.932
이**,66081*********,010-*********,seoyunb***************,27563200.653~27582454.764,경기도 수**********,7391557.577~7395202.859
김**,86070*********,010-*********,lba*******,45159419.123~45193884.709,충청북도 청**************,12120627.53~12130061.979
김**,01090*********,010-*********,ni@n*******,73040810.394~73057628.268,전라북도 전*************,3599695.352~3603860.682
고**,55061*********,010-*********,jia34@************,29789398.25~29808435.27,충청남도 ***********,13200067.383~13203795.661
이**,58072*********,010-*********,omyeongs*****************,60999456.723~61005068.128,광주광역********,6563216.966~6565466.666
박**,64083*********,010-*********,lco*******,96430394.888~96440691.828,광주광역*********,25811258.562~25851905.473
양**,99011*********,010-*********,eunji31***************,60302197.518~60316700.679,경상북도 ***********,2408360.947~2410067.892
김**,53092*********,010-*********,areum5************,45411242.548~45423230.715,대전광역********,15069198.652~15071741.992
이**,91090*********,010-*********,gimjuw**************,79488436.71~79511178.994,대전광역********,470001.101~472141.704
최**,71040*********,010-*********,cbae@*********,70167260.317~70198634.048,충청남도 ***********,7047194.994~7048928.537
김**,09102*********,010-*********,caeweonn*****************,4006770.1~4031745.131,전라남도 ***********,2117761.803~2119029.093
최**,63051*********,010-*********,si@yuh***********,46650520.226~46659933.103,대구광역********,1588873.025~1590920.944
김**,47032*********,010-*********,hi@g*******,72592391.876~72613168.25,부산광역시**********,21298919.995~21310136.63
김**,65112*********,010-*********,ci@b*********,29089208.342~29094487.821,전라북도 ***********,12161702.346~12170161.616
문**,66020*********,010-*********,coejihye****************,84744866.867~84750073.376,경기도 안*********,5785377.354~5789355.492
이**,58101*********,010-*********,ogsunhe***************,38233494.378~38241955.607,부산광역********,17266063.159~17272522.328
민**,72041*********,010-*********,lo@*****,43762871.189~43785941.253,부산광역시**********,17663199.304~17696538.464
이**,57041*********,010-*********,wgwe********,53016922.892~53038012.342,울산광역********,19805173.256~19824517.992
홍**,01021*********,010-*********,jinhogi****************,19554146.948~19575935.752,세종특별자치**************,7347511.801~7353833.771
김**,77091*********,010-*********,jgim*********,86734841.8~86744200.052,강원도 삼**********,13441740.669~13448738.752
이**,60051*********,010-*********,gimyeong******************,30349132.917~30386591.086,서울특별*********,14103649.419~14117543.239
황**,98100*********,010-*********,mgim*******,94163912.48~94166417.506,전라북도 ***********,55303086.438~55411381.174
김**,73123*********,010-*********,yeji********,42994438.96~43015131.487,전라남도*********,16801902.834~16811449.578
김**,55082*********,010-*********,zjo@yu***********,13589891.47~13613004.106,부산광역*********,2122396.147~2124844.328
김**,14020*********,010-*********,seongji****************,71242340.55~71253467.572,대전광역********,18605021.293~18614629.03
양**,85012*********,010-*********,yeongho****************,63742892.755~63756081.72,강원도 *******,3902251.492~3904850.137
최**,53013*********,010-*********,sinjuwe****************,19590665.978~19598383.022,경기도 성***********,1924885.636~1927739.849
김**,59101*********,010-*********,ijung***********,36692430.949~36714789.369,인천광역시 ***********,4195541.334~4202737.53
권**,93100*********,010-*********,junseoi**************,17842820.1~17852861.638,세종특별자치*************,7920319.012~7927122.17
이**,92081*********,010-*********,coeji**********,38962076.656~38990037.912,서울특별*********,1232287.805~1234290.625
최**,09061*********,010-*********,baegjin**************,6811699.719~6828112.92,경상북도 ***********,2638189.446~2642833.508
김**,95091*********,010-*********,zi@yuh***********,74232214.277~74238555.945,강원도 화**********,6890791.206~6891978.246
김**,73041*********,010-*********,jiyeoni***************,47320881.554~47336700.467,대구광역********,463630.998~464291.268
홍**,83092*********,010-*********,jha*******,59454360.011~59474968.692,충청북도 ***********,21227788.845~21251180.98
박**,88010*********,010-*********,isangh**************,68665862.15~68680558.78,대구광역********,2467067.492~2469365.882
이**,51080*********,010-*********,jyun@g************,68516156.401~68526266.443,부산광역*********,8430917.38~8437613.815
권**,47030*********,010-*********,jaeho**********,72837991.499~72854175.894,제주특별자치**************,29537918.27~29552548.646
이**,81042*********,010-*********,jangmi***********,60302197.518~60316700.679,대전광역*********,18659784.965~18671241.615
윤**,56021*********,010-*********,gimsu**********,21912955.591~21948732.119,경상북도 ***********,3147547.373~3151361.16
강**,71050*********,010-*********,ihyeonju*****************,52315591.55~52330360.482,경상북도*******,1448701.891~1450019.502
강**,78041*********,010-*********,yunhyeo**************,78080059.479~78090957.178,충청북도 ***********,8059385.536~8066019.481
박**,87052*********,010-*********,pcoe*******,95876972.275~95880314.282,울산광역시 ***********,34754205.25~34784077.658
진**,44112*********,010-*********,jieun**********,76359874.645~76370003.294,인천광역시 ***********,16812716.021~16814999.38
장**,98120*********,010-*********,jinuga*************,21948732.119~21973182.413,경상북도 ***********,247681.554~248583.249
류**,77072*********,010-*********,oi@******,24089722.32~24115918.51,인천광역시 ***********,3539975.811~3543835.311
김**,88121*********,010-*********,oi@******,70943582.392~70961900.716,대구광역********,12290697.511~12299329.545
김**,53052*********,010-*********,jinho9************,29123131.325~29137749.562,대구광역*********,10750351.15~10753388.637
김**,05082*********,010-*********,ojungs*************,3846241.159~3858554.15,전라남도 ***********,270869.57~272132.619
이**,94100*********,010-*********,jihyei**************,42447856.057~42452400.141,대전광역********,838773.569~839274.507
김**,65031*********,010-*********,coehaeu***************,81524219.456~81547270.189,서울특별*********,53976860.57~54219338.254
최**,51012*********,010-*********,sinhye***********,37191934.897~37221461.511,경기도 수**********,5864281.789~5867174.849
박**,80042*********,010-*********,yeongg**************,95298747.182~95309094.407,대전광역********,3955540.522~3959456.527
조**,87092*********,010-*********,yunseony******************,83261539.469~83270220.552,충청남도 ***********,36876257.156~36907729.007
박**,83100*********,010-*********,tyang@*************,11554635.751~11603772.295,대구광역********,2681695.18~2682072.878
최**,05051*********,010-*********,fgim@***********,11859333.194~11886260.399,충청북도 ***********,2617732.592~2619572.582
김**,55082*********,010-*********,hyeonsu**************,21698378.173~21712226.981,충청남도 ***********,3676934.166~3684086.774
김**,85060*********,010-*********,jihun*********,5201493.025~5226703.856,전라남도 ***********,669084.391~670292.803
김**,87030*********,010-*********,isub********,67474853.714~67481703.856,전라남도 ***********,27747530.776~27775137.095
김**,97051*********,010-*********,jeongs***********,99323116.516~99328095.657,대구광역*********,8404935.365~8409050.0
김**,82030*********,010-*********,jujia@**************,38364859.86~38377114.79,세종특별자치*************,11747794.377~11757531.476
박**,62051*********,010-*********,junyeo************,13556849.088~13589891.47,경상남도 ***********,5980204.056~5989571.925
손**,67031*********,010-*********,munjimi****************,44812192.344~44830106.687,강원도 ********,9285148.618~9293000.595
이**,73080*********,010-*********,cgim@*********,70227159.401~70234048.718,경상북도 ***********,21860754.982~21870016.581
이**,14052*********,010-*********,seoyeonm****************,61366093.304~61379153.178,경상북도 **********,11172754.435~11174085.742
오**,85052*********,010-*********,gimyeju**************,84750073.376~84758130.597,울산광역********,20276119.336~20294553.393
심**,67081*********,010-*********,jeongs***********,23094434.508~23117378.208,대구광역시*********,1831903.222~1833054.717
정**,49120*********,010-*********,junyeong****************,82374460.901~82405172.828,강원도 화**********,25393471.28~25404279.709
문**,06111*********,010-*********,songy***********,74987319.116~75012876.16,부산광역********,35957500.028~36014271.663
김**,63021*********,010-*********,cgo*******,80802107.193~80821550.244,울산광역********,21953959.675~21973167.782
이**,74122*********,010-*********,jeong**********,21127509.585~21178123.686,강원도 횡**********,1306127.14~1310078.301
이**,82043*********,010-*********,songy**********,38410363.779~38439153.987,대구광역시 ***********,10027456.605~10034567.25
이**,67031*********,010-*********,seoju**********,62678379.772~62709033.8,서울특별*********,35921403.882~35957500.028
이**,52050*********,010-*********,ojieun@**************,10497697.454~10509701.472,울산광역시 ***********,5098751.194~5101792.53
장**,04030*********,010-*********,yeong***********,27487490.708~27514106.462,강원도 평**********,1781347.948~1782984.572
오**,80012*********,010-*********,nryu@*********,33085956.145~33088199.774,인천광역********,10493177.409~10495894.84
윤**,45063*********,010-*********,ggim*******,46323531.893~46346612.682,대구광역********,22317677.485~22348035.836
이**,87081*********,010-*********,jgim@y*************,29826564.689~29831341.042,인천광역*********,4631281.534~4634454.388
민**,62033*********,010-*********,xgwa*******,68403577.81~68415389.408,대구광역********,34938102.335~35021388.546
조**,76101*********,010-*********,joyeon**************,66247664.355~66272591.635,부산광역*********,3213710.667~3214777.993
김**,48051*********,010-*********,mna*******,99738866.318~99770373.66,서울특별시**********,4688852.747~4691063.533
김**,49092*********,010-*********,misu*********,24544253.151~24553063.674,대전광역********,2923863.819~2925527.362
김**,00090*********,010-*********,mijeon**************,96348444.15~96371199.204,충청남도 당***********,9904695.38~9907156.824
임**,12050*********,010-*********,sanghun6****************,31647818.258~31659473.999,제주특별자치*************,7497365.151~7501931.854
김**,77040*********,010-*********,najih*********,42646816.479~42664818.812,전라남도 ***********,13523995.134~13532354.65
이**,50072*********,010-*********,gangye*************,24322012.782~24334927.674,강원도 화**********,2934333.877~2935472.73
박**,94042*********,010-*********,eyun@**********,96943934.946~96963150.086,부산광역시**********,47018483.476~47080662.86
김**,52092*********,010-*********,coesan*************,54435366.316~54446113.66,경상남도 ***********,12609792.295~12623187.497
김**,70112*********,010-*********,ogja03***********,35728387.835~35737978.89,전라남도 ***********,14329173.806~14343573.899
윤**,76022*********,010-*********,yeonghob*****************,65637770.108~65652112.006,울산광역********,21910837.125~21930074.741
김**,72101*********,010-*********,sugja52**************,12665679.214~12676486.957,세종특별자**********,2770436.808~2774852.611
박**,83011*********,010-*********,gimjeong******************,45216372.018~45239515.415,세종특별자치*************,8485258.601~8491643.074
윤**,79121*********,010-*********,junhyeog*****************,41813981.895~41831173.467,경상남도 ***********,2313107.654~2314957.698
김**,50042*********,010-*********,myeong************,9969536.592~9978550.777,서울특별*********,1650475.634~1652440.95
강**,63072*********,010-*********,fhan@b***********,97428124.902~97444076.258,대전광역********,29937215.626~29949034.947
김**,65041*********,010-*********,rgi*******,38136881.698~38161563.368,제주특별자***********,19979900.812~19987185.258
이**,05060*********,010-*********,gimjeon****************,94651269.028~94672283.274,서울특별시*********,16239450.223~16243471.354
김**,46092*********,010-*********,jiyeo*********,63934947.843~63942547.064,서울특별*********,14658729.278~14683663.666
김**,03070*********,010-*********,xi@******,97471287.027~97499608.825,울산광역********,20597287.328~20610234.68
서**,45021*********,010-*********,ogjabae***************,6376430.359~6400336.236,울산광역********,491280.083~491882.226
김**,80081*********,010-*********,jihu25**************,75895578.761~75907380.848,충청북도 ***********,11674365.435~11691075.856
이**,88090*********,010-*********,gyeonghy******************,83734859.014~83757827.676,전라남도 ***********,32979840.526~33018453.772
황**,13011*********,010-*********,sgim@j*************,91006012.573~91032508.618,세종특별자치*************,17504933.008~17530341.242
김**,10060*********,010-*********,wgim@j*************,81001613.864~81011688.761,대전광역시*********,36907729.007~36936474.245
최**,44072*********,010-*********,byeongce******************,17332503.357~17366156.886,세종특별자치*************,7648182.407~7651366.757
김**,09041*********,010-*********,ygim@j************,79238760.44~79249486.176,대전광역*********,6094748.048~6098283.471
이**,49040*********,010-*********,songj***********,18681824.882~18702696.413,대구광역********,5964332.24~5966819.755
송**,90030*********,010-*********,eunjii@**************,66637088.197~66662608.982,인천광역*********,15037523.606~15045495.989
최**,82033*********,010-*********,munji**********,47428697.402~47443645.079,전라북도 ***********,7058480.294~7062165.574
박**,89033*********,010-*********,ieunse************,73880524.227~73913347.308,대전광역********,14975900.029~14983607.011
김**,95090*********,010-*********,seongj**************,6973158.523~7002345.875,경기도 파**********,297205.316~298267.746
박**,59052*********,010-*********,xgi*******,3320483.083~3326899.893,제주특별자치*************,376484.294~378193.973
오**,14111*********,010-*********,seohyej****************,72988458.057~72998118.773,대구광역*********,42502990.312~42518907.604
김**,80022*********,010-*********,vmun*******,54538552.436~54581849.199,경상북도 ***********,17317629.83~17328858.685
신**,89072*********,010-*********,bagjeo************,70124017.991~70134782.439,부산광역시*********,6618285.788~6619828.892
이**,74080*********,010-*********,eungyeong********************,40297033.732~40309714.472,세종특별자치*************,8465926.112~8470584.645
최**,51030*********,010-*********,sinsu**********,96838560.175~96890827.216,광주광역********,6622544.223~6624663.886
김**,53030*********,010-*********,hongja*************,20908035.114~20927606.448,충청남도 ***********,2897344.629~2900447.041
박**,13072*********,010-*********,jaehogi****************,80133012.53~80161813.33,대구광역시*********,52144719.416~52309144.03
오**,02060*********,010-*********,gyeongs****************,7590178.573~7607615.822,경기도 연***********,1404221.429~1407046.015
박**,47100*********,010-*********,jihye**********,78819640.32~78846839.698,전라남도 ***********,54610420.808~55013560.946
조**,88080*********,010-*********,jangbor****************,94766978.014~94774169.796,충청남도 ***********,48320315.893~48446097.469
박**,83080*********,010-*********,hwangeun****************,22317241.885~22340865.772,인천광역*********,4147889.825~4150258.549
박**,68112*********,010-*********,yeongmi***************,26034377.881~26052513.87,부산광역*********,9373965.248~9379642.4
김**,83110*********,010-*********,igim@j*************,19784110.397~19791889.424,충청북도 ***********,3239629.158~3242259.142
이**,02122*********,010-*********,jimin93***************,39860672.186~39875077.741,충청남도 천**************,5930509.895~5933550.554
윤**,12072*********,010-*********,ijaeho***********,53696839.118~53709638.359,서울특별********,9265715.822~9273980.7
박**,59040*********,010-*********,qi@jus***********,89288164.415~89294374.724,서울특별시*********,27451219.192~27463980.446
박**,90120*********,010-*********,seongm**************,86379044.158~86389343.34,전라북도 ***********,7441156.692~7452727.862
손**,90032*********,010-*********,gimjeon**************,81404500.603~81426751.184,충청남도 ***********,22664001.766~22674797.036
김**,65050*********,010-*********,eunjeon***************,14154343.38~14168618.974,대구광역*********,2855954.564~2857372.27
박**,02060*********,010-*********,seonghye****************,29789398.25~29808435.27,전라남도 ***********,341990.037~344656.567
박**,52082*********,010-*********,gimgeon***************,2679226.637~2707753.268,인천광역시*********,350948.784~353347.257
심**,49082*********,010-*********,gimseoy***************,84361601.095~84386014.075,전라남도 ***********,64263069.946~64410167.772
차**,55081*********,010-*********,jihun8***********,64076951.415~64102717.609,광주광역********,21396685.691~21412056.809
윤**,57032*********,010-*********,minjii@**************,5733253.646~5755666.611,제주특별자치**************,1996333.837~1999371.572
이**,49052*********,010-*********,tgim********,41255967.496~41273850.066,경상남도 창원***************,9907156.824~9912790.365
이**,13070*********,010-*********,rgim@y*************,87666504.972~87698633.334,경상북도 포*************,38040634.128~38085556.784
이**,71112*********,010-*********,yeonghwa******************,78297322.155~78316521.792,강원도 횡**********,24501654.4~24515483.834
이**,93030*********,010-*********,igim@j*************,44463099.453~44509504.524,광주광역*******,2091921.358~2095159.744
박**,50073*********,010-*********,juweon**************,31454938.087~31471632.964,인천광역*********,2763854.733~2765407.208
지**,74100*********,010-*********,gi@yuh***********,31959024.246~31978695.562,경상북도********,14395982.231~14409636.502
김**,97052*********,010-*********,sunog4***********,74082693.908~74093716.296,세종특별자치*************,12467600.494~12479296.436
박**,54110*********,010-*********,ri@jus***********,6694132.658~6712520.777,경상북도 ***********,1351984.127~1353189.098
이**,53022*********,010-*********,yeongji***************,73678082.141~73687677.174,광주광역시*********,32436456.005~32464931.184
윤**,08121*********,010-*********,anseon*************,11735797.771~11764640.744,강원도 ********,5930509.895~5933550.554
이**,00081*********,010-*********,jeongn***********,62955716.133~62978257.543,강원도 *******,11260259.628~11273464.54
강**,76071*********,010-*********,ujini@*************,12304192.131~12316435.866,전라남도 ***********,1158264.042~1159605.551
최**,87011*********,010-*********,minjae***********,80496816.629~80512404.6,충청남도 ***********,16128435.008~16147526.878
이**,45111*********,010-*********,seunghye******************,15299271.275~15309615.935,인천광역*********,6734748.557~6737586.944
이**,45120*********,010-*********,jungs*********,6302071.706~6329372.163,세종특별자**********,253962.287~254596.5
이**,47051*********,010-*********,sugja**********,90144571.261~90149612.452,서울특별*********,2833825.014~2841793.459
박**,98101*********,010-*********,rgim@y*************,36776781.987~36793316.325,부산광역********,1778920.56~1780991.634
류**,64092*********,010-*********,rhwang**************,68931222.526~68958787.561,제주특별자***********,13081999.398~13085012.229
이**,45072*********,010-*********,sangh***********,93836670.027~93844798.013,부산광역********,24142119.104~24171151.478
권**,88090*********,010-*********,pgim*******,54097760.148~54122423.047,부산광역시 ***********,16485990.925~16491040.586
지**,86062*********,010-*********,gogyeo**************,89387207.86~89407951.291,광주광역********,22848353.483~22883062.641
김**,96031*********,010-*********,jeonsu************,39743398.232~39758001.343,경상남도 ***********,4022631.32~4023446.917
이**,05042*********,010-*********,hyeonjub*****************,81604906.699~81643390.699,대구광역********,13033533.551~13040778.846
이**,05050*********,010-*********,sunja38**************,80093552.673~80107720.716,광주광역시*********,2481000.758~2483829.445
김**,09042*********,010-*********,jinumin***************,41372088.714~41396766.525,충청남도 ***********,19357484.691~19367127.921
류**,83050*********,010-*********,subinhon****************,73440932.096~73475339.226,대전광역*******,6383857.456~6386813.02
김**,96100*********,010-*********,cbag********,97737560.163~97746631.005,인천광역시*********,17343700.048~17362579.548
이**,98062*********,010-*********,migyeo*************,53400267.07~53429043.712,제주특별자치*************,19637136.254~19641551.223
백**,87102*********,010-*********,pgim@**********,94878849.224~94903921.902,충청북도 ***********,24602445.746~24626679.675
장**,00040*********,010-*********,ijeong************,30075269.302~30095278.97,대구광역시 ***********,4354797.091~4355912.936
서**,92051*********,010-*********,ugim*******,41153984.535~41188812.307,강원도 *******,1335039.163~1336950.216
한**,77042*********,010-*********,ujin*********,63396060.883~63425163.233,전라북도 ***********,3926251.164~3927819.842
이**,60052*********,010-*********,jaeho10***************,19149730.133~19158364.042,충청북도 ***********,3737009.347~3737839.025
손**,95103*********,010-*********,yeongsu****************,11603772.295~11623624.981,충청북도 ***********,160800.714~161305.601
김**,63041*********,010-*********,jeongung*****************,16865775.124~16879995.421,세종특별자치**************,1355662.94~1360097.339
나**,50041*********,010-*********,seungmi***************,67142366.246~67161483.496,경상북도 ***********,27477178.976~27517559.154
최**,76011*********,010-*********,bagyeong*****************,73475339.226~73499973.32,서울특별*********,9834312.312~9839340.427
양**,48062*********,010-*********,jiub*********,6329372.163~6355835.166,서울특별*********,110027.138~110487.204
임**,48052*********,010-*********,cryu@**********,28896350.461~28906941.893,세종특별자치*************,13905608.878~13910205.192
권**,57082*********,010-*********,byeong*************,30009696.671~30021117.931,부산광역********,7148649.385~7154030.958
김**,70031*********,010-*********,yeongh************,65652112.006~65680421.46,인천광역********,42518907.604~42562510.256
이**,91072*********,010-*********,bagjeo***********,84497699.061~84546153.667,강원도 홍**********,2205830.674~2209580.706
장**,70010*********,010-*********,vu@******,91746890.876~91763350.356,인천광역*********,27638473.589~27649712.08
한**,59090*********,010-*********,jeong***********,5105809.8~5118510.614,울산광역********,751470.47~753234.26
김**,44070*********,010-*********,miyeong6****************,2279715.052~2293671.44,경상북도 ***********,1596413.758~1599591.723
김**,96060*********,010-*********,jeongs***********,76246292.724~76263539.984,전라북도 ***********,13166807.611~13171878.04
김**,53010*********,010-*********,iseojun**************,79789696.927~79799508.907,세종특별자치*************,20506038.301~20511788.758
이**,45010*********,010-*********,hyeonji2****************,15883846.349~15919677.718,전라남도 ***********,6030587.565~6034726.362
조**,52052*********,010-*********,vgim*******,45601019.911~45618574.629,제주특별자***********,6660803.488~6665910.978
김**,83022*********,010-*********,zi@b********,89364918.51~89377036.358,강원도 양**********,25079568.624~25095953.541
이**,05012*********,010-*********,jihun**********,51054991.215~51062066.984,경기도 화**********,20884590.622~20901948.818
최**,73111*********,010-*********,mijeongg*****************,70198634.048~70227159.401,제주특별자치*************,37859653.85~37960659.608
강**,52041*********,010-*********,lbag@j*************,20516467.876~20534545.533,부산광역*********,3695821.881~3697677.23
류**,95071*********,010-*********,minseo9***************,3090244.656~3098627.919,부산광역*********,541662.483~542039.514
박**,61032*********,010-*********,byeongceo******************,99738866.318~99770373.66,충청북도 ***********,23635018.668~23637759.119
이**,08101*********,010-*********,doyun**********,26052513.87~26062102.677,세종특별자**********,5736057.616~5738901.312
한**,08102*********,010-*********,bcoe*******,20985303.333~20999039.847,광주광역*********,259580.466~263944.362
장**,96010*********,010-*********,misugsim******************,45618574.629~45643351.391,충청북도 ***********,8278810.388~8284131.115
류**,72090*********,010-*********,bbae@**********,65557615.902~65570310.326,서울특별*********,1938619.616~1940182.049
류**,51110*********,010-*********,subin*********,41447476.122~41460712.738,대구광역********,3861648.951~3862315.296
이**,90042*********,010-*********,yi@se***********,90114945.688~90144571.261,울산광역********,14626609.46~14630793.224
윤**,07011*********,010-*********,baegseo**************,33819578.629~33844764.115,제주특별자**********,4044701.182~4046676.178
김**,06011*********,010-*********,gweonyeo*****************,13813471.014~13836583.401,서울특별시***********,286726.787~290041.128
홍**,09082*********,010-*********,jihy*********,64730889.256~64754287.068,서울특별*********,26046213.687~26071400.737
서**,53022*********,010-*********,iyeji***********,90823479.735~90882471.21,인천광역시*********,18307904.678~18318564.689
김**,74080*********,010-*********,vhwa*********,6025639.135~6031465.652,대전광역*******,4305696.798~4311056.023
신**,78062*********,010-*********,ljeong@**************,45089556.843~45111635.072,경상남도 ***********,11253114.537~11260259.628
장**,98071*********,010-*********,bagyeong*****************,33031514.741~33070462.479,경기도 가**********,4597976.268~4606085.665
황**,92062*********,010-*********,gweony**************,96464861.216~96476911.48,제주특별자***********,43867918.276~43905066.809
서**,63022*********,010-*********,useo@g***********,78214371.55~78230511.462,충청남도 ***********,2421587.16~2427788.845
김**,55040*********,010-*********,baeghy**************,93844798.013~93883206.229,부산광역********,4444164.187~4448025.37
최**,49070*********,010-*********,jihun*********,15033509.361~15042308.795,경상북도 ***********,3959456.527~3965955.514
심**,60011*********,010-*********,seunghy**************,16162069.152~16182261.4,경기도 *******,9347110.861~9350743.629
최**,54122*********,010-*********,yeong**********,83554962.827~83571233.868,세종특별자치*************,4281574.904~4283951.673
이**,93111*********,010-*********,oyeong**************,10591921.118~10594710.062,제주특별자**********,4455204.038~4459255.882
이**,78112*********,010-*********,wi@*****,12406314.626~12441340.663,전라남도 ***********,349605.299~350494.16
김**,86020*********,010-*********,hyeon***********,30635804.424~30655967.141,서울특별*********,1107850.053~1109872.819
강**,77100*********,010-*********,dohyeon7****************,90590969.021~90606951.966,경기도 안**********,33323547.064~33353356.994
윤**,05062*********,010-*********,hmun*******,96760562.062~96784429.405,전라남도 **********,8251208.664~8256972.396
허**,04083*********,010-*********,yeongsun******************,51999192.434~52023622.58,부산광역*********,109006.882~110027.138
류**,80091*********,010-*********,junhyeog****************,74686038.782~74723376.876,광주광역********,12209738.725~12215833.807
김**,54030*********,010-*********,jeongh************,17127451.841~17132534.113,경상남도 ***********,2605910.173~2609421.824
우**,06061*********,010-*********,dcoe@y*************,54212736.017~54224450.374,인천광역********,2517701.136~2519679.101
이**,08010*********,010-*********,sanghunh****************,24115918.51~24133688.72,경상북도 **********,4213653.255~4222162.347
김**,13120*********,010-*********,songseoye******************,57973024.221~57997227.341,경기도 고***********,8320082.168~8323387.418
배**,80102*********,010-*********,ihyeo**********,27155631.409~27181698.6,강원도 횡**********,8930446.462~8934318.926
황**,75022*********,010-*********,seojeon****************,72316653.568~72328376.002,강원도 *******,22550834.642~22570108.404
김**,47082*********,010-*********,subin**********,97803252.968~97819261.549,울산광역********,28035285.78~28101177.597
백**,92030*********,010-*********,lbag@y*************,30912471.0~30924213.726,세종특별자치*************,7126570.281~7129176.307
김**,92050*********,010-*********,yeong***********,98737466.109~98748018.944,부산광역시*********,6584601.736~6596939.905
김**,44020*********,010-*********,rsim*******,72746400.328~72752499.505,울산광역시***********,3046997.156~3049923.734
송**,70091*********,010-*********,jangseo**************,25672800.869~25692508.619,대전광역*********,3788912.524~3791745.167
최**,83031*********,010-*********,hi@m*********,43176163.043~43191002.442,충청남도 ***********,18985971.991~18997011.849
서**,92042*********,010-*********,pgim@j*************,8266491.224~8274234.078,서울특별*********,2925527.362~2926900.882
이**,44080*********,010-*********,hyeonj***********,77482137.484~77494119.972,충청남도 ***********,19022757.91~19026877.2
남**,57020*********,010-*********,gimgwang*****************,23623519.426~23660929.216,서울특별*********,3166668.408~3168607.119
서**,14101*********,010-*********,jeongh**************,20795637.785~20815240.068,강원도 양**********,2566844.804~2570885.876
권**,63101*********,010-*********,jeonghun****************,28061441.097~28066141.172,경상북도 ***********,5334294.46~5337050.5
김**,89031*********,010-*********,seong***********,2293671.44~2316527.539,대전광역*********,1100432.524~1102170.484
임**,82061*********,010-*********,pbag@y************,27840092.592~27864728.94,인천광역*********,545550.252~549144.252
이**,91082*********,010-*********,sunja05****************,57358488.371~57362770.92,강원도 *******,5869395.641~5875489.442
성**,71111*********,010-*********,mijeong****************,53737298.755~53761073.435,제주특별자치**************,19933551.776~19937241.656
김**,49021*********,010-*********,ogim@**********,79080911.984~79101408.08,대구광역시*********,12046317.684~12050372.918
황**,80103*********,010-*********,ogsunjan****************,66029790.051~66043337.809,경상북도 ***********,30029908.697~30080517.69
이**,51012*********,010-*********,jiyeon************,66726145.143~66736793.894,전라북도 ***********,2548560.769~2552310.669
강**,86070*********,010-*********,seong***********,56727245.908~56742446.423,충청북도 ***********,9633391.131~9639443.763
김**,94021*********,010-*********,gangbye**************,55077068.201~55092848.027,경상북도 ***********,9489840.407~9493370.044
박**,48100*********,010-*********,areu*********,22997396.269~23010334.272,경상남도 ***********,2129727.885~2132182.65
황**,14051*********,010-*********,lgim@*********,98686898.413~98708340.381,경상북도 ***********,2045383.453~2047781.854
양**,56030*********,010-*********,junho0**************,12213393.318~12215921.302,대전광역********,733544.322~734060.999
이**,85030*********,010-*********,jinhog*************,61976818.951~61984011.824,제주특별자치**************,14355819.316~14361791.133
이**,82031*********,010-*********,yeeungi***************,32253179.234~32268062.09,충청북도 ***********,5168147.832~5173311.94
김**,04122*********,010-*********,seongj***********,11257680.951~11297120.377,세종특별자치*************,795436.474~796731.871
안**,65020*********,010-*********,gweonye**************,63776914.147~63799914.045,대전광역********,209503.258~210810.772
이**,78083*********,010-*********,zsong*********,11634206.046~11702489.757,경기도 평**********,499703.601~500564.633
노**,74011*********,010-*********,gyeong*************,57783508.425~57800231.534,대전광역*********,7190334.842~7193869.29
홍**,83091*********,010-*********,zi@co*********,94310319.356~94347674.516,전라북도 ***********,5551586.469~5562249.325
양**,09102*********,010-*********,seoyeo*************,47749270.208~47761374.284,전라남도 ***********,24394360.502~24409361.851
강**,68082*********,010-*********,boram5**************,31609343.338~31632979.496,대전광역*******,3190536.766~3194403.141
박**,44121*********,010-*********,ki@gi**********,21796399.708~21818958.43,광주광역********,3408162.8~3409030.646
김**,02010*********,010-*********,jiar********,66805283.69~66830779.628,서울특별시*********,9786278.774~9791969.316
이**,54122*********,010-*********,eyun@*********,48486944.325~48498363.294,서울특별시*********,13778844.268~13783197.639
이**,52040*********,010-*********,jeonghyi*****************,51604362.864~51609647.148,서울특별*********,13057251.261~13067095.82
윤**,71061*********,010-*********,sujin*********,25775905.688~25788272.481,충청북도 청**************,2202472.718~2204362.078
박**,04051*********,010-*********,ni@hon***********,80611681.336~80627448.64,세종특별자**********,21535997.435~21548353.594
이**,74060*********,010-*********,heoseun**************,29137749.562~29150607.821,울산광역********,8123398.49~8128428.102
고**,01082*********,010-*********,coejihye****************,3201796.693~3207782.35,세종특별자치*************,409098.401~412034.847
박**,13021*********,010-*********,ojaehye**************,43564695.472~43581582.518,충청남도 ***********,2619572.582~2625509.149
이**,14051*********,010-*********,ryun@g*************,29905530.291~29918295.04,광주광역********,3112032.689~3114777.052
배**,74080*********,010-*********,jeongsun******************,50119444.243~50147519.039,충청북도 ***********,2654370.001~2657837.088
최**,63071*********,010-*********,myeon***********,42566238.84~42605217.786,대전광역*******,32292009.027~32314549.045
민**,54102*********,010-*********,myeongja2******************,9603264.546~9608562.005,충청남도 ***********,117476.544~122197.909
이**,62122*********,010-*********,sunogse****************,20198029.624~20212629.442,전라북도 ***********,8498703.446~8503283.211
김**,05030*********,010-*********,gweonsub*****************,38119532.043~38125304.291,제주특별자치**************,755869.978~756978.04
김**,62040*********,010-*********,jungsu7**************,83204627.664~83231272.553,대전광역*******,4288955.384~4291388.916
구**,83122*********,010-*********,hongji**************,67610586.98~67652276.817,울산광역시 ***********,4666706.891~4671939.008
최**,07011*********,010-*********,sumin8**************,21973182.413~22001544.886,경상북도 *********,2445155.713~2446919.879
김**,82050*********,010-*********,sujin09**************,44900216.24~44946602.341,충청북도 ***********,1411179.68~1411774.517
민**,93011*********,010-*********,ansang**************,97536817.135~97561770.846,대전광역********,11939582.928~11947462.389
홍**,13080*********,010-*********,seonyeon*****************,63205878.798~63247717.408,대전광역*******,15097985.578~15104267.128
강**,63012*********,010-*********,jangyeon******************,61800442.333~61822318.13,인천광역********,1138256.141~1140878.972
김**,02012*********,010-*********,hyeonje**************,27273755.797~27290622.078,제주특별자치*************,3735258.32~3737009.347
우**,44052*********,010-*********,idong***********,13305670.839~13330153.094,광주광역********,4145920.856~4147889.825
김**,67082*********,010-*********,ncoe@y*************,70124017.991~70134782.439,인천광역시*********,6406560.46~6412825.303
신**,08033*********,010-*********,eunji*********,34854959.767~34875910.223,울산광역시 ***********,4440190.564~4444164.187
김**,46011*********,010-*********,seongsu****************,98987944.06~99000632.307,부산광역*********,33088060.384~33097582.779
김**,58082*********,010-*********,hyeonjeon******************,48233687.946~48244329.98,부산광역********,3053962.256~3060756.118
문**,68090*********,010-*********,bi@co***********,38312565.771~38330611.635,광주광역********,9995973.117~10001766.043
송**,02050*********,010-*********,ci@yuh***********,47867027.126~47885627.102,경상남도 ***********,17384557.558~17403262.06
박**,06022*********,010-*********,eunyeo************,31098138.784~31123762.295,충청남도 ***********,393893.041~394827.97
강**,62020*********,010-*********,gimdon************,66483674.575~66526098.264,제주특별자***********,25015089.332~25061431.434
이**,01041*********,010-*********,jinho5***********,67006398.051~67023461.752,경상북도********,5966819.755~5971437.12
이**,83013*********,010-*********,iseony*************,96743613.925~96760562.062,광주광역********,32701818.712~32805766.568
최**,66080*********,010-*********,gyeonghyi******************,2916584.776~2931543.763,경기도 수*********,1149187.392~1150352.72
이**,76081*********,010-*********,lgim*********,84153183.974~84170004.68,경기도 여**********,13191702.844~13193934.418
김**,05052*********,010-*********,gyeongs****************,33085956.145~33088199.774,서울특별********,2758180.19~2763179.55
성**,71120*********,010-*********,seoju***********,99382047.112~99417607.2,부산광역*********,2433913.37~2438806.425
최**,96092*********,010-*********,jeong***********,30460353.892~30472993.288,전라북도 ***********,17496038.536~17504933.008
이**,73112*********,010-*********,gyeong**************,41739544.307~41795279.261,충청남도********,1440912.406~1441186.226
박**,76071*********,010-*********,ngim*******,21182987.031~21195996.107,강원도 *******,4996534.249~5004296.312
박**,83042*********,010-*********,myeongs***************,7262253.021~7263720.704,경상북도 ***********,100503.999~100971.991
박**,68020*********,010-*********,ecoe@j************,75417473.124~75433816.351,서울특별*********,42231897.857~42299158.37
박**,89011*********,010-*********,vi@******,82642805.77~82655004.274,제주특별자***********,1001826.307~1002795.603
이**,63070*********,010-*********,obag@se**************,60817532.195~60822884.104,강원도 양**********,6525448.928~6530691.107
권**,84123*********,010-*********,bi@******,6715952.586~6724619.754,서울특별시*********,886635.472~888407.08
이**,60041*********,010-*********,sunjayan****************,57816497.196~57820007.648,부산광역*********,20198660.502~20230132.466
이**,57092*********,010-*********,areum85***************,24717130.857~24738425.724,충청북도 ***********,9528179.519~9533396.63
윤**,44123*********,010-*********,seonghye*****************,50919590.864~50951651.726,울산광역********,11874581.033~11876954.983
김**,76030*********,010-*********,hyeonui**************,4120890.445~4136842.013,광주광역********,991645.777~993950.53
양**,60021*********,010-*********,mi@yuh***********,20883225.809~20908035.114,세종특별자치*************,4118735.081~4122761.74
김**,66070*********,010-*********,eungyeong******************,70983715.435~71001685.6,대전광역********,31540327.139~31555895.237
최**,91041*********,010-*********,ugim@j************,64056832.984~64076951.415,대구광역********,19648118.967~19657255.354
이**,61020*********,010-*********,yunseun****************,45423230.715~45445211.146,충청남도 ***********,8226414.538~8239689.446
김**,87082*********,010-*********,gimjun************,65084134.355~65094013.143,경기도 성**********,638916.618~641771.319
박**,85081*********,010-*********,ai@ju***********,56026767.571~56040032.266,충청남도 ***********,20652659.589~20692442.521
오**,93021*********,010-*********,jiyeon*************,82139536.193~82161145.52,광주광역********,4836557.853~4837682.968
김**,61042*********,010-*********,umyeongs*****************,50203711.759~50231010.998,강원도 영월***********,36140174.077~36266178.945
양**,04042*********,010-*********,minji0************,48465139.898~48486944.325,충청북도 청**************,8270916.983~8278535.896
박**,96092*********,010-*********,yunseoy***************,36988160.224~37003943.765,전라남도 ***********,6171886.754~6184647.656
이**,54090*********,010-*********,ieunyeo**************,65238379.068~65247576.212,울산광역********,8498703.446~8503283.211
이**,46090*********,010-*********,gimog*********,25846725.165~25866438.017,경상북도 ***********,7193869.29~7196004.203
최**,97050*********,010-*********,jia58*********,43020054.78~43049701.746,대전광역*********,9460866.509~9462315.3
박**,73021*********,010-*********,tbag@y*************,93018882.656~93029452.425,대구광역********,13106847.6~13120155.506
김**,99070*********,010-*********,yeongg************,81321305.856~81339250.617,충청남도 ***********,603667.182~604913.027
이**,54090*********,010-*********,gweonjunh*******************,31776289.478~31814877.03,대전광역*********,1255011.171~1260588.33
박**,86031*********,010-*********,seoyeong*****************,18408037.178~18420817.913,서울특별*********,249425.391~250084.522
최**,63091*********,010-*********,yeweon7****************,86311895.902~86321837.73,강원도 평**********,29967222.256~29996890.768
박**,67030*********,010-*********,hyeonj*************,75618004.12~75619094.69,충청북도 ***********,11025916.726~11031993.969
박**,76100*********,010-*********,ybae@h***********,99709292.587~99738866.318,세종특별자치*************,42820589.365~42970169.818
서**,64021*********,010-*********,fi@g*******,37762919.432~37834836.04,경상남도 ***********,10065019.516~10070808.288
이**,96040*********,010-*********,sangce************,61984011.824~62011698.306,부산광역*********,30841970.827~30894639.109
박**,82120*********,010-*********,mijeon************,15212702.4~15257316.923,세종특별자치*************,5718406.309~5721523.079
홍**,10022*********,010-*********,myeongsug*******************,36518959.552~36527650.644,대구광역시*********,3363846.179~3367998.023
임**,80030*********,010-*********,geonuja***************,45239515.415~45255783.042,경상남도 창***********,5358467.912~5359451.589
김**,48100*********,010-*********,iyeongce*****************,37520380.386~37534308.365,대전광역********,1371813.881~1373460.368
김**,71052*********,010-*********,jiyeong****************,40031572.893~40046650.116,강원도 강**********,2619572.582~2625509.149
강**,69040*********,010-*********,bagyej**************,48330456.243~48347761.644,경상북도 ***********,8746372.15~8749528.816
김**,49121*********,010-*********,jiweon6***************,27463050.114~27482856.784,경상남도 ***********,2493544.886~2495723.827
최**,48010*********,010-*********,jeonghyis*******************,71840834.246~71861179.257,인천광역*********,248583.249~249425.391
최**,56080*********,010-*********,seoyeo*************,59013256.398~59049525.209,광주광역시*********,9783637.154~9786278.774
이**,68042*********,010-*********,jjang@***********,51949697.526~51957852.196,대구광역*********,9791969.316~9798194.783
유**,60032*********,010-*********,eomjae*************,14824136.363~14858097.893,강원도 *******,306627.497~307222.716
문**,68073*********,010-*********,ugi*******,97819261.549~97822778.02,전라북도 ***********,20815397.627~20849901.4
오**,83081*********,010-*********,sangce***********,37221461.511~37239286.243,대구광역시*********,8447415.435~8456116.427
황**,49062*********,010-*********,ohan@**********,56704828.114~56714882.256,경기도 성**********,11521720.799~11535997.644
이**,84112*********,010-*********,minji*********,66884175.17~66932388.305,인천광역시*********,2751911.901~2753011.491
백**,84033*********,010-*********,seongm**************,20772509.381~20786509.839,울산광역시 ***********,4427002.875~4430146.043
박**,69041*********,010-*********,myeong***********,92930721.546~92952648.747,경상남도 ***********,27107666.433~27111797.052
이**,91062*********,010-*********,igyeon**************,22108990.075~22111822.557,강원도 *******,2935472.73~2935917.702
김**,84052*********,010-*********,yeongh***********,84201239.592~84232677.77,충청북도 ***********,298267.746~302857.379
최**,44073*********,010-*********,seoyeong****************,24013919.399~24044410.686,대전광역*******,5267962.779~5271992.59
신**,02100*********,010-*********,iyeongj***************,92529334.272~92557989.557,제주특별자치**************,8093556.013~8095741.91
권**,97012*********,010-*********,gangyewe****************,86923454.192~86930797.343,세종특별자치*************,1851836.837~1853756.29
최**,70061*********,010-*********,byeongceo******************,62615876.069~62637538.891,강원도 삼**********,5065442.273~5069419.276
이**,84010*********,010-*********,yeonghyi*****************,60241263.455~60257011.072,충청북도 ***********,35101863.439~35154661.363
오**,63090*********,010-*********,usim@c***********,93209422.502~93213584.406,제주특별자치**************,43343061.922~43448530.979
안**,60081*********,010-*********,siu95@**************,25206798.24~25209786.27,충청북도 ***********,607683.373~608789.488
서**,95012*********,010-*********,hgim*******,95812012.143~95824693.11,세종특별자치*************,11876954.983~11885149.007
최**,84011*********,010-*********,bagmijeo****************,54842108.088~54877784.238,경기도 안**********,12643685.356~12648336.831
최**,73061*********,010-*********,seoyeong*****************,40760437.758~40791252.098,부산광역*********,14260935.236~14266074.975
이**,89101*********,010-*********,ki@ic**********,68722426.894~68752877.966,광주광역********,10654706.32~10667891.621
박**,55121*********,010-*********,misu*********,34907686.656~34924690.705,충청북도 ***********,13588100.704~13589850.403
오**,06120*********,010-*********,hongmi**************,11297120.377~11310439.832,부산광역시*********,2983393.088~2984766.474
김**,45030*********,010-*********,seonyeon******************,14087244.088~14102207.538,서울특별*********,682825.1~683862.21
김**,97060*********,010-*********,caeweo************,39057209.56~39069468.035,세종특별자치*************,12483740.449~12493750.75
조**,00081*********,010-*********,sugja7*************,57156624.158~57169827.093,광주광역********,11547303.831~11565374.006
조**,69040*********,010-*********,agim@y*************,36835101.224~36856406.636,대전광역********,24967701.653~24987589.48
김**,74022*********,010-*********,sgweo***********,20081645.403~20096929.8,부산광역********,1935838.124~1936386.89
장**,82072*********,010-*********,pan@yu***********,92480342.256~92518937.568,충청남도 ***********,26225906.377~26233844.507
서**,91061*********,010-*********,bagmins***************,99185687.333~99212157.029,서울특별시*********,14312423.887~14312907.712
주**,07081*********,010-*********,hyeonj*************,49226397.966~49254346.388,경상북도 ***********,4424226.439~4427002.875
김**,98041*********,010-*********,pyu*******,25209786.27~25221804.355,전라남도 ***********,6334007.428~6339908.535
이**,05060*********,010-*********,bagyeji***************,61984011.824~62011698.306,대구광역*********,48446097.469~48481660.288
조**,00033*********,010-*********,yeongi************,83969393.338~84017238.766,세종특별자치*************,25600446.808~25626498.422
김**,61082*********,010-*********,iseonyeo****************,52462028.366~52483434.106,경상북도 ***********,28015162.89~28035285.78
신**,03011*********,010-*********,fmun@y*************,58107657.19~58121960.735,서울특별*********,1918005.333~1919079.032
김**,46101*********,010-*********,myeong***********,91310964.87~91318266.95,전라남도 ***********,12562491.104~12570271.566
박**,62101*********,010-*********,sangh***********,38011933.276~38019576.165,광주광역********,5022007.779~5025365.587
오**,90072*********,010-*********,ycoe@**********,32028323.27~32050258.904,경상남도 **********,12749950.775~12750330.427
김**,99100*********,010-*********,isumin@**************,79916832.474~79929661.614,서울특별********,12891674.894~12917226.188
이**,46061*********,010-*********,igim@g**************,20482784.138~20516467.876,광주광역*******,9981915.894~9995973.117
류**,13040*********,010-*********,ihyej***********,40970209.614~41003270.607,광주광역********,23445674.708~23462629.056
양**,02112*********,010-*********,simogja**************,92350452.909~92367838.08,경상남도 ***********,4936854.1~4940223.822
서**,11110*********,010-*********,yeonghwa*****************,15933609.919~15943637.889,부산광역*********,211949.41~217441.965
권**,59040*********,010-*********,seongh*************,90264333.507~90271867.783,대구광역시*********,26544057.786~26563945.217
강**,46050*********,010-*********,seohyeon*****************,83734859.014~83757827.676,울산광역********,151205.979~152423.351
엄**,75080*********,010-*********,gimseo************,62819731.013~62846172.194,전라북도 ***********,14931435.212~14935304.268
이**,53062*********,010-*********,yeonghyi*****************,43112202.238~43122260.594,충청남도 ***********,7073474.494~7074285.322
이**,79012*********,010-*********,noeungy****************,97026463.406~97107355.727,대전광역********,7941994.244~7946362.062
김**,10092*********,010-*********,juweon***********,65849780.925~65852816.039,부산광역시**********,1091581.878~1095213.551
이**,88071*********,010-*********,hbag@**********,34656204.909~34667425.879,부산광역*********,7463691.634~7479513.696
최**,57051*********,010-*********,rgim*******,30924213.726~30966119.313,제주특별자치**************,761537.066~764161.894
김**,86013*********,010-*********,yeongh*************,30627452.586~30635804.424,광주광역********,162758.2~164856.938
박**,66063*********,010-*********,nayeon************,81596593.921~81604906.699,경기도 연**********,24122240.226~24142119.104
오**,48022*********,010-*********,seoye***********,38935427.976~38952853.013,서울특별*********,13788620.365~13798457.069
장**,49091*********,010-*********,gyeonghy****************,90047195.938~90085012.252,충청북도 ***********,14614859.146~14623751.346
김**,94120*********,010-*********,yujinjeo*****************,21973182.413~22001544.886,충청남도 천**************,14418425.403~14425096.218
최**,48101*********,010-*********,yeongho***************,22027832.918~22032547.324,경상남도 ***********,5690526.418~5698536.965
김**,87121*********,010-*********,bagmiye***************,72405896.966~72415694.374,울산광역********,973672.0~974111.15
문**,75101*********,010-*********,jungsu**************,7852184.77~7894966.269,경기도 *******,302857.379~306627.497
안**,12051*********,010-*********,seojunc***************,82993383.568~83003142.34,전라북도********,1252066.979~1252649.499
하**,87121*********,010-*********,jiyeo**********,35042457.675~35059779.296,대전광역********,6578580.923~6581655.309
이**,58020*********,010-*********,mgim@y************,62637538.891~62662131.636,서울특별시*********,2670151.405~2672041.496
장**,45022*********,010-*********,subin25**************,21391932.03~21395394.444,경상남도 **********,353347.257~354976.375
이**,04082*********,010-*********,yujin45***************,36966167.638~36988160.224,제주특별자치**************,10406350.95~10414603.104
양**,78031*********,010-*********,vgim*******,54917813.054~54941492.723,인천광역********,1129335.403~1135913.141
박**,04040*********,010-*********,jeonghae*****************,22524304.544~22551990.656,전라남도 ***********,5205208.268~5210837.569
박**,83060*********,010-*********,asin@y*************,9911263.722~9914121.286,경상북도 ***********,2754305.455~2755890.462
이**,46091*********,010-*********,jia66@**************,71303335.998~71319308.067,인천광역********,22831549.12~22837259.322
이**,83111*********,010-*********,eseo@b************,4239652.181~4240982.949,대전광역*********,582399.245~588421.159
김**,73011*********,010-*********,baegmis***************,13417789.042~13433167.042,전라북도********,4365107.585~4373247.204
유**,65111*********,010-*********,gyeongjab*******************,40934962.712~40945881.78,충청북도 ***********,6400245.237~6401581.23
손**,00020*********,010-*********,wcoe@b************,68680558.78~68685682.89,전라남도*******,20038052.76~20047508.741
손**,71060*********,010-*********,vgim@j*************,2931543.763~2952564.784,울산광역********,1250182.807~1252066.979
고**,76062*********,010-*********,thwan***********,15823911.448~15826444.104,경상북도 봉***********,3496628.186~3497913.401
이**,53122*********,010-*********,yejinso****************,72152415.905~72170965.058,대구광역********,8123398.49~8128428.102
김**,13101*********,010-*********,gimdonghy******************,9473039.011~9487409.792,서울특별*********,3674693.835~3676934.166
김**,85082*********,010-*********,jiyeon6****************,54376108.259~54411386.062,충청남도 **********,1473202.28~1474515.251
문**,46010*********,010-*********,vhan@**********,92906797.184~92920421.024,인천광역*********,48579759.81~48701846.045
박**,51060*********,010-*********,gimmye************,67584687.504~67595000.408,세종특별자치*************,5823653.641~5827560.788
김**,85040*********,010-*********,ti@y********,31760333.027~31776289.478,대구광역*********,2603719.123~2605910.173
최**,53102*********,010-*********,jiseoh*************,65480574.128~65499796.563,인천광역********,8567145.55~8573936.08
류**,69122*********,010-*********,ihong@*************,57502072.256~57534960.107,경상북도 포*************,4317635.865~4321680.054
김**,65070*********,010-*********,iseoyeon****************,70485581.876~70504062.216,서울특별********,315649.365~317120.855
최**,66010*********,010-*********,jihun3**************,63711034.845~63742892.755,인천광역시*********,4857779.199~4867637.133
남**,54010*********,010-*********,tbag@***********,91374725.758~91401609.647,경상북도 ***********,3592297.708~3595203.523
최**,88042*********,010-*********,jeonghyi****************,52251605.181~52259265.835,충청남도 ***********,22570108.404~22583010.682
홍**,01031*********,010-*********,yeongce***************,96793330.023~96838560.175,제주특별자**********,6704087.162~6715021.278
곽**,77110*********,010-*********,jiyeongg******************,39477484.351~39483686.824,충청남도 ***********,2292031.274~2296141.34
김**,95030*********,010-*********,gomisu*************,32565506.304~32603265.668,울산광역********,5370074.336~5375039.616
김**,98022*********,010-*********,mijeongg*****************,94753019.912~94766978.014,전라남도 ***********,61651699.478~61833140.916
송**,51071*********,010-*********,yeonghyi*****************,72059511.16~72063843.449,서울특별시*********,8093556.013~8095741.91
김**,96100*********,010-*********,junhog**************,26034377.881~26052513.87,강원도 평**********,11204826.254~11217249.382
김**,92010*********,010-*********,minseogg*****************,78757391.713~78767130.831,충청북도 청**************,40856586.544~40898857.437
이**,56123*********,010-*********,gimmin***********,53383228.002~53400267.07,경기도 *******,30841970.827~30894639.109
이**,87052*********,010-*********,hyeonui***************,9395504.438~9406315.572,세종특별자치*************,4634454.388~4638284.052
문**,52100*********,010-*********,seonyeon******************,36451722.802~36462221.448,경기도 *******,15026827.708~15033650.56
남**,14052*********,010-*********,hyeons************,6005503.712~6018974.859,부산광역*********,2009199.529~2010363.767
김**,74061*********,010-*********,boramja****************,52158041.106~52188456.918,서울특별시*********,18879609.764~18890204.409
조**,71081*********,010-*********,doyun*********,45660975.965~45684026.68,전라남도 ***********,3831963.999~3834531.441
김**,79092*********,010-*********,imseo**********,75493311.135~75536771.147,제주특별자치*************,27649712.08~27669031.36
이**,83121*********,010-*********,seoyeong*****************,71450550.544~71458459.041,대전광역********,1689428.44~1697230.842
백**,68032*********,010-*********,eunji**********,57258360.802~57311593.144,대구광역시 ***********,13454416.776~13457147.054
김**,61021*********,010-*********,jeonyeon****************,82133801.036~82139536.193,부산광역*********,21377591.24~21382038.255
김**,80042*********,010-*********,qjo@ba***********,10600848.488~10640168.32,전라남도 ***********,1860650.218~1867084.971
김**,74012*********,010-*********,migyeo*************,75108826.879~75152458.122,인천광역*********,31581623.238~31669366.39
한**,01052*********,010-*********,ygim*********,66662608.982~66688232.419,강원도 정**********,1698506.144~1700117.211
송**,70070*********,010-*********,igim@***********,85419028.359~85444147.363,전라남도 ***********,11521720.799~11535997.644
황**,62092*********,010-*********,mgim*******,14117401.213~14129587.336,부산광역*********,4023446.917~4028902.392
강**,74021*********,010-*********,hyeon***********,60822884.104~60831222.218,부산광역시*********,2534206.968~2535243.976
최**,64022*********,010-*********,minseo***********,43928780.853~43934180.288,세종특별자치*************,16291388.76~16314071.374
김**,46112*********,010-*********,ccoe********,16336176.978~16346362.152,인천광역********,1392822.206~1394301.586
김**,63061*********,010-*********,gweonyeon******************,95880314.282~95901376.637,강원도 양**********,59097283.36~59748581.371
김**,49102*********,010-*********,junho37**************,79162468.288~79173323.46,전라남도 ***********,3796062.415~3797211.733
오**,93030*********,010-*********,yejii@g**************,40844873.423~40880451.146,대전광역********,4890777.119~4894503.277
이**,89110*********,010-*********,yeongj*************,69790993.143~69811655.323,인천광역*********,449608.57~451236.876
박**,90031*********,010-*********,yeeun0************,46466784.606~46515489.315,경기도 수**********,11406463.091~11410155.809
이**,92092*********,010-*********,omyeong****************,28382595.548~28392004.401,충청남도 ***********,7700706.92~7704260.675
성**,63020*********,010-*********,seongji**************,3531324.239~3544231.71,경상북도 ***********,729372.628~730288.813
오**,87080*********,010-*********,gimjeong*****************,34532115.935~34604650.903,울산광역********,8392974.688~8394198.121
김**,80070*********,010-*********,jgim*******,49187274.634~49201986.86,전라북도 ***********,3698864.18~3700667.29
김**,45060*********,010-*********,gimmisu***************,17230899.618~17250105.46,전라북도 ***********,753994.454~754556.055
최**,14091*********,010-*********,yeongc***********,91401609.647~91413870.193,강원도 *******,6513727.718~6518282.776
김**,03102*********,010-*********,hyeonj*************,61346368.707~61366093.304,제주특별자치*************,6864225.012~6866501.966
유**,90053*********,010-*********,oryu@***********,85067771.424~85094007.06,광주광역********,50392603.065~50520479.267
허**,97051*********,010-*********,yeongho****************,81750844.117~81765788.496,전라남도 **********,4526871.58~4531544.578
이**,04052*********,010-*********,hwangmis*****************,74813355.331~74829218.843,전라북도 ***********,13451098.071~13454416.776
박**,77080*********,010-*********,jeongja****************,51433536.875~51450984.867,인천광역********,4233069.15~4238406.282
안**,62091*********,010-*********,ybag@y*************,75012876.16~75057959.62,부산광역시**********,42970169.818~43081038.912
박**,86010*********,010-*********,jimin28***************,70093799.118~70109375.653,제주특별자치**************,13026888.466~13028252.41
박**,79092*********,010-*********,hi@i********,39516557.956~39521873.928,경기도 수**********,5494679.971~5499930.486
이**,62051*********,010-*********,simareu****************,94578262.022~94600361.389,대전광역********,17043857.953~17048997.32
최**,52041*********,010-*********,gimse***********,34120626.98~34139023.95,대전광역*********,15203344.153~15212645.063
오**,15012*********,010-*********,eungyeo**************,41025538.169~41037478.6,대구광역시 ***********,10667891.621~10673384.355
이**,54041*********,010-*********,minju**********,83571233.868~83600747.14,광주광역********,24223665.557~24237253.144
안**,77040*********,010-*********,yujins**************,36688370.439~36692430.949,세종특별자**********,653632.943~656068.405
김**,87041*********,010-*********,igyeo***********,11781537.761~11795899.24,경상북도 ***********,147287.611~148262.737
이**,04111*********,010-*********,eunjuse***************,99770373.66~99798975.162,울산광역********,20610234.68~20612217.073
김**,52031*********,010-*********,yeeunba***************,4169651.187~4185426.166,제주특별자치*************,1717437.468~1719615.908
김**,08101*********,010-*********,rbag@j*************,44812192.344~44830106.687,전라남도 ***********,4580582.345~4591465.954
전**,87052*********,010-*********,yeonghyi******************,22198775.9~22253310.226,전라북도 ***********,8189724.224~8198024.061
김**,55031*********,010-*********,byeong*************,85699862.074~85709611.794,강원도 *******,50724816.565~50959074.208
이**,90041*********,010-*********,hyeonjeon******************,43078752.051~43084901.746,인천광역시*********,2145810.478~2146742.778
이**,55031*********,010-*********,xgweon@**************,78586696.025~78599676.516,대전광역********,5860710.736~5864281.789
홍**,86121*********,010-*********,ai@s*********,80406110.868~80425395.401,대전광역*********,47696103.711~47823042.82
윤**,48091*********,010-*********,seong***********,51939541.644~51949697.526,경기도 연**********,2408360.947~2410067.892
박**,69073*********,010-*********,yunseom***************,97847356.617~97887021.442,경상남도 **********,7778137.856~7782759.855
이**,96031*********,010-*********,bagyew*************,10397822.787~10410714.038,제주특별자***********,4105156.891~4108930.535
신**,12110*********,010-*********,sangh**********,9087004.628~9106705.443,경상남도 ***********,320467.554~324825.558
김**,69072*********,010-*********,jihyeb*************,13656190.699~13662322.572,부산광역시*********,7930849.772~7937196.048
윤**,78042*********,010-*********,qi@gi***********,81269369.985~81287475.498,경기도 여**********,12570271.566~12581757.728
권**,47080*********,010-*********,yeongh**************,73096730.5~73119124.106,대전광역*********,673064.561~673335.362
김**,71123*********,010-*********,migyeon**************,92721973.448~92732926.134,대구광역*********,3247865.995~3249894.218
박**,84061*********,010-*********,oi@ju***********,19517703.269~19554146.948,충청남도 ***********,2617732.592~2619572.582
김**,84041*********,010-*********,yeonghwa******************,97746631.005~97757926.806,충청남도 ***********,24441598.938~24473760.013
김**,65122*********,010-*********,yeongil6****************,59882450.448~59902921.929,충청북도 ***********,22169783.067~22190055.476
손**,90031*********,010-*********,gweoneun*****************,72170965.058~72190186.911,경기도 연**********,17272522.328~17285637.743
김**,83042*********,010-*********,seoyu**********,41831173.467~41841466.731,대전광역*********,3772588.248~3776321.424
박**,70121*********,010-*********,jeongsig*****************,83003142.34~83023349.741,세종특별자치*************,9966550.074~9968934.33
구**,68012*********,010-*********,yeongja7****************,46781145.094~46788185.164,충청북도 청**************,29347049.629~29369818.412
김**,83063*********,010-*********,seoyu***********,66557517.247~66586966.45,광주광역*******,32805766.568~32820202.513
진**,50113*********,010-*********,ijeonghun******************,3635877.906~3652336.33,서울특별*********,517561.061~518527.418
김**,72031*********,010-*********,jihun15***************,18547063.583~18556772.627,세종특별자치*************,1829202.942~1831903.222
김**,54090*********,010-*********,yeweon2****************,17635643.175~17668667.472,세종특별자치*************,1311909.447~1313726.811
김**,51091*********,010-*********,misugba**************,16206800.33~16257637.591,경상남도********,2938524.642~2939048.708
최**,46040*********,010-*********,yeongh*************,24375834.17~24410931.91,세종특별자치*************,2668875.69~2670151.405
오**,50070*********,010-*********,wgim@y*************,62080575.506~62090014.772,충청남도 계***********,10478270.088~10478550.546
전**,83061*********,010-*********,jeongs***********,18606413.352~18617787.17,전라남도 ***********,2164919.052~2165446.791
전**,99082*********,010-*********,seoyeon***************,40698744.656~40708046.498,인천광역시*********,4916574.678~4921401.11
김**,98010*********,010-*********,jinu*********,25123315.796~25173906.151,울산광역********,804791.425~805804.198
이**,84120*********,010-*********,minse***********,40342466.05~40363299.736,경상남도 ***********,9899022.431~9904695.38
박**,53012*********,010-*********,yeongj***********,48854231.077~48868662.458,경상북도 ***********,4341841.574~4343459.035
김**,65122*********,010-*********,seungm***********,40563639.545~40589426.172,세종특별자치*************,2265577.501~2267017.0
오**,11022*********,010-*********,sumini**************,13794051.39~13801419.587,대전광역*********,1232287.805~1234290.625
김**,85061*********,010-*********,agim********,90690785.667~90710276.132,전라남도 ***********,3377409.096~3380525.452
김**,68101*********,010-*********,caeweonc****************,82897965.396~82920472.08,경상북도 ***********,14210094.592~14219566.861
박**,83012*********,010-*********,wi@yu***********,93088300.667~93120306.156,충청남도 ***********,10756861.885~10763915.317
손**,54052*********,010-*********,hyejin7**************,89829251.625~89854890.598,경상북도 포*************,5098751.194~5101792.53
손**,96042*********,010-*********,hyeonju***************,4252432.871~4265181.12,강원도 *******,698506.685~701174.088
이**,68041*********,010-*********,seongs************,76754628.107~76767334.982,대구광역*********,7116755.255~7120837.988
김**,88051*********,010-*********,iseo@j*************,52056522.474~52069603.05,인천광역********,23674494.653~23729114.318
박**,95081*********,010-*********,mi@******,35001440.903~35027552.313,전라북도 ***********,3676934.166~3684086.774
이**,60121*********,010-*********,qhwang@**************,18702696.413~18726574.404,서울특별*********,13381507.881~13398202.925
김**,06062*********,010-*********,ieunyeo***************,39913217.993~39930902.016,인천광역********,29327592.792~29347049.629
이**,71100*********,010-*********,coejiyeon******************,89309018.439~89315176.134,경상남도 ***********,46703207.135~46765958.92
이**,90070*********,010-*********,gweonse***************,71540895.163~71567548.022,세종특별자치*************,16914131.564~16942243.152
박**,71030*********,010-*********,xgim@b***********,4146616.623~4169651.187,충청북도 ***********,1348713.563~1349442.946
김**,02053*********,010-*********,eunjeo*************,19801560.918~19818314.029,부산광역시*********,2642833.508~2644146.889
심**,09020*********,010-*********,gyeongh****************,55123727.474~55136837.806,전라북도 ***********,685499.32~688342.752
이**,76102*********,010-*********,gimmig************,89499370.022~89545897.596,전라북도 ***********,42365988.347~42381438.477
이**,74100*********,010-*********,gimcun**************,97428124.902~97444076.258,인천광역시 ***********,1934462.694~1935838.124
한**,10121*********,010-*********,mgim*********,80821550.244~80851753.286,제주특별자***********,5712539.32~5718406.309
이**,48010*********,010-*********,geon*********,40390132.13~40409284.557,경상남도 **********,4073081.122~4077202.966
엄**,08122*********,010-*********,wseo@b************,71467818.122~71477949.205,강원도 *******,29537918.27~29552548.646
이**,07031*********,010-*********,wgim@y*************,67171397.982~67187488.538,울산광역********,38633790.295~38704079.061
김**,54060*********,010-*********,yeonghy***************,56191659.169~56221947.018,경기도 포**********,9644344.533~9647070.97
이**,03050*********,010-*********,wgo@g*********,49465941.393~49475925.088,경상북도 **********,21047428.052~21073811.656
김**,50081*********,010-*********,minjun7***************,95627117.666~95638385.624,울산광역********,23825872.44~23835666.309
김**,62040*********,010-*********,eunjeong****************,6791864.37~6806102.734,제주특별자***********,2829465.626~2833825.014
김**,62062*********,010-*********,gimseoy***************,58716819.327~58762352.45,세종특별자치*************,27354122.544~27396996.867
권**,74122*********,010-*********,seodoyu****************,40927308.175~40934962.712,강원도 정**********,6121510.28~6122229.837
오**,54101*********,010-*********,jangeuny*****************,64362971.044~64386760.947,전라북도 ***********,11316769.149~11319221.985
김**,52080*********,010-*********,gimhye**************,12798088.327~12805452.203,울산광역********,2010363.767~2018622.928
최**,46011*********,010-*********,kcoe*******,48058037.285~48084231.37,대구광역*********,7811850.812~7816537.899
박**,03082*********,010-*********,rgwa*******,65884885.179~65912721.221,전라남도 ***********,8911288.238~8914727.48
김**,88031*********,010-*********,jia26@***********,93507831.81~93540432.178,강원도 철**********,16458095.109~16480014.659
김**,44040*********,010-*********,dohye***********,18793080.111~18813570.526,충청북도 ***********,4639652.163~4641004.028
이**,74081*********,010-*********,isunj***********,61425682.208~61470929.145,제주특별자***********,10478270.088~10478550.546
송**,78033*********,010-*********,ocoe*******,66795145.836~66805283.69,대구광역*********,45538879.398~45632564.181
양**,49032*********,010-*********,sangho1***************,84696293.027~84713395.024,제주특별자치**************,10870663.504~10883825.09
노**,48070*********,010-*********,yeongsu****************,36491671.577~36503075.139,대전광역*********,15071741.992~15080551.359
구**,08071*********,010-*********,seoyeong*****************,22369660.762~22393503.499,제주특별자***********,1016771.994~1017247.222
김**,59032*********,010-*********,mi@y*******,41633178.659~41644752.252,강원도 원**********,21526417.519~21530267.208
김**,99121*********,010-*********,hyeonsu****************,81512279.916~81524219.456,제주특별자***********,55411381.174~55603967.837
김**,81080*********,010-*********,jeonghy***************,15263690.238~15277506.494,세종특별자치*************,3818536.631~3820227.288
김**,13012*********,010-*********,yeongs**************,85025421.134~85041261.138,강원도 춘*********,10988348.255~11004366.279
박**,93111*********,010-*********,jiubae@**************,33610352.08~33627241.944,서울특별********,15340443.473~15344327.98
백**,70060*********,010-*********,ki@y*********,30095278.97~30150410.668,강원도 원**********,3321136.875~3322763.389
최**,07042*********,010-*********,yeong***********,99798975.162~99814944.378,대전광역********,8743440.543~8746372.15
홍**,72042*********,010-*********,yeeunjo**************,93285848.548~93301581.837,강원도 *******,9733299.681~9739631.71
이**,85060*********,010-*********,lgim*******,5239121.664~5247666.379,대구광역*******,738886.413~740923.034
이**,83060*********,010-*********,bagjimi****************,38011933.276~38019576.165,경기도 *******,8083124.342~8088431.464
김**,63083*********,010-*********,yi@b*********,12842893.703~12872142.628,제주특별자치*************,339565.839~341990.037
나**,89102*********,010-*********,seoyeong******************,95392820.444~95420102.649,전라남도 ***********,29458647.917~29502753.384
서**,45040*********,010-*********,ssim@j*************,12502758.517~12509763.032,전라북도 ***********,2918663.9~2923863.819
박**,13103*********,010-*********,ji@gi***********,63693007.617~63711034.845,서울특별*********,6743773.797~6750106.88
박**,68091*********,010-*********,gimsu*********,39233672.416~39239230.5,경기도 화**********,105407.94~106026.659
이**,92072*********,010-*********,yeweon4***************,84344765.179~84361601.095,대구광역********,40461769.786~40499470.94
김**,93110*********,010-*********,vji*******,20250984.055~20267370.648,강원도 평**********,170694.971~171889.08
김**,94033*********,010-*********,yunjeo***********,90271867.783~90278954.6,울산광역********,19228981.245~19232702.291
주**,57091*********,010-*********,jong*********,8992311.421~9013056.979,제주특별자치*************,934770.349~937434.826
박**,85070*********,010-*********,seonye***********,2980290.812~2994747.421,충청남도 ***********,219739.321~220385.916
한**,86110*********,010-*********,misugsi***************,47860826.17~47867027.126,경상북도 포*************,10824250.334~10833426.006
박**,46100*********,010-*********,ujin17***********,78902809.156~78920162.326,인천광역시 ***********,35752766.616~35827761.773
최**,66041*********,010-*********,yejin**********,7590178.573~7607615.822,제주특별자치*************,710501.43~713426.763
김**,79020*********,010-*********,sunjai@**************,26346559.133~26367203.584,제주특별자**********,3483174.375~3484290.229
서**,94061*********,010-*********,jeonmij**************,84651600.376~84680309.509,충청북도 ***********,51221772.883~51522582.288
송**,44092*********,010-*********,areum16**************,47180660.004~47205331.168,충청북도 청**************,6685786.926~6692978.837
박**,54072*********,010-*********,ii@******,61582325.467~61606474.081,세종특별자치*************,534518.709~535703.65
박**,90072*********,010-*********,ijin********,20021348.64~20024728.391,강원도 횡**********,869887.18~870672.014
이**,96021*********,010-*********,minja**********,32707564.79~32716660.757,부산광역*********,5821252.337~5822331.28
김**,65090*********,010-*********,sangho**************,32014348.486~32028323.27,전라북도 전***********,459086.079~461069.127
최**,11071*********,010-*********,iujin@***********,29670828.647~29675920.856,서울특별*********,13486627.283~13494328.456
강**,01110*********,010-*********,yangjong****************,77341797.34~77361695.99,충청북도 ***********,827287.084~829058.663
김**,55031*********,010-*********,seonghye******************,50964444.089~50980398.17,충청북도 청**************,1374150.868~1374541.379
양**,63070*********,010-*********,igyeong**************,44138495.208~44193446.902,경기도 고***********,10577169.191~10585690.882
박**,90080*********,010-*********,donghyeon********************,84845835.392~84859441.716,충청남도 ***********,57467419.585~58009751.694
엄**,71100*********,010-*********,jihye63***************,49448525.627~49453986.916,광주광역********,8180195.38~8189724.224
한**,89021*********,010-*********,eunju6************,25672800.869~25692508.619,경상남도********,18270580.92~18281366.2
이**,44120*********,010-*********,coesan************,4879218.238~4900897.176,충청북도 ***********,2053147.09~2054707.417
최**,97052*********,010-*********,gimgyeo****************,54489422.976~54503541.873,경기도 남***********,11834095.41~11857344.182
성**,70121*********,010-*********,minju***********,93240276.111~93261602.3,대구광역********,15097348.631~15097985.578
전**,06121*********,010-*********,gimjeo***********,74335879.408~74340219.139,경상북도 ***********,12275262.991~12290697.511
차**,58020*********,010-*********,sangho**************,78723144.867~78731290.287,충청북도 ***********,12344201.902~12355808.37
김**,11122*********,010-*********,byeongceo*******************,41644752.252~41651093.246,경기도 김**********,881892.851~883554.814
장**,70120*********,010-*********,gimyunse****************,9247018.199~9278350.944,경상북도 ***********,490557.608~491280.083
우**,68051*********,010-*********,minseog**************,44335062.246~44358956.16,충청남도 ***********,7804472.635~7811850.812
강**,95012*********,010-*********,baegye************,32623708.268~32648550.876,전라북도 ***********,16763450.848~16780354.13
류**,68011*********,010-*********,boram8*************,32909907.093~32912028.511,서울특별시**********,2976019.947~2978101.863
최**,98042*********,010-*********,mijeon**************,42266775.757~42287139.848,전라북도 군***********,26671457.557~26700804.477
권**,99012*********,010-*********,iyeongsu****************,48991515.396~49006929.569,전라남도 ***********,6412825.303~6416455.398
손**,69122*********,010-*********,hayun***********,88799423.713~88814433.235,대구광역*********,22674797.036~22741705.672
윤**,09020*********,010-*********,yangseo***************,71103702.63~71127020.814,강원도 평**********,3977683.152~3979058.917
백**,61030*********,010-*********,ugim@h***********,32735304.9~32740407.487,대구광역*********,8934318.926~8940432.547
이**,94090*********,010-*********,jangseon******************,51631499.928~51641414.058,제주특별자**********,4122761.74~4128583.389
최**,83042*********,010-*********,jsong@*************,3098627.919~3136577.05,광주광역********,240078.092~242081.13
권**,78101*********,010-*********,baesug**************,14661565.754~14668970.166,광주광역********,8728597.745~8738295.62
윤**,63092*********,010-*********,ygim@***********,40844873.423~40880451.146,강원도 영*********,14537911.521~14548594.336
권**,52120*********,010-*********,qgim@y*************,57460454.759~57485325.928,경기도 수*********,2555362.52~2560655.203
이**,99122*********,010-*********,eunyeo***********,20828782.222~20845104.404,대구광역********,4471174.387~4472202.955
김**,81112*********,010-*********,sonjaehy******************,19346076.726~19388163.272,강원도 영**********,3344657.694~3347013.3
박**,01072*********,010-*********,ugim@y*************,55037855.7~55077068.201,전라북도 ***********,146906.08~147287.611
류**,05020*********,010-*********,oba*******,17737627.104~17755547.509,경상남도 창************,2446919.879~2449833.712
권**,44071*********,010-*********,gimha***********,17230899.618~17250105.46,제주특별자치**************,4071734.712~4073081.122
김**,74110*********,010-*********,yeongsu1****************,48555768.502~48570819.677,경기도 *******,4261438.856~4262079.585
김**,77091*********,010-*********,junyeo************,4924630.095~4935999.321,충청남도 ***********,171889.08~176393.002
조**,01051*********,010-*********,gyeong***********,67407225.558~67422677.922,전라남도 ***********,7021289.701~7023452.322
박**,97053*********,010-*********,jeongja****************,35434587.852~35443510.976,대구광역시***********,1302938.971~1303872.01
서**,83042*********,010-*********,bagsiu*************,97319771.185~97362123.424,광주광역시*********,37372809.65~37454294.103
박**,14081*********,010-*********,hryu@y************,27628998.054~27643250.416,울산광역********,3344657.694~3347013.3
이**,04020*********,010-*********,sanghun****************,60468567.542~60510929.877,울산광역********,16914131.564~16942243.152
최**,93050*********,010-*********,fryu*******,32740407.487~32748459.152,대구광역*********,10449290.076~10453989.076
차**,94083*********,010-*********,ai@******,13083326.262~13117915.515,부산광역*********,110027.138~110487.204
장**,03050*********,010-*********,eunseo3****************,92750217.941~92781390.552,대전광역*********,27243679.366~27255355.16
박**,51072*********,010-*********,lu@i*******,41546783.052~41571490.754,광주광역********,5626961.414~5629652.173
박**,97052*********,010-*********,ujing**********,78452705.936~78466860.584,대전광역********,15706763.25~15718678.815
권**,74050*********,010-*********,ubae*******,28078703.608~28086473.579,서울특별*********,8774065.137~8776838.349
오**,86111*********,010-*********,ieunye*************,20289706.282~20328438.318,서울특별********,1821608.891~1829202.942
배**,71122*********,010-*********,gimjimi**************,9897488.98~9898697.004,대전광역********,3492863.63~3496628.186
오**,83021*********,010-*********,jihye***********,96672182.723~96694164.806,경상남도 ***********,26179816.584~26207229.587
최**,49051*********,010-*********,eunjuba***************,47082182.935~47105661.888,세종특별자치**************,5239028.665~5240382.428
한**,14092*********,010-*********,yunseo**************,68565304.831~68570999.308,제주특별자치*************,23729114.318~23760851.034
김**,75012*********,010-*********,yeongs**************,45311391.781~45321867.296,전라북도 ***********,12090514.296~12095154.466
김**,78082*********,010-*********,nno@********,58925175.429~58931667.518,대구광역시***********,2256872.882~2259860.046
허**,09062*********,010-*********,seungm*************,83757827.676~83779396.624,경상남도 창원***************,18040278.099~18047308.213
홍**,68020*********,010-*********,xbag@***********,7804400.266~7807066.824,광주광역********,4523329.08~4526871.58
김**,49060*********,010-*********,seohyeon******************,94065921.895~94089461.467,세종특별자치*************,6503133.571~6505382.147
황**,47012*********,010-*********,jinuan**************,33441036.962~33458693.279,경상북도 ***********,20405133.699~20414597.772
이**,58060*********,010-*********,hayungwe******************,86990878.109~87019630.215,서울특별*********,50301540.467~50348367.228
남**,88121*********,010-*********,wi@gi*********,56074132.525~56087363.712,전라북도 ***********,13798457.069~13801167.826
김**,65121*********,010-*********,mbag@**********,3652336.33~3713786.417,부산광역*********,563407.599~563822.614
김**,49031*********,010-*********,sugjag***********,72665001.421~72723312.2,경상북도 ***********,31441639.746~31468833.045
김**,11112*********,010-*********,bha*******,62762754.748~62778438.714,전라북도 ***********,870672.014~873579.802
최**,03040*********,010-*********,subingi***************,85357137.686~85399456.251,인천광역********,31298604.553~31353804.24
서**,98090*********,010-*********,mijeon************,97499608.825~97514591.663,광주광역********,45947269.766~45987552.578
김**,07102*********,010-*********,yejiji************,86912711.879~86923454.192,경기도 평**********,28660545.673~28676536.492
김**,54050*********,010-*********,seoye***********,14236205.064~14246193.238,광주광역시*********,329364.868~330470.948
김**,88051*********,010-*********,hyeonjeo******************,86032496.179~86045394.93,대구광역********,6493514.861~6498748.298
노**,81100*********,010-*********,juweo**********,8940363.9~8946421.248,전라남도 ***********,230242.409~231165.519
오**,66111*********,010-*********,ogsun9************,19490832.873~19501069.002,부산광역*********,5253431.226~5262321.592
김**,88091*********,010-*********,areumy************,80763377.035~80773959.828,인천광역*********,24267752.701~24287380.777
오**,01112*********,010-*********,goseo***********,94506507.003~94524233.841,광주광역********,33594923.526~33635798.163
최**,99080*********,010-*********,seonyeon*****************,39069468.035~39101442.918,전라남도 ***********,22741705.672~22755808.502
김**,64050*********,010-*********,tgim*******,82106046.865~82111522.283,제주특별자치**************,8901179.764~8903979.572
이**,75121*********,010-*********,eunju00**************,85609684.991~85615719.688,제주특별자치**************,13717557.141~13729476.588
이**,90091*********,010-*********,ygim@**********,43049701.746~43058218.554,부산광역********,19417548.0~19420815.006
황**,12052*********,010-*********,yeongsun****************,43934180.288~43940148.25,강원도*******,5444004.545~5445702.894
한**,67110*********,010-*********,bagyeong******************,61540112.472~61582325.467,전라북도 ***********,15567278.213~15583022.905
박**,11070*********,010-*********,fi@so*********,47036535.924~47065561.771,경기도 *******,13072986.053~13081999.398
오**,44052*********,010-*********,cmun********,75862815.437~75885646.384,세종특별자치*************,11597517.532~11606088.761
김**,07033*********,010-*********,hongjunye******************,32909907.093~32912028.511,전라북도 ***********,3698864.18~3700667.29
최**,80021*********,010-*********,jangye************,33411717.316~33420032.002,대구광역시**********,13430737.529~13441740.669
김**,14123*********,010-*********,hyeonj***********,58093945.846~58107657.19,대구광역시***********,5487243.389~5491522.792
이**,86062*********,010-*********,iujin**********,26256144.488~26271524.895,경상북도 ***********,3415208.019~3426400.096
박**,53102*********,010-*********,ggim@y*************,3573721.57~3596079.458,제주특별자***********,302857.379~306627.497
고**,69020*********,010-*********,bbag@**********,60831222.218~60847090.288,충청남도 ***********,12333406.316~12335779.826
최**,67121*********,010-*********,miyeon************,19055940.962~19095183.786,광주광역*******,2232061.205~2232989.96
이**,96032*********,010-*********,yeonghw**************,34822514.423~34838454.012,전라남도 ***********,272132.619~273257.294
한**,92011*********,010-*********,junyeo**************,46788185.164~46792319.898,부산광역*********,759541.404~761537.066
김**,47122*********,010-*********,ojeon**********,51062066.984~51065965.524,전라남도 ***********,14723378.557~14726243.987
박**,96022*********,010-*********,seoju**********,73057628.268~73074918.735,전라북도 전************,12599618.59~12609792.295
이**,59061*********,010-*********,iyun@***********,77361695.99~77365931.577,경상남도 ***********,3959456.527~3965955.514
박**,57030*********,010-*********,vyun*******,53696839.118~53709638.359,세종특별자치*************,2646692.328~2648749.824
윤**,61080*********,010-*********,oi@yu***********,30150410.668~30165568.333,강원도 정**********,2284206.189~2284850.794
송**,99082*********,010-*********,songseon****************,31123762.295~31150634.368,충청북도 청**************,2338981.547~2347723.272
이**,86100*********,010-*********,doyunyu****************,57701929.072~57716280.933,대구광역시 ***********,10923594.052~10939704.699
이**,61032*********,010-*********,qi@eo**********,78316521.792~78341721.517,경상북도 ***********,10078164.472~10086914.964
이**,60110*********,010-*********,yeweons**************,46450601.27~46459869.445,전라북도 ***********,25776646.205~25783497.536
김**,74010*********,010-*********,eungyeon****************,8665142.381~8689520.248,충청남도 천**************,160800.714~161305.601
강**,92112*********,010-*********,yeeunco****************,71422009.909~71443717.874,세종특별자치*************,27596034.37~27625167.216
류**,89032*********,010-*********,jihunco****************,15438257.396~15451579.788,충청북도 청**************,245607.375~247426.13
송**,08011*********,010-*********,gojeon***********,68218865.452~68281217.282,세종특별자**********,9493370.044~9495864.704
김**,12091*********,010-*********,ogsunry***************,87347512.855~87365512.627,전라남도 ***********,10754367.53~10756861.885
김**,94061*********,010-*********,juweon***********,17947316.666~17967849.232,부산광역*********,5420392.332~5427192.857
황**,98081*********,010-*********,pgim@y************,48803810.113~48811271.188,경상남도 ***********,24409361.851~24416514.858
박**,66102*********,010-*********,mgim@h***********,58925175.429~58931667.518,세종특별자치*************,9571201.628~9577080.259
김**,83121*********,010-*********,igim@g***********,23330277.973~23342785.124,경상남도********,286083.082~286726.787
고**,50042*********,010-*********,coesan************,81524219.456~81547270.189,세종특별자치*************,56174826.506~56530796.781
홍**,67031*********,010-*********,gimbor**************,10168715.413~10194899.22,강원도 *******,4544417.717~4546726.27
이**,70012*********,010-*********,hyeji***********,33458693.279~33470003.917,경상남도 ***********,348699.982~349605.299
황**,61032*********,010-*********,yejun1************,94928661.157~94943159.8,전라남도 ***********,9173259.914~9185268.111
남**,82092*********,010-*********,kgim@**********,86274995.258~86311895.902,울산광역********,1755548.474~1756671.747
송**,95101*********,010-*********,yryu@j*************,62570735.526~62587776.471,강원도 *******,14361791.133~14364905.277
김**,97060*********,010-*********,zson@j************,48701425.054~48720529.6,경상남도 ***********,7677452.799~7686118.74
김**,57122*********,010-*********,junse**********,46887853.19~46916386.18,광주광역*******,9439628.589~9455271.796
임**,58060*********,010-*********,ibaeg@************,57762645.147~57783508.425,강원도 삼**********,28849231.924~28877061.413
김**,98092*********,010-*********,seoyeong****************,54517348.174~54538552.436,경기도 ********,27596034.37~27625167.216
김**,54010*********,010-*********,jieunbae****************,64329634.539~64362971.044,인천광역시 ***********,13454416.776~13457147.054
이**,53123*********,010-*********,seonghu***************,54633314.12~54652384.25,광주광역********,1844544.013~1847467.496
오**,05110*********,010-*********,seohyeo**************,92581690.584~92598150.059,충청남도 ***********,1373460.368~1374150.868
이**,01062*********,010-*********,coejieu****************,39813280.695~39823199.425,전라남도 ***********,15019406.731~15021406.778
윤**,70123*********,010-*********,sujinba****************,7059692.066~7092667.428,인천광역*********,3151361.16~3153030.76
김**,80050*********,010-*********,gimgye**************,59222310.099~59236587.096,전라북도 ***********,16458095.109~16480014.659
이**,78092*********,010-*********,hyejingw******************,45815273.465~45853060.298,제주특별자***********,10510188.395~10526363.65
하**,86012*********,010-*********,seonghu****************,8689520.248~8706575.262,세종특별자치*************,2170458.79~2173875.541
이**,86011*********,010-*********,yeeun69**************,50257155.117~50284667.443,대구광역*********,14240539.448~14245035.155
곽**,69032*********,010-*********,hbag*******,21278850.159~21292528.518,전라남도 화***********,13142616.766~13153396.37
양**,12040*********,010-*********,juweong**************,53250689.917~53276026.624,부산광역*********,650197.488~653632.943
한**,64021*********,010-*********,myeongja*****************,33228442.09~33265821.888,서울특별시*********,12460804.577~12467600.494
윤**,86121*********,010-*********,yeong***********,37834836.04~37877280.208,경상남도 ***********,3599695.352~3603860.682
박**,60011*********,010-*********,seojunye******************,9473039.011~9487409.792,인천광역시*********,1593962.017~1596413.758
송**,93121*********,010-*********,yeong***********,18308154.614~18311025.161,서울특별시**********,5782874.305~5785377.354
이**,91101*********,010-*********,gimju*********,22359812.495~22369660.762,세종특별자치*************,9995973.117~10001766.043
박**,51011*********,010-*********,ganghy**************,13417789.042~13433167.042,강원도 인*********,2566844.804~2570885.876
김**,53102*********,010-*********,gyeongja******************,27072780.185~27120936.89,강원도 정**********,1174333.164~1175246.323
송**,75062*********,010-*********,miyeong5*****************,78679064.527~78713592.784,제주특별자***********,43448530.979~43511388.112
이**,61100*********,010-*********,seonghyeo*******************,20927606.448~20968743.282,충청남도 ***********,6077033.45~6081871.99
한**,47042*********,010-*********,gimmye************,67534446.584~67554500.479,인천광역*********,16780354.13~16796106.2
이**,92042*********,010-*********,iyejin*************,65599844.568~65637770.108,충청북도 ***********,43519148.285~43541255.242
조**,67080*********,010-*********,jongsug****************,71369573.633~71390518.008,인천광역시*********,9273980.7~9276870.906
이**,03091*********,010-*********,byeongce*****************,43058218.554~43064590.802,대구광역시 ***********,11503938.224~11509061.72
최**,04101*********,010-*********,hayunyu***************,45548362.302~45567854.106,경상북도 ***********,13033533.551~13040778.846
윤**,65051*********,010-*********,munjeo***********,77720858.323~77733718.299,강원도 영*********,17075609.28~17089528.939
김**,03103*********,010-*********,jiyeon*************,88530366.515~88534520.828,서울특별*********,538146.193~538633.273
류**,11040*********,010-*********,yeongjin*****************,23970831.533~24006572.1,경상북도 ***********,7007998.304~7014651.462
김**,12100*********,010-*********,jongs*********,49041834.803~49061923.732,광주광역********,6530691.107~6533087.755
강**,13110*********,010-*********,areum*********,97893994.465~97905297.621,전라북도 ***********,24951554.638~24953260.381
김**,08080*********,010-*********,agwe*********,35610724.2~35642530.573,경상북도 **********,23869375.207~23879881.2
고**,99030*********,010-*********,imins*********,36891291.235~36907336.435,충청남도 천**************,2336366.405~2337804.403
오**,54030*********,010-*********,seojeo************,18783223.547~18793080.111,충청북도 ***********,9590504.072~9599451.182
백**,86122*********,010-*********,seohyeo***************,80627448.64~80662803.458,부산광역*********,32620204.457~32681352.552
최**,63121*********,010-*********,gimcun************,94347674.516~94361940.774,경상북도 ***********,8780472.242~8791662.972
최**,72091*********,010-*********,jiabae**************,76929595.832~76947377.165,대전광역********,52865747.37~52929694.395
안**,92072*********,010-*********,seojih**************,41072230.871~41082445.687,전라남도 ***********,15631610.051~15647318.796
황**,78120*********,010-*********,rbag@*********,47774693.988~47788253.907,경상남도 ***********,5804819.019~5811900.538
고**,97100*********,010-*********,mgim@**********,17132534.113~17152550.859,인천광역********,11606088.761~11615440.48
고**,94101*********,010-*********,mijeon**************,58814909.669~58844857.86,제주특별자치**************,7078527.103~7081439.25
김**,11110*********,010-*********,dohyeo**************,14255526.15~14268948.538,전라북도 ***********,5541748.977~5545036.356
황**,02121*********,010-*********,jiyeon*************,63292589.845~63341759.428,광주광역시*********,9528179.519~9533396.63
강**,85021*********,010-*********,yeong***********,44021523.363~44034362.737,부산광역*********,7970899.105~7973365.875
김**,47060*********,010-*********,li@g*******,12441340.663~12451846.355,광주광역*********,3331405.347~3333118.343
박**,68111*********,010-*********,siu2********,71195032.643~71210314.573,광주광역********,39400453.083~39429201.066
김**,63073*********,010-*********,gyeongsu*****************,77577123.815~77593559.33,인천광역*********,11652240.29~11654160.711
김**,68041*********,010-*********,bagog**********,18949826.149~18966319.176,울산광역********,4561521.274~4563820.776
권**,88031*********,010-*********,gyeon***********,9742727.61~9749749.652,경상남도 ***********,649329.498~650197.488
김**,74101*********,010-*********,sgo@********,96507694.775~96529441.907,부산광역시*********,20174098.74~20198660.502
김**,13030*********,010-*********,bgo@gi***********,9113318.168~9164515.244,경상북도 ***********,4353197.774~4354797.091
민**,44122*********,010-*********,jihyeon2****************,96257693.635~96319457.778,경기도 안**********,11989611.973~12003614.172
고**,68121*********,010-*********,jiyeo**********,91344514.621~91374725.758,경상남도 ***********,18475495.267~18488562.671
윤**,15012*********,010-*********,aji*******,16700040.09~16716826.455,충청북도 청**************,2427788.845~2430799.37
심**,10050*********,010-*********,sunjagi****************,60067081.008~60078112.771,충청남도 ***********,2359090.892~2360708.871
김**,51102*********,010-*********,jgim@j*************,5181053.792~5201493.025,세종특별자치**************,1265816.054~1268035.576
한**,47032*********,010-*********,vi@i*********,35903792.699~35917099.968,광주광역********,525954.141~526682.591
황**,68072*********,010-*********,yunsan*************,94415892.2~94423279.733,세종특별자치*************,3018658.664~3020045.15
김**,00082*********,010-*********,byeongc****************,9487409.792~9493188.832,경기도 안**********,3443096.988~3444242.399
윤**,45032*********,010-*********,yangseoj*****************,75885646.384~75895578.761,대구광역*********,42632169.664~42706784.173
이**,12020*********,010-*********,rjang@************,16967368.683~16973252.224,광주광역*******,1165091.389~1168978.324
장**,99070*********,010-*********,oo@jus***********,76819631.201~76843124.594,인천광역시***********,20803509.6~20815397.627
오**,04122*********,010-*********,seonghy****************,96097460.972~96112306.292,충청남도 ***********,27107666.433~27111797.052
김**,74090*********,010-*********,qba*******,49639657.178~49669289.166,경상북도 ***********,21803452.034~21821033.216
박**,46070*********,010-*********,hyeonju7*****************,15723164.314~15760674.58,인천광역시*********,7888543.255~7889448.393
김**,74113*********,010-*********,jeongs************,74211242.801~74218501.929,전라북도 ***********,1349442.946~1350949.442
노**,90112*********,010-*********,eunjui**************,13707706.928~13712693.409,인천광역*********,1548927.539~1550005.69
이**,65052*********,010-*********,lu@jus***********,41235078.06~41255967.496,울산광역********,6358327.758~6362703.914
백**,65031*********,010-*********,kgim@h***********,71242340.55~71253467.572,충청북도 ***********,8573936.08~8581749.825
윤**,80112*********,010-*********,yeong***********,84170004.68~84186604.731,강원도 철**********,13332268.454~13356534.416
최**,45030*********,010-*********,coejeo************,78400199.796~78428749.699,경상남도 ***********,6596939.905~6606689.248
김**,03061*********,010-*********,ieungye**************,76754628.107~76767334.982,전라남도 ***********,42473667.083~42502990.312
김**,93061*********,010-*********,gimyuns****************,6552619.115~6559764.786,대전광역*********,2360708.871~2361604.466
박**,69052*********,010-*********,tan@yu************,32451039.416~32479693.088,인천광역********,106026.659~108540.857
이**,52122*********,010-*********,seongho8****************,5048964.9~5057347.49,충청북도 ***********,1255011.171~1260588.33
김**,14020*********,010-*********,ai@yuh***********,47065561.771~47082182.935,강원도 양*********,10090369.218~10100093.64
김**,44070*********,010-*********,myeongja****************,45471957.369~45490078.494,경상북도 ***********,19150404.333~19157898.387
김**,93110*********,010-*********,fgang***********,97691548.268~97716522.511,전라남도 ***********,6219310.895~6225127.336
최**,88081*********,010-*********,byeongceo******************,62390299.062~62420202.106,경기도 고양***********,9244458.256~9247359.317
한**,78071*********,010-*********,nhan@y*************,55292412.972~55319692.638,인천광역시 ***********,34813542.653~34883851.996
서**,57011*********,010-*********,yeongsug******************,61174993.544~61201387.375,경상북도 ***********,26378571.502~26383116.928
강**,98030*********,010-*********,seunghye******************,85252275.031~85266944.846,대전광역*********,2548560.769~2552310.669
박**,01032*********,010-*********,yeongho0****************,60931167.113~60949684.731,서울특별*********,20901948.818~20915820.175
김**,88012*********,010-*********,seungmi****************,72068361.726~72073625.866,대전광역********,10597871.367~10600157.244
박**,74081*********,010-*********,jaehos***********,23696419.484~23723349.07,대전광역*********,2331046.274~2336366.405
전**,49102*********,010-*********,imji*********,80851753.286~80896912.744,제주특별자치**************,35592488.222~35636848.571
박**,95092*********,010-*********,coeyej*************,27376943.194~27390602.949,제주특별자치*************,320467.554~324825.558
정**,11081*********,010-*********,minjii************,59589928.559~59615944.944,대구광역********,20849901.4~20875375.514
권**,64020*********,010-*********,yeonghyi****************,79746671.747~79789696.927,충청남도 천**************,7047194.994~7048928.537
김**,87082*********,010-*********,wmun@y*************,64932151.412~64938593.35,충청북도 ***********,7639050.355~7641110.253
강**,50061*********,010-*********,yeongs***********,76692220.01~76703716.321,충청북도*******,46400417.892~46467616.995
김**,74112*********,010-*********,yeonggi***************,44830106.687~44845729.841,충청남도 ***********,14266074.975~14274697.396
박**,47091*********,010-*********,ijaeho***********,31411413.989~31454938.087,경상북도 ***********,15950154.506~15958895.491
이**,79111*********,010-*********,qi@i*********,50771636.001~50792384.603,세종특별자치*************,12299329.545~12306232.881
지**,63030*********,010-*********,gimyeo************,18097567.364~18124061.152,인천광역*********,5298080.448~5301753.752
김**,59013*********,010-*********,bagjeon***************,73987848.853~73994074.019,울산광역********,2361604.466~2362637.825
이**,95102*********,010-*********,jumig***********,89701918.191~89710121.42,충청북도 ***********,26996498.754~27029789.731
하**,88070*********,010-*********,zsin@y************,36537169.634~36551335.039,강원도 정**********,9327251.821~9339668.74
김**,82112*********,010-*********,kgim@**********,78428749.699~78436674.007,경상남도 밀***********,4857423.91~4857779.199
김**,02042*********,010-*********,mi@jus***********,98308690.668~98316900.543,경상북도 ***********,9347110.861~9350743.629
최**,45082*********,010-*********,dno@g*********,82660127.179~82673042.065,경상남도 창*************,5022007.779~5025365.587
김**,03101*********,010-*********,ucoe@*********,40503344.146~40529674.02,전라남도 진***********,9435122.752~9439628.589
남**,50071*********,010-*********,bcoe@y*************,89102826.386~89119429.12,경상남도 **********,9854246.666~9865218.58
홍**,78090*********,010-*********,dcoe@*********,32078135.517~32107946.166,울산광역********,11834095.41~11857344.182
김**,04061*********,010-*********,donghy*************,14749012.226~14771046.315,서울특별*********,5080272.827~5082555.355
이**,78050*********,010-*********,jia*******,83303721.912~83311772.422,경상북도 ***********,26356580.569~26378571.502
차**,02061*********,010-*********,qgan********,75260307.395~75282214.762,경상북도 ***********,14825846.617~14842468.507
김**,48111*********,010-*********,jeongsu***************,88235207.806~88277507.334,충청남도 ***********,12428456.035~12437168.607
심**,47121*********,010-*********,yeongjin****************,35869852.396~35892666.009,인천광역********,18719442.354~18748952.614
장**,04112*********,010-*********,jimin*********,10594710.062~10600848.488,충청남도 ***********,2547833.608~2548061.296
김**,02060*********,010-*********,eunyeong*****************,35799353.246~35809362.854,광주광역시*********,2338981.547~2347723.272
김**,56081*********,010-*********,hansangc*****************,7453410.44~7492228.06,부산광역********,2819758.444~2820242.76
우**,69051*********,010-*********,jihy*********,19445144.344~19448947.759,광주광역*********,9247359.317~9251016.256
김**,64102*********,010-*********,sugjaca**************,32877886.44~32903167.376,경상남도 창************,5479491.33~5484836.65
김**,73062*********,010-*********,hanyeon***************,85312695.012~85357137.686,제주특별자치*************,7353833.771~7358704.782
김**,89110*********,010-*********,mi@yuh***********,46541456.532~46565675.271,인천광역시 ***********,4942744.973~4953707.418
노**,51021*********,010-*********,yeongji****************,10924153.14~10950256.359,전라북도 ***********,2398563.489~2399448.907
김**,87070*********,010-*********,ieunje*************,93365063.565~93404622.322,경상북도 ***********,1050512.395~1052747.503
강**,56122*********,010-*********,vbag@j*************,96403472.121~96430394.888,울산광역시 ***********,37106273.469~37174343.274
조**,54040*********,010-*********,jeongsig****************,41082445.687~41088453.959,경기도 안**********,11164345.111~11172754.435
우**,89070*********,010-*********,jieun*********,78869648.349~78883525.762,경상남도 ***********,13051199.779~13052105.784
윤**,12040*********,010-*********,wgim@y************,5163283.284~5181053.792,인천광역*********,1413387.977~1413940.936
박**,44111*********,010-*********,ogim@y*************,40791252.098~40841984.59,광주광역********,207005.306~207274.432
강**,67062*********,010-*********,eunjui************,13511968.424~13538988.052,울산광역********,6404003.202~6406560.46
김**,03052*********,010-*********,geonu*********,28245181.409~28256166.639,제주특별자치*************,3002401.054~3005160.561
이**,77122*********,010-*********,eunjugi****************,31948382.761~31959024.246,부산광역*********,1311013.852~1311909.447
심**,73061*********,010-*********,jeongsuo*****************,66736793.894~66754754.778,충청북도 ***********,5150675.621~5157586.007
윤**,49120*********,010-*********,yeweonh**************,69404635.95~69419746.64,경기도 수**********,9962329.432~9966550.074
김**,51100*********,010-*********,yeongs*************,40945881.78~40961849.439,대전광역********,1328729.58~1331198.539
강**,84041*********,010-*********,mgweon@**************,4407188.592~4448026.835,전라북도 ***********,2326376.222~2329579.635
이**,66011*********,010-*********,jungsu**************,19236128.696~19308253.221,세종특별자치*************,4398525.912~4401347.96
김**,55092*********,010-*********,geonu0**************,59049525.209~59059452.84,세종특별자치*************,7395202.859~7399344.703
박**,78100*********,010-*********,qbag*********,55786949.48~55806116.026,전라남도 ***********,3158063.267~3160073.705
김**,12062*********,010-*********,coedo***********,72241616.783~72273112.929,경상남도 ***********,2688100.818~2694355.509
고**,78032*********,010-*********,oyunse************,61404629.054~61425682.208,전라남도********,10374564.619~10378874.28
이**,02100*********,010-*********,cunjagan****************,5654062.557~5658228.635,대전광역********,1432386.303~1433243.178
고**,83120*********,010-*********,jungsu**************,70524094.581~70543212.08,광주광역********,7665309.12~7667090.7
남**,64012*********,010-*********,di@ju***********,7692111.408~7702115.26,대전광역*********,867259.497~867807.497
이**,69070*********,010-*********,iseong************,63190851.737~63205878.798,대구광역********,35065071.18~35101863.439
홍**,85122*********,010-*********,jinu74@**************,43070285.996~43078752.051,제주특별자치**************,13494328.456~13516263.515
박**,75063*********,010-*********,boram29***************,96319457.778~96338575.784,제주특별자***********,32292009.027~32314549.045
남**,84031*********,010-*********,juweo*********,73687677.174~73714604.65,제주특별자치*************,16823536.998~16842725.71
백**,03031*********,010-*********,dongh***********,40012232.74~40031572.893,광주광역*********,294440.624~295625.554
심**,70121*********,010-*********,hi@ba***********,65799622.539~65821242.909,경기도 수*********,30223404.386~30228890.987
손**,51040*********,010-*********,minse**********,87417135.312~87439516.106,경상북도 ***********,9966550.074~9968934.33
김**,51042*********,010-*********,yeongja**************,60391886.892~60413232.579,경상남도 **********,4191033.032~4195541.334
배**,59032*********,010-*********,ggwe********,68415389.408~68452113.348,충청남도 ***********,8285363.458~8286587.553
이**,52120*********,010-*********,egwag***********,51433536.875~51450984.867,전라남도 ***********,4037722.061~4040425.638
심**,52121*********,010-*********,gimcaew**************,31747568.459~31757455.491,제주특별자치*************,7575608.036~7579803.722
김**,08011*********,010-*********,cgim@j*************,38710348.576~38728332.527,인천광역*********,12090514.296~12095154.466
이**,95022*********,010-*********,zi@jus***********,52259265.835~52276104.195,충청북도 **********,7241495.013~7245384.835
백**,99032*********,010-*********,hanmye***********,95156673.302~95202126.941,제주특별자***********,55603967.837~55875653.906
박**,65042*********,010-*********,hyeonju3****************,67093149.022~67101853.465,전라북도 ***********,1310078.301~1311013.852
이**,81120*********,010-*********,iyeongs***************,3332880.063~3351553.427,인천광역*********,1436442.314~1438831.438
우**,79010*********,010-*********,minja**********,2076886.258~2106728.314,충청남도 계***********,433766.607~435384.605
김**,96040*********,010-*********,tjeon***********,55319692.638~55353988.755,경기도 *******,28552498.545~28593152.954
최**,66011*********,010-*********,iyejin***********,57997227.341~58017473.393,충청남도 ***********,4876099.71~4877493.056
김**,45122*********,010-*********,sonyu*********,12441340.663~12451846.355,서울특별시*********,4763807.238~4766646.106
박**,13120*********,010-*********,coese**********,64624671.017~64644817.064,광주광역*********,4873682.498~4876099.71
최**,93112*********,010-*********,jeonghyi*****************,95142506.084~95156673.302,부산광역시*********,39536952.001~39588931.974
박**,03032*********,010-*********,yujing*************,87895164.423~87931976.465,전라북도 ***********,30754962.144~30774959.085
전**,52073*********,010-*********,seunghy**************,74563052.655~74588962.42,강원도 철**********,26954431.857~26969844.244
최**,47081*********,010-*********,sujin61**************,65074372.41~65084134.355,전라북도 ***********,7096493.36~7100022.03
박**,74020*********,010-*********,kyun*********,50697660.339~50738230.066,경상북도 ***********,6565466.666~6573592.767
박**,00010*********,010-*********,ii@yu***********,30455301.702~30460353.892,울산광역********,12344201.902~12355808.37
한**,73031*********,010-*********,lgim@*********,96127658.762~96158072.495,충청남도 ***********,16158564.34~16179044.016
이**,05060*********,010-*********,yujinc**************,41884904.565~41897723.491,서울특별*********,9430196.846~9435122.752
한**,75091*********,010-*********,yeongm*************,8689520.248~8706575.262,서울특별*********,3862315.296~3864291.4
김**,76123*********,010-*********,sgim@***********,66142685.427~66156944.722,서울특별시**********,36698354.771~36775941.877
황**,12051*********,010-*********,jiyeong0******************,91296750.582~91310964.87,제주특별자치**************,20928142.666~20943960.055
최**,08041*********,010-*********,iyejin@**************,52375227.405~52404181.304,서울특별*********,5604024.875~5608518.597
이**,45030*********,010-*********,sanghun***************,26645159.026~26655441.344,세종특별자치*************,2277479.62~2278873.326
김**,12061*********,010-*********,suji*********,11310439.832~11348344.904,경상북도 ***********,1712784.77~1713517.601
한**,91011*********,010-*********,obag@j************,81841371.818~81911168.958,충청북도 **********,14602524.705~14608336.645
이**,77120*********,010-*********,jeongsu***************,86123334.312~86126124.631,전라북도 ***********,15203344.153~15212645.063
윤**,58041*********,010-*********,jeongh************,13000687.658~13083326.262,전라북도 ***********,777787.462~780151.63
서**,80041*********,010-*********,gimyeong******************,26734632.825~26764032.39,충청남도 ***********,8876978.95~8881047.762
김**,89081*********,010-*********,minseoy***************,27840092.592~27864728.94,경기도 *******,9751479.253~9756816.501
윤**,54020*********,010-*********,siugim@**************,94787086.025~94795075.472,광주광역********,37859653.85~37960659.608
이**,76101*********,010-*********,seohyeon******************,72613168.25~72620181.048,충청남도 ***********,5710082.459~5712539.32
이**,96061*********,010-*********,yeongja1****************,27487490.708~27514106.462,대전광역*********,2799987.934~2802317.356
김**,51050*********,010-*********,gimhyeon******************,89041575.892~89060192.057,부산광역*********,30168097.504~30223404.386
최**,00070*********,010-*********,minjigwe****************,83880835.66~83891580.26,경기도 파**********,5672784.707~5677661.173
손**,98092*********,010-*********,lyun@n***********,89096486.026~89102826.386,경상남도 ***********,33635798.163~33645722.451
최**,76052*********,010-*********,jieuna***********,86463536.385~86472236.187,전라남도 ***********,17240316.462~17250268.557
한**,67101*********,010-*********,qca@ju************,38785618.749~38810713.0,경상북도 ***********,2211316.729~2215300.226
박**,45011*********,010-*********,ubag@a***********,26166264.75~26177461.611,충청북도 ***********,6838612.774~6841260.433
류**,04113*********,010-*********,jeongs************,25293043.94~25305958.692,인천광역*********,2126910.508~2129607.469
주**,11041*********,010-*********,myeongs**************,64799821.382~64808153.197,경상남도 ***********,8951341.324~8955248.155
김**,92092*********,010-*********,mgim*******,31560029.798~31597362.605,대전광역*********,5444004.545~5445702.894
김**,86111*********,010-*********,asim*******,36626301.278~36688370.439,충청남도 천**************,9105031.222~9113526.741
김**,14072*********,010-*********,tba*******,32499657.982~32505907.017,경기도 *******,15033650.56~15037523.606
박**,77083*********,010-*********,yeongc***********,8439525.954~8460515.666,세종특별자치*************,187722.605~189368.709
성**,92050*********,010-*********,agim@g************,60608680.212~60618530.284,제주특별자치*************,2962419.943~2966264.25
박**,81101*********,010-*********,myeongj***************,94393222.836~94415892.2,대전광역********,2296141.34~2297035.981
최**,66110*********,010-*********,gyeong************,92840425.308~92862606.807,전라남도********,52418982.284~52655974.058
송**,74060*********,010-*********,jiyeongg*****************,40183719.962~40202126.789,전라북도 ***********,5839028.749~5843252.818
이**,13090*********,010-*********,ohwan*********,19720221.129~19751861.337,경상남도 ***********,1520735.808~1521755.924
김**,56031*********,010-*********,jeonmigy****************,34838454.012~34854959.767,부산광역*********,17328858.685~17343700.048
김**,57011*********,010-*********,seoyun**************,40363299.736~40366540.376,대전광역********,5025365.587~5038237.492
송**,74021*********,010-*********,yeongsu0****************,86223863.891~86259342.972,경기도 안***********,7488914.596~7497365.151
최**,91092*********,010-*********,una@*********,42771475.686~42804803.984,전라남도 ***********,7651366.757~7655144.356
문**,72120*********,010-*********,ogja*********,8905482.8~8925448.354,대구광역********,4070095.725~4071734.712
박**,71032*********,010-*********,ngim@y*************,94287798.289~94310319.356,제주특별자치*************,4070095.725~4071734.712
오**,76062*********,010-*********,seongj***********,28012488.574~28047099.343,울산광역********,9207646.565~9219365.925
김**,60030*********,010-*********,di@*****,69072705.234~69117293.323,전라남도 **********,17207943.782~17216473.408
김**,45102*********,010-*********,pyun@j*************,8266491.224~8274234.078,광주광역********,4836557.853~4837682.968
서**,91013*********,010-*********,igyeo***********,80191986.592~80209057.409,서울특별*********,15224206.871~15263326.48
고**,93082*********,010-*********,donghyeo*****************,55202197.614~55237477.702,제주특별자***********,4286163.77~4288955.384
최**,13083*********,010-*********,hyejin6****************,77983300.883~78032403.115,인천광역*********,12399759.72~12409910.595
이**,11020*********,010-*********,gimseo***********,51086129.992~51091647.518,강원도 고**********,3213710.667~3214777.993
이**,07062*********,010-*********,seoyeon****************,45135007.332~45159419.123,전라남도 ***********,2547833.608~2548061.296
이**,55051*********,010-*********,jeongh***********,84680309.509~84696293.027,경기도 성**********,5705050.989~5708159.518
이**,62121*********,010-*********,zjeong@***************,90098317.91~90114945.688,경기도 포**********,60672131.529~60707438.358
하**,64041*********,010-*********,sanghoa***************,86962782.888~86990878.109,전라남도 ***********,18513011.714~18525193.047
김**,94010*********,010-*********,jeongs*************,33735778.51~33759094.178,대구광역********,2218671.426~2221983.756
박**,82022*********,010-*********,yunseo*************,14168618.974~14176851.597,충청남도 ***********,734060.999~734569.479
김**,02062*********,010-*********,gimyun**************,93120306.156~93142839.57,광주광역********,8533032.214~8537634.085
김**,70072*********,010-*********,fson*******,22738846.392~22753568.837,강원도 인*********,3088709.951~3090137.3
이**,93021*********,010-*********,fba*******,6220816.289~6226058.163,경상북도 ***********,2591706.31~2593142.44
김**,76110*********,010-*********,simmye*************,88117054.076~88128057.644,강원도 *******,23040793.971~23055817.46
김**,94020*********,010-*********,eungyeo***************,55147559.277~55173994.567,울산광역********,14152235.39~14164293.639
김**,13032*********,010-*********,jieunyun****************,73096730.5~73119124.106,충청북도 청**************,13316247.541~13332268.454
이**,88070*********,010-*********,gimar**********,56392234.104~56412278.414,서울특별*********,18408672.736~18415379.422
윤**,72080*********,010-*********,iseung***********,52069603.05~52091926.132,충청남도 ***********,14711500.476~14718348.021
이**,49012*********,010-*********,eungyeo***************,25221804.355~25229228.211,울산광역********,563822.614~565155.638
차**,02111*********,010-*********,hanju***********,52229825.742~52239722.169,전라남도********,4171584.667~4173496.611
김**,75082*********,010-*********,minsu6***********,8706575.262~8726529.564,대구광역********,2124844.328~2126163.284
이**,94061*********,010-*********,hyeonji****************,61976818.951~61984011.824,광주광역*********,37080205.582~37106273.469
조**,51041*********,010-*********,donghyeo****************,14824136.363~14858097.893,전라북도 ***********,6419699.332~6421846.22
박**,97080*********,010-*********,yeongceo******************,13152546.274~13156136.905,경상북도 ***********,753234.26~753994.454
서**,99041*********,010-*********,gangmin****************,39902738.986~39913217.993,전라북도 전************,22741705.672~22755808.502
김**,67102*********,010-*********,jeonghyi****************,76647825.464~76666859.114,부산광역*********,16212250.896~16216180.173
김**,04082*********,010-*********,bagyeon****************,41321971.574~41340930.542,대전광역********,4231762.45~4233069.15
한**,99112*********,010-*********,zbae@y*************,66096908.162~66116005.236,대구광역********,10136591.357~10147171.046
강**,99100*********,010-*********,yeongm**************,45392789.322~45401973.495,충청남도 ***********,19367127.921~19389353.53
장**,87072*********,010-*********,dnam@y*************,40679047.632~40698744.656,경상북도 ***********,15519850.826~15522577.668
김**,89061*********,010-*********,seoyeonb*****************,74943967.145~74978650.617,대구광역시 ***********,37682020.274~37692121.328
이**,87051*********,010-*********,gimju***********,97847356.617~97887021.442,충청북도 청**************,30519432.259~30546211.076
이**,54042*********,010-*********,ogim@y*************,78487994.481~78541762.95,제주특별자치**************,2306735.518~2307802.383
김**,78020*********,010-*********,dohyeon****************,17112341.937~17116853.991,세종특별자치*************,7520044.668~7524441.354
박**,45083*********,010-*********,geonu***********,41719721.303~41724151.4,서울특별시***********,6158152.092~6160033.334
오**,49042*********,010-*********,jeong***********,39558471.325~39588379.725,강원도 *******,11246244.91~11253114.537
송**,68113*********,010-*********,byeong*************,99900084.217~99918320.551,경기도 용**********,20757012.209~20775312.809
권**,97021*********,010-*********,seonghun****************,92023052.373~92058178.092,경기도 고**********,23969803.141~23991826.175
박**,51060*********,010-*********,ui@*****,28843356.935~28856531.538,경기도 안**********,196590.844~197325.572
김**,71020*********,010-*********,yunseo**************,3256231.195~3268556.386,대구광역시*********,431036.536~433766.607
우**,75042*********,010-*********,caeweo************,45005366.962~45025219.138,경기도 수**********,19755494.192~19767408.677
서**,84092*********,010-*********,jangseo***************,70717323.918~70740700.694,대전광역********,1961814.056~1963746.482
이**,06042*********,010-*********,ucoe@***********,63742892.755~63756081.72,전라남도 ***********,9607097.864~9612637.36
조**,10041*********,010-*********,sanghoje******************,17496134.627~17512418.39,전라남도 ***********,6187926.7~6193091.923
오**,67123*********,010-*********,ksong***********,72352929.777~72405896.966,대구광역********,7792846.852~7794713.185
이**,71100*********,010-*********,hyeonji**************,20348852.07~20382410.972,대전광역********,843103.86~850743.505
김**,04070*********,010-*********,sonji*********,7403901.412~7407222.654,인천광역시 ***********,4487529.424~4491068.038
김**,69012*********,010-*********,eunjug************,32522526.027~32534494.445,대전광역*********,19445529.389~19460626.985
장**,49112*********,010-*********,hwanghye****************,96694164.806~96706883.663,대구광역********,51691918.409~51819406.098
문**,72061*********,010-*********,jomin*********,18949826.149~18966319.176,인천광역*********,4953707.418~4959862.732
김**,64061*********,010-*********,ijaeho***********,51564772.492~51578270.365,인천광역********,14099658.868~14103649.419
김**,94052*********,010-*********,junseob***************,46600972.667~46620040.468,대구광역*********,3005160.561~3009253.368
김**,91111*********,010-*********,eunjugo***************,53088439.293~53105447.067,서울특별*********,23294746.415~23325031.916
허**,97012*********,010-*********,seoye**********,44414284.484~44442888.485,경상남도 ***********,11402483.714~11406463.091
박**,73040*********,010-*********,gimji*********,75447986.092~75461960.382,경상북도 ***********,27243679.366~27255355.16
노**,76103*********,010-*********,ri@jus***********,81572514.996~81596593.921,인천광역*********,2472046.201~2474680.08
박**,06100*********,010-*********,bbag@y*************,53276026.624~53295558.525,세종특별자치*************,26071400.737~26092490.776
권**,55032*********,010-*********,gangsu************,68296555.24~68336856.3,전라북도 ***********,14435767.622~14439075.875
김**,64042*********,010-*********,ngim@j*************,90953761.478~90966434.978,부산광역*********,20545426.427~20552972.578
홍**,90051*********,010-*********,jiuha@************,19517703.269~19554146.948,대전광역*********,10466828.952~10472876.085
박**,79091*********,010-*********,yujin**********,28245181.409~28256166.639,인천광역*********,15828198.18~15839827.85
김**,69032*********,010-*********,ryujungs****************,8108712.754~8167194.334,대전광역********,3343094.288~3344657.694
임**,49100*********,010-*********,ugim*******,84953615.747~84982735.928,울산광역********,4001174.416~4004383.681
노**,63100*********,010-*********,sangce*************,3377137.021~3414075.147,서울특별*********,466876.746~470001.101
박**,01052*********,010-*********,eunjeo*************,73635494.25~73641158.109,충청남도 ***********,20150451.28~20163971.889
서**,05090*********,010-*********,gimye**********,82268444.587~82282686.269,전라북도 ***********,4486604.419~4487529.424
김**,77081*********,010-*********,minji*********,77438014.92~77458439.201,제주특별자치**************,19755494.192~19767408.677
김**,95010*********,010-*********,minjii*************,85639754.45~85665136.771,전라남도 ***********,43541255.242~43638771.694
심**,14102*********,010-*********,gimyeong******************,38439153.987~38456848.557,강원도 영*********,1456447.711~1459244.678
신**,02121*********,010-*********,zgim*******,91149159.454~91153503.24,대구광역*********,11934412.6~11939582.928
조**,55120*********,010-*********,sujin*********,54489422.976~54503541.873,경상남도 ***********,13024529.759~13026888.466
박**,49042*********,010-*********,yyu@s*********,47391450.776~47403063.247,대구광역********,20494835.783~20506038.301
곽**,68122*********,010-*********,minseogb****************,37085118.919~37105600.454,경상북도 ***********,8392974.688~8394198.121
이**,01082*********,010-*********,ajeo********,65084134.355~65094013.143,강원도 화**********,11393244.869~11399868.964
박**,55101*********,010-*********,gimeunje******************,12081825.132~12092684.028,세종특별자치*************,2009199.529~2010363.767
배**,09010*********,010-*********,jieun**********,76961625.838~76977753.034,경상북도 ***********,16147526.878~16158564.34
오**,99091*********,010-*********,jihu********,5455348.367~5478980.345,강원도 *******,1112935.839~1114482.71
김**,62121*********,010-*********,iyeweon***************,56627693.014~56682800.024,경상남도 ***********,1635044.077~1636140.18
배**,72042*********,010-*********,yeeun72***************,94142510.527~94163912.48,경기도 수**********,5375039.616~5380332.434
남**,12071*********,010-*********,egim@c***********,86430197.731~86463536.385,전라남도 ***********,9185268.111~9194637.022
안**,97100*********,010-*********,bagseong****************,62797705.768~62819731.013,세종특별자치*************,11119764.31~11131249.791
김**,80100*********,010-*********,jihye23***************,33656763.039~33680818.978,인천광역시 ***********,12059626.916~12074797.731
주**,94012*********,010-*********,yeonghwa*****************,57495703.558~57502072.256,대전광역시*********,13120155.506~13134738.68
최**,77031*********,010-*********,jgim@i***********,3751515.951~3757956.53,광주광역********,1682806.533~1683909.042
조**,49062*********,010-*********,hyeonje***************,33735778.51~33759094.178,경상남도 **********,7767538.784~7771713.553
이**,53060*********,010-*********,yeongceol******************,53569776.991~53591911.833,제주특별자치*************,13421545.846~13430737.529
김**,97040*********,010-*********,kgim@y*************,91296750.582~91310964.87,제주특별자***********,12136384.825~12147750.873
윤**,05061*********,010-*********,pgim@*********,75282214.762~75329127.72,대전광역********,1425690.248~1425874.172
박**,46062*********,010-*********,dhong@************,72527917.256~72542781.458,전라남도 ***********,15536550.014~15549833.112
박**,46033*********,010-*********,haeun75***************,98881194.601~98898531.765,강원도 홍*********,13072986.053~13081999.398
박**,70042*********,010-*********,junseo7****************,24628604.314~24641888.846,서울특별*********,4091537.739~4099967.44
김**,12082*********,010-*********,bagmins****************,65369779.562~65387054.242,충청남도 ***********,11474873.321~11477355.723
이**,67121*********,010-*********,coemisu***************,2279715.052~2293671.44,광주광역********,441967.86~442974.992
이**,64072*********,010-*********,eunji2*************,18298457.653~18308154.614,강원도 인*********,9159586.875~9163159.843
진**,66101*********,010-*********,jungsu*************,14246193.238~14255526.15,충청남도 ***********,5217912.187~5219021.043
이**,94020*********,010-*********,mgim@y************,33780508.882~33796505.058,제주특별자치*************,13801167.826~13803716.57
이**,08122*********,010-*********,gwagjaehy******************,99152617.359~99159957.872,경상북도 ***********,12450864.148~12455798.902
이**,72102*********,010-*********,iseong***********,7092667.428~7115086.792,충청북도 ***********,1912658.697~1915767.328
김**,56102*********,010-*********,yeeung**************,20968743.282~20985303.333,광주광역********,7655144.356~7659924.258
백**,68123*********,010-*********,eunji3*************,74491773.446~74514436.48,세종특별자치*************,3229831.64~3231480.066
이**,14120*********,010-*********,gimjia**************,24334927.674~24373121.5,전라남도 ***********,4391890.99~4394462.417
윤**,83040*********,010-*********,sujin88***************,6031465.652~6036939.153,제주특별자***********,3548123.312~3557172.374
김**,64092*********,010-*********,minjae2**************,35059779.296~35067646.306,대구광역********,9113526.741~9123394.916
이**,07080*********,010-*********,xgweon@**************,10109111.084~10118831.674,강원도 ********,5131563.4~5133626.25
서**,46090*********,010-*********,yunseos**************,72527917.256~72542781.458,강원도*******,32488626.31~32506831.09
이**,90010*********,010-*********,gyeongj**************,60547119.791~60570004.382,서울특별*********,14897958.148~14902378.92
장**,90030*********,010-*********,coemi***********,69867744.233~69870571.08,전라북도 ***********,41267875.926~41300793.492
이**,50122*********,010-*********,pgim*******,10906219.357~10924153.14,제주특별자치**************,1724021.599~1726110.606
손**,14052*********,010-*********,gimminja****************,56221947.018~56251397.029,대구광역*********,5833373.215~5839028.749
서**,55072*********,010-*********,areum***********,39263765.234~39284587.752,제주특별자치*************,1048999.806~1050512.395
고**,94122*********,010-*********,agweon**************,86049700.612~86114066.019,경기도 *******,6513727.718~6518282.776
박**,69120*********,010-*********,yejin96**************,56514783.908~56529242.084,전라남도 **********,9724347.226~9733299.681
윤**,91080*********,010-*********,seongs**************,50291925.155~50313759.102,충청북도 진************,9050699.504~9058941.371
김**,50030*********,010-*********,hgim@j*************,16973252.224~16979263.81,강원도 원**********,2725907.473~2727536.057
주**,66110*********,010-*********,ijeon**********,91573663.581~91579143.392,전라북도********,44489112.827~44576577.05
최**,64120*********,010-*********,gyeong***********,92988617.422~93010232.274,경기도 여**********,6685786.926~6692978.837
김**,01120*********,010-*********,seoyun**************,93174392.758~93196755.035,경상남도 창************,2451069.478~2452070.695
김**,05070*********,010-*********,iyeongm****************,30746102.172~30754294.554,경기도 수**********,7804472.635~7811850.812
김**,93090*********,010-*********,anyeju**************,41447476.122~41460712.738,광주광역********,19526496.443~19546230.814
이**,54021*********,010-*********,donghyeo*****************,66539862.234~66557517.247,전라북도 ***********,18920954.451~18959582.336
김**,88010*********,010-*********,bagseoye****************,6479615.976~6501341.243,경상남도 ***********,2552310.669~2553832.967
박**,65103*********,010-*********,jiyeon**************,83541578.472~83554962.827,경상북도 ***********,39208310.004~39256505.05
백**,57102*********,010-*********,seoyeon8****************,66609240.683~66637088.197,대전광역*******,18106130.766~18121344.487
김**,67112*********,010-*********,bgim@y*************,90506078.363~90527568.934,부산광역시**********,57467419.585~58009751.694
한**,08041*********,010-*********,myeongs***************,39823199.425~39828052.023,충청북도 ***********,15464942.382~15477965.011
손**,12090*********,010-*********,sunog***********,30754294.554~30780265.163,전라남도 ***********,2481000.758~2483829.445
최**,12042*********,010-*********,jgim@y************,59637712.692~59672701.691,강원도 *********,1280259.81~1281553.891
윤**,83110*********,010-*********,zgim@y************,4809680.149~4834790.451,인천광역시 ***********,383591.235~383970.938
박**,91031*********,010-*********,seongh***********,62762754.748~62778438.714,경상남도 ***********,2410067.892~2410928.262
안**,79121*********,010-*********,ihyeonje******************,54700828.908~54721411.926,경상북도 ***********,26493576.429~26503032.633
강**,45032*********,010-*********,songogs****************,35383955.059~35403584.273,광주광역********,1474515.251~1476309.296
김**,90091*********,010-*********,jinu57***********,81446791.053~81462323.01,제주특별자***********,36014271.663~36048064.056
백**,08021*********,010-*********,songhayu****************,10950256.359~10963466.901,경상북도 ***********,4680203.936~4685783.812
김**,80062*********,010-*********,gimcaewe****************,92964923.012~92972290.454,충청남도********,29558243.537~29577239.74
박**,98121*********,010-*********,ansubi************,12805452.203~12812255.985,부산광역*********,1018884.524~1022389.951
권**,63050*********,010-*********,seohyeon******************,22164949.889~22198775.9,전라남도 ***********,2585601.861~2586499.013
민**,13052*********,010-*********,baggye************,3022438.938~3061322.763,부산광역시*********,148262.737~151205.979
박**,82102*********,010-*********,jujinu**************,4407188.592~4448026.835,충청남도 ***********,117182.851~117476.544
양**,88120*********,010-*********,seongh**************,80553419.377~80567458.066,대전광역********,45947269.766~45987552.578
김**,47082*********,010-*********,yeong***********,48205436.034~48221974.552,전라북도 ***********,21146697.045~21168088.846
권**,08062*********,010-*********,jaeho*********,4910397.22~4924630.095,대구광역시*********,2284850.794~2286013.251
이**,61010*********,010-*********,minjun6****************,48442774.297~48465139.898,전라남도 ***********,4664121.738~4666706.891
황**,88042*********,010-*********,sangceo***************,3531324.239~3544231.71,충청북도 ***********,539804.714~540503.08
김**,67071*********,010-*********,jaehoim***************,88397954.966~88415567.995,서울특별시**********,46184136.263~46271917.006
양**,88103*********,010-*********,hyeonsu**************,98104128.45~98124332.131,제주특별자치**************,5116333.914~5120045.274
이**,97041*********,010-*********,ryu@yu***********,60687230.6~60708281.884,전라북도 전***********,21570413.806~21591924.21
이**,11043*********,010-*********,sinminse****************,67387722.378~67407225.558,세종특별자치*************,250084.522~251593.708
김**,11040*********,010-*********,gimseoy****************,62099733.536~62127814.761,강원도 영***********,6614706.452~6618285.788
박**,83020*********,010-*********,gimjeong*****************,65534789.318~65557615.902,세종특별자치*************,754556.055~755869.978
박**,73080*********,010-*********,geon*********,17814865.223~17824896.39,세종특별자**********,4062006.782~4065115.221
이**,75030*********,010-*********,vyu*******,34621855.109~34656204.909,제주특별자***********,3081744.232~3084812.458
홍**,47022*********,010-*********,jimingi***************,99798975.162~99814944.378,대구광역********,16432835.187~16434575.877
김**,11090*********,010-*********,yeongg*************,50827496.104~50872102.138,전라북도 ***********,1860650.218~1867084.971
이**,59102*********,010-*********,gbae@y*************,34803916.337~34818995.725,경기도 수**********,2872928.216~2878141.739
김**,59111*********,010-*********,kseo*******,9727933.248~9742727.61,세종특별자치*************,1494663.587~1497210.422
최**,74040*********,010-*********,coejae************,78805068.704~78819640.32,서울특별*********,19694916.791~19711564.066
장**,54123*********,010-*********,jangjun****************,13781706.625~13794051.39,서울특별*********,179820.506~182557.363
이**,44102*********,010-*********,jangha**************,6931118.459~6947504.276,제주특별자치**************,955381.781~956364.1
최**,82071*********,010-*********,ojang@***********,87895164.423~87931976.465,대전광역********,24515483.834~24528541.874
이**,54041*********,010-*********,gimuji************,8408235.81~8439525.954,경기도 양**********,926548.831~931786.808
최**,94100*********,010-*********,bageu**********,58158695.944~58176031.226,전라남도 ***********,12740171.144~12746108.259
이**,04090*********,010-*********,jihyeon**************,96319457.778~96338575.784,울산광역********,10366950.356~10374564.619
엄**,11020*********,010-*********,lbag@j*************,96464861.216~96476911.48,부산광역********,28989748.614~28998186.161
이**,08010*********,010-*********,jeongs*************,23934622.739~23964393.262,경상남도 ***********,2635596.852~2638189.446
김**,83022*********,010-*********,gimjeo***********,17755547.509~17771964.942,울산광역********,6106940.451~6110428.019
이**,51072*********,010-*********,seoyeonn*****************,9068000.116~9087004.628,경상남도 ***********,737949.382~738886.413
이**,63050*********,010-*********,bi@g*******,95050500.162~95092279.598,경기도 *******,8709274.809~8716050.187
김**,08090*********,010-*********,ki@ib*********,45500869.412~45521974.459,충청북도 ***********,10491301.775~10493177.409
이**,59123*********,010-*********,yundonghy******************,64883168.533~64904910.906,울산광역*******,8900319.376~8901179.764
강**,14012*********,010-*********,gimog**********,7852184.77~7894966.269,충청북도 ***********,3316994.166~3318237.574
양**,95121*********,010-*********,seoyu***********,15433253.363~15438257.396,경상남도 창************,7240068.733~7241495.013
박**,10042*********,010-*********,hyeonjun****************,10168715.413~10194899.22,충청남도 ***********,3258416.88~3259939.751
남**,98072*********,010-*********,hyeonsugj*******************,17047266.344~17063493.864,전라남도 ***********,1175246.323~1176299.882
김**,06041*********,010-*********,jieun**********,78280676.537~78297322.155,세종특별자치*************,27029789.731~27036971.398
권**,79081*********,010-*********,hongjeo****************,22979082.74~22997396.269,서울특별시*********,9968934.33~9976109.038
우**,79091*********,010-*********,bageunj***************,69659909.508~69703443.912,서울특별*********,26503032.633~26544057.786
성**,86033*********,010-*********,haeuns**************,16967368.683~16973252.224,전라남도 ***********,2883806.296~2888433.882
임**,77101*********,010-*********,kyun*********,73555795.035~73623893.706,경기도 수**********,2912982.659~2914043.144
전**,76022*********,010-*********,seojeongh*******************,26102497.315~26128557.875,강원도 춘**********,7690293.291~7692661.853
김**,60083*********,010-*********,munhyeon******************,85067771.424~85094007.06,서울특별*********,3629801.052~3630943.486
김**,94101*********,010-*********,yeweon9****************,61491445.926~61509576.222,강원도 홍***********,5087641.719~5093766.887
김**,13080*********,010-*********,ijaehye**************,60660519.778~60673607.615,울산광역********,14889426.362~14897958.148
김**,01041*********,010-*********,ii@m*********,94774169.796~94787086.025,울산광역********,5107963.146~5111305.204
임**,73052*********,010-*********,mseo@y*************,9347900.835~9353000.572,전라북도 ***********,1892650.376~1896451.17
이**,87111*********,010-*********,pgang**********,27181698.6~27207487.916,세종특별자치*************,2742566.09~2745950.586
최**,91060*********,010-*********,yeongceo*****************,29000526.473~29008276.215,부산광역*********,372358.287~373387.854
최**,76031*********,010-*********,gimyeon****************,75630374.838~75665141.162,강원도 양*********,17793752.476~17828610.4
김**,07121*********,010-*********,iyeji**********,81372290.34~81385532.218,전라북도 ***********,43657256.152~43790545.44
이**,88050*********,010-*********,igyeo***********,35377329.39~35383955.059,충청북도 청**************,1744885.724~1745070.726
오**,73010*********,010-*********,rgim*******,24243960.672~24266617.633,인천광역시*********,1041854.292~1042844.164
서**,50060*********,010-*********,hangyeon******************,87116744.715~87138210.579,서울특별*********,4450728.937~4452164.111
홍**,59112*********,010-*********,gimsu*********,49112328.944~49124306.641,경기도 *******,9887407.691~9892690.666
최**,62081*********,010-*********,rgang@**************,88799423.713~88814433.235,울산광역********,204921.453~205063.73
구**,02022*********,010-*********,areumyu****************,21415702.584~21427562.586,인천광역********,10426855.399~10430819.923
김**,95050*********,010-*********,hyeonu**************,53358628.084~53383228.002,대전광역********,23203032.943~23214480.76
홍**,51041*********,010-*********,hayun8************,7333171.58~7356422.037,전라남도 ***********,1089919.086~1091581.878
이**,11121*********,010-*********,cunja4**************,45288954.467~45311391.781,경상북도 ***********,17976554.569~17981535.429
김**,97042*********,010-*********,sondongh******************,79025338.681~79042067.139,경기도 김**********,6110428.019~6116815.542
우**,92062*********,010-*********,bgim*******,49300573.112~49330578.176,강원도 원**********,2209580.706~2211316.729
서**,65051*********,010-*********,sangceol****************,6732007.238~6741476.033,충청남도 ***********,1220656.4~1221657.038
홍**,81092*********,010-*********,jongsui***************,45005366.962~45025219.138,경기도 양**********,28333035.271~28360686.787
이**,96060*********,010-*********,egim@j*************,15685439.486~15710356.62,경상북도 포*************,2863289.473~2867316.978
박**,79081*********,010-*********,yeongmigw******************,84804897.906~84825851.204,전라남도 *********,22584310.657~22593938.28
이**,03071*********,010-*********,jeongsu**************,91239894.48~91252026.63,대전광역*********,2379822.896~2384432.118
박**,11100*********,010-*********,gyeong************,85815025.648~85829895.98,인천광역********,50301540.467~50348367.228
조**,85062*********,010-*********,jangje*************,60708281.884~60717087.482,울산광역********,7729731.354~7732538.478
이**,70052*********,010-*********,gimhye**************,52188456.918~52225362.641,세종특별자**********,18542212.589~18555372.578
한**,03112*********,010-*********,subin20***************,84402752.334~84408331.664,인천광역********,42231897.857~42299158.37
강**,93080*********,010-*********,sugja19***************,14176851.597~14192486.939,경상북도 ***********,5157586.007~5160872.235
박**,12091*********,010-*********,jeongsu****************,75747482.622~75761309.508,대전광역*********,18488562.671~18507464.01
김**,97060*********,010-*********,hongs***********,38330611.635~38364859.86,전라남도 ***********,11048483.72~11053755.507
이**,74102*********,010-*********,sinseong****************,78599676.516~78606181.4,전라남도 ***********,52786984.026~52865747.37
윤**,14061*********,010-*********,eunju87***************,87585975.121~87590956.148,전라남도 **********,2077221.258~2077662.448
김**,78022*********,010-*********,gimha*********,82294454.051~82301966.294,서울특별*********,27669031.36~27713629.194
김**,62051*********,010-*********,simogs***********,49402264.388~49422348.796,전라남도 ***********,22063328.932~22070557.798
성**,76102*********,010-*********,gangbyeon*******************,65178848.667~65186125.798,제주특별자치*************,18959582.336~18971531.535
김**,45100*********,010-*********,doyun2**************,19388163.272~19436235.361,경상북도 **********,1175246.323~1176299.882
이**,80040*********,010-*********,rgo@ju***********,20795637.785~20815240.068,서울특별*********,13316247.541~13332268.454
윤**,93101*********,010-*********,bagseon***************,44105924.976~44117385.955,전라북도 ***********,6844087.655~6846159.18
박**,84012*********,010-*********,jia66***********,60159138.834~60193619.871,충청북도 청**************,18040278.099~18047308.213
이**,69091*********,010-*********,yeji72************,88628191.37~88677075.415,서울특별*********,3697677.23~3698864.18
이**,74120*********,010-*********,eo@gi*********,90208195.018~90232628.669,경상남도 ***********,11580026.173~11582231.934
유**,68082*********,010-*********,seonyeo****************,34904413.614~34907686.656,전라남도 ***********,11703117.203~11708651.444
윤**,75123*********,010-*********,sbag@y*************,50291925.155~50313759.102,전라북도 ***********,3153030.76~3155778.906
서**,57112*********,010-*********,imyeo**********,92457137.378~92480342.256,대전광역*********,43956968.211~44006459.297
김**,97101*********,010-*********,gi@******,76006406.958~76036032.318,대전광역********,32353266.217~32386641.242
이**,50052*********,010-*********,gimjun************,27979481.291~28012488.574,대구광역시 ***********,5271992.59~5275765.894
신**,90030*********,010-*********,bagseung******************,98527264.153~98581679.528,대구광역********,13285135.41~13290378.291
최**,71111*********,010-*********,yeeung***********,39828052.023~39836152.021,울산광역********,11939582.928~11947462.389
김**,86090*********,010-*********,seoyeo*************,5118510.614~5144231.544,경상북도 ***********,3254752.44~3257337.462
최**,66011*********,010-*********,qnam@n************,10037566.184~10085775.81,충청북도 ***********,2020582.133~2024941.47
조**,60022*********,010-*********,xi@******,40749001.516~40760437.758,충청남도 천*************,7420321.287~7426635.835
민**,58080*********,010-*********,jeongs*************,55092848.027~55101459.144,광주광역********,36834641.772~36849503.116
송**,63120*********,010-*********,jeongsu****************,70675043.705~70687420.777,인천광역시 ***********,579808.786~582399.245
서**,14060*********,010-*********,nbag@**********,76797563.266~76819631.201,전라남도 ***********,4452164.111~4455204.038
홍**,94070*********,010-*********,areum5*************,35088367.267~35107241.412,경상남도 ***********,11747794.377~11757531.476
이**,85052*********,010-*********,ogsun*********,47105661.888~47130055.054,경상남도 ***********,4459255.882~4460182.636
김**,95111*********,010-*********,hyeonj************,81339250.617~81357384.988,울산광역********,41081926.706~41127705.702
최**,97040*********,010-*********,pi@*******,38241955.607~38260176.339,대구광역시***********,10100093.64~10101234.616
김**,10081*********,010-*********,imun********,79173323.46~79182394.414,전라북도 ***********,16801902.834~16811449.578
우**,04121*********,010-*********,seoyun5****************,83837826.294~83863901.897,서울특별********,4871415.878~4873682.498
조**,82032*********,010-*********,seonyeon*****************,17824896.39~17842820.1,전라남도 ***********,960306.062~961656.469
손**,76082*********,010-*********,ocoe*******,17621955.789~17635643.175,충청북도 ***********,2215300.226~2218671.426
김**,89122*********,010-*********,bagogja***************,32689362.371~32707564.79,울산광역********,11969541.393~11972385.86
안**,62032*********,010-*********,seoyeo*************,85737569.11~85759799.019,충청북도 청**************,7158798.305~7165287.002
허**,80040*********,010-*********,dgim*********,85709611.794~85714108.828,울산광역********,9639443.763~9644344.533
김**,56060*********,010-*********,yeongsun******************,21602187.443~21623307.198,충청북도 ***********,8810805.032~8817534.659
장**,00071*********,010-*********,misugji***************,98724592.74~98737466.109,대전광역*********,4857423.91~4857779.199
김**,10072*********,010-*********,myeongja****************,94795075.472~94819944.083,충청남도 ***********,43638771.694~43657256.152
최**,92110*********,010-*********,myeongs**************,11257680.951~11297120.377,광주광역*******,1294069.296~1295919.044
노**,64090*********,010-*********,wgim*******,89119429.12~89151975.715,대전광역********,31729550.778~31733812.872
김**,56022*********,010-*********,ogsun53***************,43557182.974~43564695.472,강원도 춘**********,3026548.114~3032379.001
김**,13052*********,010-*********,xgi*******,65094013.143~65105880.958,세종특별자치*************,19232702.291~19238065.954
김**,55021*********,010-*********,gimmi**********,31520976.259~31545067.586,경상남도 ***********,6386813.02~6394721.355
조**,66120*********,010-*********,seonyeo***************,7356422.037~7380508.048,울산광역********,1061725.59~1062810.202
노**,78011*********,010-*********,mijeong***************,61129960.28~61135017.411,경상남도 ***********,14073035.721~14082247.805
허**,80052*********,010-*********,iyeong**************,94672283.274~94678529.27,울산광역********,20342679.093~20364534.385
이**,00080*********,010-*********,ieun*********,26911550.354~26950487.834,전라남도 담************,1608280.014~1614330.92
김**,10110*********,010-*********,ijeong**************,35728387.835~35737978.89,경상남도 ***********,4181133.67~4184647.06
김**,74072*********,010-*********,seoyunry****************,28279099.35~28297117.845,경기도 *******,16249433.41~16253175.265
곽**,54022*********,010-*********,hyeonjun******************,81959977.369~81982634.628,인천광역시*********,6230007.923~6244997.864
이**,95091*********,010-*********,haeunseo*****************,51356041.504~51368832.646,부산광역시 ***********,10374564.619~10378874.28
주**,11070*********,010-*********,seoyeon**************,59835064.76~59846863.859,부산광역*********,2018622.928~2020582.133
권**,14041*********,010-*********,zi@******,43883602.073~43912477.743,서울특별*********,24602445.746~24626679.675
박**,68080*********,010-*********,bagjunhy******************,24334927.674~24373121.5,강원도 홍**********,8201166.809~8204257.539
김**,95052*********,010-*********,gimyeo*************,3830217.272~3846241.159,서울특별*********,804791.425~805804.198
이**,13072*********,010-*********,nson@r************,8572005.734~8577719.732,경기도 포**********,867807.497~869887.18
윤**,05121*********,010-*********,gimsan*************,60986539.56~60999456.723,전라남도 ***********,37483104.758~37527070.422
이**,74041*********,010-*********,gwangsu**************,46090630.422~46135011.566,세종특별자치*************,11290847.0~11304154.15
한**,14111*********,010-*********,boraman****************,76531095.183~76560645.915,경기도 *******,39429201.066~39452721.403
김**,56060*********,010-*********,gimhae*************,86005853.847~86023498.01,경기도 양**********,11279606.535~11282386.05
안**,13082*********,010-*********,songye**************,51604362.864~51609647.148,충청북도 ***********,2906026.925~2910612.252
권**,89061*********,010-*********,naeungy**************,36010333.041~36020182.683,충청남도 ***********,15097348.631~15097985.578
한**,50100*********,010-*********,fseo*********,58190687.056~58204677.626,인천광역시 ***********,10491301.775~10493177.409
김**,09012*********,010-*********,bagjihu****************,42744011.852~42771475.686,서울특별********,10732561.96~10738124.292
이**,77070*********,010-*********,uha*******,90823479.735~90882471.21,전라남도 ***********,3383622.725~3391910.724
하**,86022*********,010-*********,subin***********,97444076.258~97471287.027,제주특별자치**************,23801444.058~23812397.701
황**,95060*********,010-*********,sonje***********,79875427.685~79907393.586,대전광역*********,9803850.404~9809551.34
허**,73071*********,010-*********,icoe@b************,87116744.715~87138210.579,경기도 수**********,396666.514~396995.603
이**,80070*********,010-*********,eunju8**************,69471348.65~69497353.61,인천광역시*********,22428410.84~22489950.102
박**,53021*********,010-*********,minsugi***************,3227420.158~3244839.035,제주특별자치**************,366758.968~368121.132
송**,93090*********,010-*********,gimji***********,5755666.611~5773100.378,경상북도 ***********,1653097.916~1654717.762
김**,54040*********,010-*********,ugim@h**************,51062066.984~51065965.524,전라북도 ***********,7887134.247~7888543.255
김**,04022*********,010-*********,hongseu**************,44774008.093~44793091.711,울산광역시 ***********,3807584.23~3811287.432
오**,01021*********,010-*********,cgim*********,29708030.88~29720232.938,경상북도 ***********,18873400.775~18879609.764
김**,69120*********,010-*********,si@r*******,57973024.221~57997227.341,충청북도 ***********,9517154.628~9528179.519
차**,14090*********,010-*********,ryuyeo***********,87609144.063~87650708.776,서울특별*********,50983585.654~51057410.078
이**,95062*********,010-*********,migyeong******************,54432044.865~54435366.316,전라남도 ***********,6339908.535~6349604.2
박**,86112*********,010-*********,jiao@y*************,27616070.0~27625154.765,전라북도********,8008921.73~8012051.008
정**,11030*********,010-*********,ogja17************,15499591.974~15536459.643,충청북도 ***********,3902251.492~3904850.137
조**,91121*********,010-*********,yeongceo*****************,29355133.444~29388066.932,서울특별*********,5363251.554~5365212.093
최**,02033*********,010-*********,dbag@**********,29720232.938~29749938.326,서울특별시*********,12675735.542~12692749.392
김**,08030*********,010-*********,hyeonjeon******************,56285419.262~56287724.716,세종특별자**********,2526659.773~2534206.968
이**,89102*********,010-*********,ryus********,51065965.524~51078075.451,인천광역*********,2944007.166~2945821.701
오**,94032*********,010-*********,gimseo*************,89264378.922~89288164.415,인천광역********,18025363.68~18031059.469
박**,76012*********,010-*********,wyang@**************,23117378.208~23125176.882,경상북도 **********,2767190.283~2770436.808
송**,47120*********,010-*********,doyun*********,54435366.316~54446113.66,세종특별자치*************,5528866.306~5536774.288
박**,75042*********,010-*********,qgim@**********,86259342.972~86274995.258,인천광역시*********,16341719.783~16351164.938
김**,92091*********,010-*********,seoyeo************,38962076.656~38990037.912,서울특별시**********,14975900.029~14983607.011
최**,73062*********,010-*********,migyeon***************,72041253.088~72049261.06,대구광역********,19673716.74~19682893.272
박**,63112*********,010-*********,rbag@y*************,41396766.525~41408373.159,서울특별시*********,2307802.383~2310763.402
홍**,07111*********,010-*********,eungyeong******************,18580106.93~18589438.0,경상북도 **********,2615348.189~2617732.592
김**,07032*********,010-*********,rjan********,33851135.137~33876027.076,대구광역*********,2501027.051~2502911.428
김**,46051*********,010-*********,gimjeo*************,12092684.028~12120248.446,서울특별*********,6317803.062~6325476.158
이**,06070*********,010-*********,seongsu***************,53130393.912~53152424.398,충청북도 ***********,4140527.665~4145920.856
오**,52082*********,010-*********,yejungi****************,65845554.65~65849780.925,울산광역********,2589209.526~2591706.31
이**,47090*********,010-*********,seojunc***************,87271394.786~87282958.06,충청남도 ***********,3557172.374~3559888.275
양**,12082*********,010-*********,iseony**************,15835216.59~15840001.235,제주특별자치*************,3886080.41~3890615.217
김**,09121*********,010-*********,sugja1************,26864046.645~26875235.439,울산광역********,1146400.558~1149187.392
강**,84040*********,010-*********,hyeons************,58917059.685~58925175.429,울산광역시 ***********,4022631.32~4023446.917
이**,55102*********,010-*********,yeweo***********,71349716.218~71369573.633,충청북도 ***********,27969181.144~28015162.89
김**,59112*********,010-*********,baghyeo****************,53509096.527~53538410.066,충청북도 ***********,10713732.24~10721189.859
장**,52012*********,010-*********,boram0************,55279506.011~55292412.972,대구광역시 ***********,31362608.36~31410913.37
김**,97010*********,010-*********,jinu50************,91374725.758~91401609.647,전라북도 ***********,59097283.36~59748581.371
이**,66102*********,010-*********,jeongu***********,96706883.663~96743613.925,경상남도********,47667292.148~47696103.711
박**,81121*********,010-*********,gimeungye******************,4146616.623~4169651.187,전라북도 ***********,753234.26~753994.454
이**,44092*********,010-*********,tan@ju************,5301483.944~5330393.388,광주광역시*********,2205830.674~2209580.706
문**,63020*********,010-*********,xgang**********,64644817.064~64668546.474,대구광역*********,12170161.616~12174686.467
박**,11042*********,010-*********,sanghye***************,61867452.8~61888962.25,경기도 안**********,18364840.991~18372244.378
홍**,93061*********,010-*********,myeongj**************,49201986.86~49226397.966,울산광역********,16554086.882~16560236.685
장**,50022*********,010-*********,sumi*********,5991123.32~6005503.712,경상남도 ***********,4365107.585~4373247.204
김**,03032*********,010-*********,hyeonj*************,26783272.849~26791572.52,경상북도********,8137970.241~8142802.376
김**,90123*********,010-*********,jeonghoj******************,86123334.312~86126124.631,광주광역********,18318564.689~18323265.4
손**,73042*********,010-*********,bagyeo*************,95880314.282~95901376.637,부산광역시 ***********,13803716.57~13805837.848
이**,95043*********,010-*********,jeongung******************,85419028.359~85444147.363,경상남도 창************,7659924.258~7661952.026
최**,88031*********,010-*********,geonu3**************,87107294.382~87116744.715,충청남도 ***********,20056063.04~20080839.316
홍**,60061*********,010-*********,seojun7***************,65296174.952~65311217.856,인천광역********,1011861.355~1013192.607
신**,67061*********,010-*********,minj*********,77556896.634~77577123.815,부산광역시 ***********,31733812.872~31755864.46
김**,00062*********,010-*********,ocoe@**********,70453180.893~70461827.37,서울특별*********,4884518.729~4888080.81
조**,74083*********,010-*********,gimseo************,71829667.178~71840834.246,부산광역********,3426400.096~3433717.968
황**,66082*********,010-*********,miyeo***********,3488559.446~3500044.086,경상북도 ***********,243458.718~243538.27
김**,51051*********,010-*********,wji@ju************,77190971.68~77198113.606,세종특별자치*************,2707593.672~2709942.663
김**,63021*********,010-*********,gimmin*************,9449380.684~9452503.51,경기도 수**********,3292269.187~3294130.727
이**,87052*********,010-*********,hyeonje***************,58568624.805~58594497.916,울산광역********,30228890.987~30262218.83
장**,94122*********,010-*********,yejiba**************,93261602.3~93266502.436,충청남도 ***********,38085556.784~38143127.738
이**,51090*********,010-*********,gogeon**************,22278395.578~22317241.885,충청북도 ***********,507793.265~508548.66
문**,05081*********,010-*********,seungm*************,16545540.404~16580281.937,서울특별*********,421677.243~422450.831
남**,98083*********,010-*********,eunjeo*************,3326899.893~3332880.063,경상남도********,788828.099~790575.277
김**,44021*********,010-*********,gimdong****************,68632613.342~68650829.627,전라남도 ***********,35220657.483~35296571.449
이**,83071*********,010-*********,dohyeon***************,18293630.14~18298457.653,광주광역*********,837585.22~838773.569
이**,82060*********,010-*********,lo@yuh***********,6559764.786~6565090.33,경상북도 ***********,4165339.275~4167385.678
남**,88082*********,010-*********,yangeuns*****************,67313172.834~67319586.808,대전광역********,7974656.489~7982590.893
고**,12022*********,010-*********,yeongsuhw******************,60510929.877~60524540.946,전라북도********,24258965.447~24260311.495
우**,53091*********,010-*********,bagseo************,32275180.466~32278018.962,광주광역*********,10753388.637~10754367.53
김**,09102*********,010-*********,bagjihy***************,48197240.471~48205436.034,대전광역*********,14507200.822~14511791.914
김**,07050*********,010-*********,seongho****************,15277506.494~15299271.275,세종특별자치*************,6983339.947~6989103.286
박**,12111*********,010-*********,yeonghw****************,7771614.199~7791720.552,서울특별*********,563407.599~563822.614
박**,00110*********,010-*********,yeeungi****************,81357384.988~81372290.34,광주광역********,5990881.383~5995410.891
박**,78021*********,010-*********,jihy*********,4961378.314~4985826.624,전라남도 ***********,948656.242~949794.278
박**,99052*********,010-*********,seongjin*****************,58790833.539~58798366.78,경상북도 ***********,10504797.89~10510188.395
박**,62092*********,010-*********,baghyeonj*******************,73863315.132~73880524.227,대전광역*********,16190337.335~16204984.36
진**,47010*********,010-*********,bba*******,23848895.024~23856783.872,인천광역*********,6116815.542~6121510.28
이**,68030*********,010-*********,coesun************,10439827.315~10453276.507,전라북도 ***********,3721146.314~3721809.127
손**,94111*********,010-*********,coeyeon***************,19880113.174~19885515.653,전라남도 ***********,8679850.12~8688643.615
김**,06022*********,010-*********,bgim*********,9206516.193~9241087.58,인천광역*******,1339574.92~1341738.098
최**,49081*********,010-*********,gyeongsu*****************,15685439.486~15710356.62,경상남도 ***********,2939412.74~2942421.32
노**,02030*********,010-*********,minju***********,23135861.397~23176948.774,대전광역********,6989103.286~6991399.902
이**,79112*********,010-*********,suji*********,92598150.059~92642943.87,경상북도 ***********,16253175.265~16260686.021
서**,47013*********,010-*********,mba*******,73078931.452~73082400.894,강원도 *******,37454294.103~37483104.758
황**,66091*********,010-*********,jeongung****************,42697177.052~42715052.994,강원도 영***********,28914505.844~28939450.747
남**,62060*********,010-*********,imin********,79411924.242~79423637.26,충청북도 ***********,2438806.425~2440904.27
박**,52110*********,010-*********,yeji*********,12529537.623~12553509.791,서울특별*********,6765039.894~6766923.182
양**,46050*********,010-*********,jeongu************,28318280.794~28337540.732,인천광역********,14913312.205~14918201.833
김**,76121*********,010-*********,seongmin******************,63640227.44~63663807.099,부산광역*********,11981711.842~11984811.19
진**,44062*********,010-*********,jiu81@*************,96529441.907~96540236.58,전라남도 ***********,12570271.566~12581757.728
김**,63111*********,010-*********,hyejing****************,92557989.557~92578593.782,경상남도 창************,13684690.209~13700484.269
이**,04071*********,010-*********,jeongsub*****************,87042110.279~87064230.722,충청남도 ***********,28159771.656~28178893.832
최**,76072*********,010-*********,ki@g*******,21894858.289~21909262.76,경상남도 ***********,4139753.342~4140527.665
이**,94082*********,010-*********,jihye80***************,67923513.496~67946383.316,대구광역시 ***********,46467616.995~46553459.085
김**,57060*********,010-*********,ybag@*********,33179309.36~33203565.227,충청남도 ***********,16640912.72~16643196.036
이**,79021*********,010-*********,dohyeon****************,14154343.38~14168618.974,경상북도 **********,4130741.392~4132716.031
양**,06012*********,010-*********,donghye**************,29826564.689~29831341.042,전라북도 ***********,14052176.0~14057855.719
최**,59050*********,010-*********,seongsu****************,53939309.62~53977375.1,광주광역*********,6864225.012~6866501.966
이**,14091*********,010-*********,gimcu**********,7992153.177~8022434.678,대전광역********,940806.439~941918.028
장**,70060*********,010-*********,gsin@j*************,38076845.582~38099011.42,울산광역시 ***********,7787223.965~7790342.152
박**,74020*********,010-*********,gu@******,21818958.43~21831603.38,광주광역*******,10449290.076~10453989.076
오**,52071*********,010-*********,gangyewe*****************,75586183.836~75602331.265,광주광역********,8164462.25~8168115.434
박**,68052*********,010-*********,donghyeo*****************,45853060.298~45863451.858,부산광역시*********,2910612.252~2912982.659
최**,05120*********,010-*********,jinho*********,18580106.93~18589438.0,울산광역********,11472941.453~11474873.321
심**,44042*********,010-*********,hyeonj**************,12618660.94~12629942.296,서울특별********,613534.746~614592.215
하**,10060*********,010-*********,yeonghog****************,64018593.76~64047513.583,전라남도 **********,7524441.354~7532280.499
김**,60040*********,010-*********,jeonjih***************,45548362.302~45567854.106,강원도 *******,4895637.085~4898646.352
고**,73070*********,010-*********,gimmyeo***************,52506215.46~52510315.815,대전광역********,3826769.317~3829383.485
이**,11012*********,010-*********,seong***********,10974163.358~11023528.852,서울특별*********,862649.94~864162.614
김**,97010*********,010-*********,sinjihy****************,96943934.946~96963150.086,서울특별*********,6972291.803~6980828.818
이**,55072*********,010-*********,bgo@*********,59522362.976~59561180.517,경기도 수**********,22308498.48~22317677.485
허**,84061*********,010-*********,fgim@y************,9928952.59~9940143.965,전라북도 ***********,6213508.695~6219310.895
김**,10040*********,010-*********,hyeon***********,30472993.288~30487918.054,경상남도 ***********,3272699.58~3278165.444
조**,60052*********,010-*********,sgim@*********,19198313.71~19236128.696,서울특별*********,2296141.34~2297035.981
김**,75040*********,010-*********,iyejin**************,85578811.2~85579354.765,대구광역********,6244997.864~6251689.231
박**,88070*********,010-*********,rcoe@**********,27273755.797~27290622.078,부산광역시 ***********,5698536.965~5705050.989
류**,14080*********,010-*********,sinmyeon******************,48380329.04~48394501.504,대구광역********,13866124.63~13890320.103
정**,04072*********,010-*********,iseoyeo****************,14661565.754~14668970.166,강원도 *******,1123427.999~1124392.148
류**,12081*********,010-*********,jinho**********,74093716.296~74125454.017,경상남도 ***********,44837361.95~44877327.026
이**,61031*********,010-*********,ecoe@**********,99017511.661~99026659.046,대전광역********,40809114.068~40856586.544
곽**,12081*********,010-*********,xyan*******,28392004.401~28414915.655,인천광역시*********,2763854.733~2765407.208
문**,57092*********,010-*********,xgim@s************,72783204.968~72808711.147,광주광역*********,11654160.711~11657602.226
이**,86111*********,010-*********,yeongceol******************,66156944.722~66183277.489,광주광역********,17593417.568~17616290.563
한**,82111*********,010-*********,bagjae************,9068000.116~9087004.628,경기도 김**********,1203266.851~1206344.75
이**,82082*********,010-*********,jgim@c***********,93714437.231~93726209.896,울산광역********,9564414.755~9565990.024
이**,78031*********,010-*********,baegjeon*****************,49669289.166~49696219.602,경기도 ********,7289954.04~7294415.872
신**,10103*********,010-*********,seungmi****************,34102402.789~34120626.98,경상북도 ***********,2466548.838~2467067.492
이**,14041*********,010-*********,nobyeong******************,9013056.979~9068000.116,충청북도 청**************,2985872.796~2987342.525
김**,06062*********,010-*********,iyeongj**************,4989685.794~4996267.039,대전광역*******,1425690.248~1425874.172
송**,95082*********,010-*********,yeongsi***************,62754215.828~62762754.748,경상북도 ***********,6370106.975~6374248.475
김**,71050*********,010-*********,haeuni***********,80050288.085~80056765.964,세종특별자치*************,25145911.393~25187779.826
권**,03061*********,010-*********,cju@s*********,50501202.001~50560407.724,경기도 화**********,9280927.395~9285148.618
전**,89061*********,010-*********,iseonghy****************,50313759.102~50356938.315,경상남도 ***********,5902797.326~5905461.244
송**,72041*********,010-*********,pjo@yu***********,30075269.302~30095278.97,경상북도 ***********,6559988.456~6563216.966
안**,08031*********,010-*********,hyeonji**************,95318335.381~95329394.07,세종특별자치*************,20490747.496~20494835.783
이**,88102*********,010-*********,jinu*********,36793316.325~36803642.02,광주광역시*********,10426855.399~10430819.923
권**,54011*********,010-*********,wgim@**********,33470003.917~33482862.21,제주특별자치**************,111875.842~113432.04
김**,10040*********,010-*********,yunyeon**************,86566319.31~86576072.623,경기도 ********,140966.712~141225.472
이**,81052*********,010-*********,vjeong*************,44509504.524~44524794.634,울산광역********,14467078.347~14476618.8
오**,00030*********,010-*********,eunju60***************,11634206.046~11702489.757,경상남도 창원***************,2060420.255~2068274.673
류**,48032*********,010-*********,hgan*********,46090630.422~46135011.566,전라북도 ***********,5157586.007~5160872.235
강**,00113*********,010-*********,qbag@y************,49808932.008~49818597.517,세종특별자치**************,13017099.799~13021043.354
김**,96051*********,010-*********,ogim@g*************,51206115.888~51225054.94,대전광역********,2245864.798~2252439.494
김**,47041*********,010-*********,kan@c**********,62099733.536~62127814.761,광주광역********,23472142.114~23476409.772
김**,88112*********,010-*********,seohyeon******************,7519856.914~7529329.166,울산광역********,540503.08~541662.483
박**,51111*********,010-*********,byeong**************,17668667.472~17698642.045,서울특별시***********,5822918.107~5823653.641
이**,77121*********,010-*********,hyeonju8****************,31921785.276~31932152.558,대구광역*********,14608336.645~14614859.146
김**,54060*********,010-*********,di@yuh***********,96017161.885~96028935.626,대전광역********,2297035.981~2301698.191
김**,00042*********,010-*********,naseon***********,31150634.368~31156432.105,대전광역*********,12355808.37~12358091.541
엄**,02101*********,010-*********,jungsu**************,75563173.746~75586183.836,서울특별********,16630377.326~16640912.72
김**,60080*********,010-*********,rheo@g*************,21263077.69~21278850.159,대전광역*********,6110428.019~6116815.542
윤**,57051*********,010-*********,seoyu*********,5432482.054~5452465.835,경기도 포**********,1368833.746~1371813.881
이**,93113*********,010-*********,jaehyeo****************,64533441.056~64573367.309,광주광역********,1523366.641~1523922.42
이**,03120*********,010-*********,eungye*************,45216372.018~45239515.415,대구광역*********,2204362.078~2205830.674
양**,60061*********,010-*********,jangye*************,36803642.02~36824680.496,충청북도 ***********,1376974.089~1378265.05
김**,97121*********,010-*********,hanhyeo****************,3201796.693~3207782.35,부산광역시 ***********,1169650.093~1170520.76
문**,79022*********,010-*********,kseong***********,82609087.044~82625092.492,제주특별자***********,8211220.174~8215265.593
김**,67122*********,010-*********,coehae**************,81263269.75~81269369.985,전라남도 ***********,3181002.945~3185234.273
김**,05090*********,010-*********,eungye***********,81911168.958~81940667.968,대전광역*********,5087641.719~5093766.887
박**,73101*********,010-*********,hyeonj**************,75761309.508~75789152.139,대구광역********,18388635.642~18399539.12
심**,99053*********,010-*********,jieunc*************,47591415.024~47618405.906,울산광역********,20112188.765~20137435.613
김**,10103*********,010-*********,xgim@b*************,91900572.034~91905806.096,울산광역********,628698.952~629388.378
박**,53060*********,010-*********,myeongs**************,58093945.846~58107657.19,전라북도 ***********,6448997.3~6457017.392
손**,96122*********,010-*********,yeongsu***************,22584693.153~22642487.998,제주특별자치**************,4894503.277~4895637.085
강**,11100*********,010-*********,imigye*************,31632979.496~31647818.258,서울특별*********,2990393.316~2992545.635
김**,89120*********,010-*********,xi@yuh***********,50606934.795~50636315.872,충청북도 ***********,14230140.914~14240539.448
최**,45082*********,010-*********,ihyeon***********,48244329.98~48260732.169,대전광역********,8776838.349~8780472.242
양**,67121*********,010-*********,haeun70**************,58025436.067~58048529.984,강원도 원**********,7289954.04~7294415.872
박**,14100*********,010-*********,ygim@y************,22101633.459~22108990.075,경상남도 ***********,3740582.49~3742232.641
문**,11022*********,010-*********,myeongsug******************,45736367.455~45744062.502,대구광역시*********,20612217.073~20628327.268
이**,71070*********,010-*********,mijeo***********,87805762.776~87825246.369,경상남도 **********,4931571.122~4935307.295
이**,96060*********,010-*********,ri@******,19448947.759~19456658.901,부산광역시*********,10608603.311~10618522.576
박**,13031*********,010-*********,yeji91@**************,39284587.752~39303233.544,인천광역*********,9238439.786~9244458.256
강**,66082*********,010-*********,eunyeo************,32278018.962~32291411.208,강원도*******,1447017.224~1448701.891
김**,04070*********,010-*********,nojun**********,34176027.968~34189619.891,부산광역시*********,4811681.169~4816625.841
권**,47082*********,010-*********,hheo@*********,56857181.92~56869644.224,인천광역*********,6281219.306~6289976.1
전**,57101*********,010-*********,hanjun************,18996059.58~19031000.566,경기도 수**********,8132593.489~8135916.582
박**,66042*********,010-*********,junhye***********,73635494.25~73641158.109,경상북도 ***********,33567727.404~33594923.526
황**,65021*********,010-*********,seoyeo**************,30829530.086~30874979.284,부산광역시 ***********,1176299.882~1177999.886
최**,86022*********,010-*********,jaeho0************,30829530.086~30874979.284,세종특별자치*************,3035053.96~3036562.534
김**,86020*********,010-*********,yeongs*************,38456848.557~38470992.174,인천광역********,6046642.912~6048023.672
최**,04060*********,010-*********,bjang@**************,22086363.092~22101633.459,인천광역시 ***********,4977757.221~4982502.311
강**,10052*********,010-*********,mijeo***********,32707564.79~32716660.757,전라남도 ***********,6102633.246~6106940.451
장**,65102*********,010-*********,sumin6************,59188434.76~59211844.391,서울특별*********,7820387.123~7823226.69
김**,47021*********,010-*********,gyeong***********,55963536.394~55975760.726,경상북도 포*************,14219566.861~14230140.914
이**,87110*********,010-*********,ieun*********,48347761.644~48355192.082,전라북도 군***********,1310078.301~1311013.852
배**,59040*********,010-*********,eunyeon***************,48355192.082~48366829.726,강원도 정**********,25559816.955~25600446.808
문**,71111*********,010-*********,jiweong****************,2834931.842~2852406.058,경상북도 ***********,1124392.148~1126525.563
김**,82051*********,010-*********,minjae2****************,94367788.494~94383517.156,전라북도 ***********,30029908.697~30080517.69
이**,58090*********,010-*********,donghye****************,43762871.189~43785941.253,전라북도 ***********,4321680.054~4324120.168
이**,14060*********,010-*********,seohyeo***************,49985153.451~49994854.722,충청북도 ***********,21535997.435~21548353.594
박**,58022*********,010-*********,mgim@**********,88837395.686~88854030.854,대전광역********,205063.73~207005.306
이**,47123*********,010-*********,ogjagi***********,4935999.321~4961378.314,경상북도 ***********,347578.892~348699.982
박**,53012*********,010-*********,rgim@g***********,63558981.192~63568785.047,부산광역*********,15080551.359~15097348.631
권**,93101*********,010-*********,ki@yu***********,40613863.925~40628055.515,충청북도 청**************,16596876.343~16612019.111
장**,05111*********,010-*********,lbag@y*************,3500044.086~3519764.434,광주광역********,688342.752~689746.086
김**,45021*********,010-*********,baegmije******************,81659994.456~81688992.084,대구광역*********,9390791.723~9397759.4
김**,83091*********,010-*********,bagjun*************,71303335.998~71319308.067,전라북도 ***********,31669366.39~31710410.708
권**,95041*********,010-*********,yeongsuc****************,48679435.726~48701425.054,전라북도 ***********,29633170.925~29656272.257
곽**,75110*********,010-*********,hgim@**********,33031514.741~33070462.479,대전광역********,2007536.492~2009199.529
진**,13052*********,010-*********,oco*******,15212702.4~15257316.923,광주광역********,1469509.069~1471267.718
이**,64081*********,010-*********,gimhyeji****************,33203565.227~33228442.09,대전광역********,9818464.626~9819600.659
박**,69092*********,010-*********,sgweon************,84186604.731~84201239.592,울산광역********,25410179.392~25436247.771
이**,92062*********,010-*********,lgim********,10194899.22~10210060.68,광주광역********,978853.624~983450.047
김**,45102*********,010-*********,wjeon***********,60949684.731~60962391.069,제주특별자치*************,17963395.224~17976554.569
박**,02071*********,010-*********,jungsu81****************,22687810.335~22693446.203,경상남도 ***********,1140878.972~1144871.734
최**,57010*********,010-*********,abag@**********,19846494.46~19857627.621,부산광역시 ***********,558002.968~559769.671
이**,06080*********,010-*********,gimjunhy*****************,93404622.322~93407798.441,서울특별시*********,31845560.004~31878830.076
이**,67112*********,010-*********,seungm**************,46323531.893~46346612.682,대전광역********,2256872.882~2259860.046
김**,81010*********,010-*********,seongsu9****************,40150971.474~40160475.42,경기도 성**********,12215833.807~12218535.722
강**,70030*********,010-*********,jeongsun*****************,24819248.634~24875516.879,경상북도 ***********,1539888.952~1540585.282
이**,91050*********,010-*********,mson********,41411637.044~41447476.122,서울특별*********,18997011.849~19009259.465
안**,10120*********,010-*********,siuhw*********,77809356.485~77861919.764,충청북도 ***********,39150590.918~39188388.515
김**,12042*********,010-*********,yunseogi****************,39263765.234~39284587.752,대구광역********,7054326.215~7054751.861
박**,92050*********,010-*********,yumin**********,11077512.586~11109622.594,충청북도 ***********,2644146.889~2646692.328
강**,85051*********,010-*********,gweonju***************,32268062.09~32272263.973,부산광역시*********,2625509.149~2630845.33
김**,05080*********,010-*********,dgo@yu************,96158072.495~96174168.106,충청북도 ***********,8023089.406~8029399.574
나**,55060*********,010-*********,gimjaeh****************,94198628.549~94215717.974,서울특별*********,35021388.546~35065071.18
박**,83021*********,010-*********,kyu@b*********,80056765.964~80074211.415,전라북도 ***********,6151581.772~6155259.379
김**,72011*********,010-*********,caeweonc*****************,4185426.166~4191462.112,경상남도 ***********,518527.418~525568.242
김**,75110*********,010-*********,gyeong*************,30746102.172~30754294.554,경기도 용인*************,3020045.15~3021385.952
김**,87102*********,010-*********,jeongung*****************,76703716.321~76716434.715,세종특별자치*************,6435188.127~6437534.226
조**,63102*********,010-*********,gimjie**************,46015821.818~46090630.422,충청남도 ***********,1600700.754~1601302.705
정**,00041*********,010-*********,wyun@g************,58376308.441~58399326.112,강원도 횡**********,10833426.006~10847000.93
김**,71081*********,010-*********,myeong***********,59474968.692~59481749.467,서울특별*********,2704116.874~2707593.672
곽**,64080*********,010-*********,seungm***********,66116005.236~66142685.427,서울특별*********,17725478.568~17737391.56
최**,49113*********,010-*********,ngim@j************,56040032.266~56063068.481,강원도 영*********,22112446.269~22147570.16
이**,08070*********,010-*********,gjan********,83705330.429~83719584.139,제주특별자치**************,11820844.721~11834095.41
이**,50032*********,010-*********,ggim@**********,19791889.424~19801560.918,충청남도 천**************,5877909.765~5879797.051
김**,81013*********,010-*********,jeongja6****************,21558988.572~21588692.83,부산광역*********,7667090.7~7670501.163
조**,56063*********,010-*********,ogsu*********,79149285.747~79162468.288,경상북도 ***********,27093738.643~27107666.433
김**,03090*********,010-*********,bagmyeon****************,9821289.724~9875965.966,대전광역********,3160073.705~3160847.67
오**,08120*********,010-*********,yeong**********,18233871.536~18253968.81,전라북도 ***********,5569321.381~5574005.811
김**,91081*********,010-*********,fsin@***********,66200317.058~66222834.747,전라남도 ***********,6888903.161~6890003.848
윤**,04090*********,010-*********,anmyeong*****************,94719676.074~94734179.764,전라북도 ***********,41719118.379~41930137.169
차**,50032*********,010-*********,jeongsu***************,70850912.236~70910666.27,강원도 고***********,1540585.282~1542346.654
김**,06071*********,010-*********,ubag*******,85357137.686~85399456.251,전라북도 ***********,50520479.267~50563966.587
김**,49072*********,010-*********,hyeonuj****************,6166190.635~6171354.828,제주특별자치**************,1840411.01~1844544.013
하**,81111*********,010-*********,gimjun*************,17573743.291~17602927.782,전라남도 ***********,5395992.914~5402521.991
홍**,96112*********,010-*********,dgim*******,57997227.341~58017473.393,제주특별자***********,13032965.574~13033533.551
윤**,69071*********,010-*********,phan@y*************,55173994.567~55185269.578,전라북도 ***********,32250708.875~32292009.027
한**,00011*********,010-*********,yeongh**************,29137749.562~29150607.821,인천광역*********,9517154.628~9528179.519
양**,68030*********,010-*********,byeongc***************,12525296.232~12529537.623,경상북도 ***********,155206.671~156036.136
서**,68061*********,010-*********,eunse***********,10453276.507~10471050.761,세종특별자치*************,3205652.629~3208960.044
김**,12032*********,010-*********,ogja*********,9181941.59~9186835.15,경상북도 ***********,730288.813~730498.486
김**,96010*********,010-*********,gimsangh*****************,19867789.315~19880113.174,광주광역시*********,1283095.385~1285541.18
이**,05070*********,010-*********,eunji*********,67996392.922~68019283.5,경기도 용**********,30894639.109~30963881.403
최**,85042*********,010-*********,minjigi****************,41580913.758~41590048.4,충청북도 영***********,2774852.611~2775259.257
오**,74091*********,010-*********,ijihy***********,95761843.595~95767409.724,부산광역*********,33323547.064~33353356.994
이**,91122*********,010-*********,gimseo*************,55994431.771~56018081.418,전라북도 ***********,22755808.502~22777784.476
장**,45022*********,010-*********,pgang***********,81788240.817~81841371.818,대전광역*********,5133626.25~5141318.04
윤**,73082*********,010-*********,gyeong*************,9371395.266~9395504.438,대구광역*********,197325.572~198220.854
김**,92092*********,010-*********,vgim@y*************,3178650.055~3201796.693,경상남도 ***********,508548.66~510259.986
엄**,81012*********,010-*********,baegyeon******************,52251605.181~52259265.835,충청남도 ***********,2586499.013~2587287.22
이**,64052*********,010-*********,jia40@*************,17621955.789~17635643.175,강원도 고**********,8475786.518~8485258.601
이**,79071*********,010-*********,ogsu*********,99639326.228~99680352.136,서울특별********,35957500.028~36014271.663
최**,47112*********,010-*********,hyejin0****************,12766900.601~12778847.369,경기도 *******,5827560.788~5833373.215
박**,84072*********,010-*********,qcoe********,21868925.11~21894858.289,대구광역*********,4087590.993~4089300.405
이**,03072*********,010-*********,yeongsig*****************,63799914.045~63818862.213,대전광역********,11488646.72~11493051.424
윤**,10121*********,010-*********,seojun*************,72870466.497~72908565.755,경상남도 ***********,17009078.0~17043857.953
하**,61012*********,010-*********,dgwe********,71935522.817~71962791.32,세종특별자치*************,36538918.58~36552389.119
김**,56092*********,010-*********,qi@yuh***********,6636371.775~6662808.904,충청북도 ***********,1473202.28~1474515.251
최**,79102*********,010-*********,ojeongs****************,71030479.978~71046131.247,강원도 *******,18605021.293~18614629.03
전**,45032*********,010-*********,sumi*********,24962608.894~24986793.094,서울특별*********,16643196.036~16661848.231
남**,57080*********,010-*********,pi@i*******,54462374.272~54480300.598,세종특별자치*************,18163598.502~18168978.687
서**,90070*********,010-*********,gwagjeon******************,28555135.069~28591532.478,충청북도 단***********,4848267.332~4851872.015
김**,93020*********,010-*********,kson@y*************,35515642.965~35521570.018,대전광역*********,3173068.728~3173641.762
이**,44100*********,010-*********,ujie*********,2797498.171~2817482.099,강원도 정**********,198220.854~200192.506
박**,68070*********,010-*********,gimseo**************,70976436.576~70983715.435,전라북도 ***********,5650266.56~5652314.18
김**,04113*********,010-*********,jongsuj**************,92879606.574~92882735.2,대구광역********,4970365.09~4973639.104
최**,45041*********,010-*********,jeongsig*****************,3519764.434~3531324.239,울산광역********,329364.868~330470.948
이**,56011*********,010-*********,lgim@j***********,55249285.056~55265096.836,경상남도 ***********,9818464.626~9819600.659
이**,61111*********,010-*********,hwanghay*****************,65387054.242~65395298.089,충청북도 ***********,31214685.14~31229183.325
서**,44021*********,010-*********,di@******,28545706.865~28555135.069,경상남도 ***********,9839340.427~9854246.666
김**,95100*********,010-*********,hanmye***********,73078931.452~73082400.894,충청북도 ***********,361147.432~366758.968
김**,97051*********,010-*********,yejinba**************,4910397.22~4924630.095,충청북도 ***********,144797.11~146906.08
이**,60102*********,010-*********,jihye**********,42613785.64~42634417.507,제주특별자치**************,4380615.086~4386179.106
이**,59090*********,010-*********,gimjih***********,72542781.458~72554747.186,서울특별시*********,44290918.667~44314414.958
김**,68071*********,010-*********,yeji*********,26610329.624~26617510.649,대전광역********,9720002.517~9724347.226
박**,75041*********,010-*********,songgyeon*******************,37136170.313~37178954.132,광주광역********,21873285.446~21877948.491
이**,00033*********,010-*********,minseogi****************,40647603.918~40656596.978,제주특별자치**************,1083364.617~1086169.421
최**,57112*********,010-*********,si@g*********,32556787.77~32565506.304,경상남도 창**************,5086964.785~5087641.719
박**,54021*********,010-*********,kgim@y*************,40552200.955~40563639.545,충청남도 ***********,26922316.771~26939179.325
박**,81062*********,010-*********,baggye************,17512418.39~17522370.877,경기도 연**********,474670.171~475491.241
주**,65051*********,010-*********,seoyeong****************,86190907.746~86199776.119,광주광역*********,37581475.582~37607711.149
최**,96121*********,010-*********,jihug***********,33773521.932~33780508.882,경기도 가*********,13638531.531~13644917.096
이**,97031*********,010-*********,coeji*********,44385937.35~44398842.919,충청남도 ***********,985422.75~986595.091
김**,88031*********,010-*********,yeong**********,48012229.325~48024315.716,인천광역********,268259.654~268451.096
오**,00052*********,010-*********,haeungw**************,17698642.045~17707426.9,광주광역********,5960144.214~5961868.0
유**,98011*********,010-*********,gimyeon****************,77222179.574~77238161.734,경기도 평**********,12672075.386~12675735.542
이**,55091*********,010-*********,xhan*******,93791758.954~93820663.09,전라북도 ***********,5789355.492~5791514.826
이**,67123*********,010-*********,ogsung**************,78731290.287~78748402.446,강원도 *******,19043750.704~19069757.788
박**,77040*********,010-*********,yeonghw****************,92557989.557~92578593.782,대전광역*********,70847249.392~71720301.204
김**,53082*********,010-*********,hwanghye******************,88588314.542~88605760.602,울산광역********,25783497.536~25811258.562
나**,89100*********,010-*********,seoyeon****************,94367788.494~94383517.156,울산광역********,20922564.33~20928142.666
문**,56121*********,010-*********,can@*********,76140356.809~76161191.646,강원도 영***********,11634056.208~11652240.29
황**,56022*********,010-*********,yunseo*************,88871783.176~88905815.47,서울특별시*********,12983653.55~12989344.779
박**,08120*********,010-*********,gyeongs**************,51017093.0~51032278.567,충청북도 ***********,9127449.314~9132878.632
송**,04022*********,010-*********,gimeunse****************,77507077.126~77513545.831,인천광역********,1332628.464~1335039.163
안**,75120*********,010-*********,hyeon**********,52040873.488~52056522.474,충청남도*******,32052237.562~32088002.346
박**,10010*********,010-*********,gimye**********,34692376.047~34701673.532,울산광역********,8310572.638~8313815.168
이**,02062*********,010-*********,jeong***********,88277507.334~88286298.726,충청북도 ***********,17420430.217~17423033.608
김**,97042*********,010-*********,pgim@***********,24648023.551~24698974.712,경상북도 ***********,5069419.276~5071404.088
류**,86120*********,010-*********,sunogi**************,54741795.263~54759196.784,경상남도 ***********,7713325.492~7723489.336
류**,96123*********,010-*********,jeongsig****************,39965734.169~39980986.861,부산광역*********,10953525.074~10956315.318
최**,77051*********,010-*********,seohy**********,25198143.051~25206798.24,대구광역*********,969240.814~973389.754
강**,08122*********,010-*********,vgim@**********,56184987.842~56191659.169,경상남도 ***********,6793909.413~6808048.513
이**,02031*********,010-*********,jihyeons****************,24773297.03~24819248.634,대전광역*********,7231025.096~7238351.762
김**,82042*********,010-*********,ni@y*********,75630374.838~75665141.162,부산광역********,10854683.321~10855454.46
양**,72051*********,010-*********,eunju42**************,6280687.522~6302071.706,울산광역********,3362513.26~3363846.179
오**,86063*********,010-*********,dhan@j************,57868323.881~57874032.409,충청북도 **********,22070557.798~22077671.335
강**,76111*********,010-*********,gimhyeo**************,98265519.913~98268717.808,대구광역*********,6271472.063~6276905.837
오**,94041*********,010-*********,subini**************,3178650.055~3201796.693,광주광역********,422450.831~422942.551
이**,07120*********,010-*********,ryuminj**************,16627852.89~16661173.755,경기도 여**********,5671556.689~5672784.707
김**,06112*********,010-*********,baghyeon*****************,98737466.109~98748018.944,서울특별시*********,65867299.434~67068057.118
이**,75091*********,010-*********,yeong***********,94423279.733~94438131.996,충청북도 ***********,2095159.744~2098356.419
허**,94050*********,010-*********,yeongjab*****************,57913577.976~57940035.4,대전광역********,147287.611~148262.737
한**,50102*********,010-*********,jiyeonba****************,29958757.568~29978661.646,인천광역*********,8470584.645~8475786.518
송**,91122*********,010-*********,seoyeji***************,12092684.028~12120248.446,광주광역********,3391910.724~3394135.45
이**,53012*********,010-*********,sonjeong****************,84783435.074~84804897.906,대전광역*********,24706912.355~24740158.754
이**,66102*********,010-*********,yeongsug*****************,25173906.151~25198143.051,대전광역********,9405316.515~9411699.924
류**,89120*********,010-*********,yuminse***************,71263299.499~71272163.432,충청북도 ***********,47584142.4~47601530.996
송**,72120*********,010-*********,ieunjeo****************,13156136.905~13162064.254,강원도 양**********,866951.166~867259.497
한**,98080*********,010-*********,jia24@**************,94264401.761~94269440.75,충청남도 ***********,71720301.204~74321388.0
김**,48092*********,010-*********,ecoe@j*************,47723080.516~47737817.615,대전광역********,16997985.808~17009078.0
서**,96022*********,010-*********,sangce*************,83936804.256~83943347.163,경상북도 ***********,34134312.774~34145350.81
성**,87093*********,010-*********,ijuwe*********,72073625.866~72090251.486,경상남도 ***********,742872.44~745712.501
박**,10022*********,010-*********,seongho**************,17496134.627~17512418.39,강원도 원**********,2483829.445~2486014.346
류**,94062*********,010-*********,minji48***************,83493147.216~83541578.472,전라북도********,21354394.992~21377591.24
박**,08022*********,010-*********,ri@j********,71803399.79~71829667.178,서울특별*********,11927971.985~11934412.6
우**,00050*********,010-*********,eunjugi**************,38125304.291~38133366.33,제주특별자치*************,2362637.825~2365242.052
남**,76060*********,010-*********,jeonmyeo******************,82723847.373~82741251.995,경기도 *******,24287380.777~24355463.37
장**,51070*********,010-*********,wba*******,59707670.394~59717334.673,부산광역시 ***********,24758849.394~24767068.747
서**,92062*********,010-*********,seoyeon****************,80133012.53~80161813.33,충청북도 ***********,1228411.979~1229291.144
강**,61091*********,010-*********,junho*********,5531564.78~5546809.251,경상북도********,2540234.465~2544613.116
이**,59030*********,010-*********,seonghun******************,28256166.639~28279099.35,인천광역********,12520711.602~12529116.534
이**,98040*********,010-*********,xcoe@***********,35084658.125~35088367.267,충청남도 ***********,18238070.45~18244120.364
백**,89061*********,010-*********,sanghy**************,57534960.107~57577638.656,울산광역********,32386641.242~32436456.005
김**,02071*********,010-*********,mijeon*************,29631885.308~29659055.779,경상남도 ***********,2717198.516~2721189.838
고**,86081*********,010-*********,fi@h********,64167633.653~64190901.008,강원도 횡***********,10270651.336~10286750.778
박**,65011*********,010-*********,hyeonj***********,34264382.549~34324708.682,충청남도 당***********,12529116.534~12545695.429
정**,56022*********,010-*********,seungmin*****************,56157264.95~56184987.842,세종특별자치**************,12409910.595~12428456.035
김**,58120*********,010-*********,ogsun45**************,40647603.918~40656596.978,경기도 성**********,6574241.19~6575974.748
윤**,63061*********,010-*********,jiweon**************,57385984.089~57426855.395,인천광역********,9097856.059~9105031.222
김**,63062*********,010-*********,hbag@**********,71061808.291~71068223.059,강원도 화**********,16689207.547~16705047.759
박**,14062*********,010-*********,junyeo***********,45863451.858~45877780.958,세종특별자치*************,8966398.347~8970996.371
박**,95092*********,010-*********,obag@y*************,54080893.5~54097760.148,경상북도 ***********,8826170.198~8833416.465
류**,82100*********,010-*********,misughe****************,55237477.702~55249285.056,대전광역********,18873400.775~18879609.764
이**,49062*********,010-*********,hyejin4***************,55427289.45~55443702.34,충청남도 ***********,40128016.562~40167990.877
이**,03122*********,010-*********,jeonghun****************,84617802.587~84629426.569,충청남도 ***********,5248566.847~5253431.226
윤**,65041*********,010-*********,seongjin****************,2952564.784~2953580.336,울산광역********,1421522.933~1422473.665
박**,74070*********,010-*********,minju**********,44845729.841~44847146.666,경기도 포**********,5358467.912~5359451.589
장**,09040*********,010-*********,minjae************,85925292.604~85942625.82,부산광역시*********,40521905.542~40553983.246
윤**,64080*********,010-*********,doyunse****************,5005384.803~5041014.234,제주특별자치**************,264732.163~268259.654
송**,80031*********,010-*********,seojun***********,43966504.874~43991808.622,충청남도 ***********,6563216.966~6565466.666
김**,13122*********,010-*********,gyeonghy******************,37638881.387~37659097.806,전라북도 ***********,2979276.136~2983393.088
황**,80122*********,010-*********,hi@******,25935423.277~25953434.552,충청남도 ***********,3592297.708~3595203.523
곽**,46050*********,010-*********,gimjeo***********,67208462.786~67222349.08,대구광역********,34036119.213~34044967.978
홍**,56072*********,010-*********,baeyeong****************,76110685.456~76140356.809,경기도 수*********,30774959.085~30793568.106
김**,45091*********,010-*********,seonghu***************,6918020.746~6931118.459,광주광역********,1920880.357~1923081.497
문**,50070*********,010-*********,uryu@***********,31098138.784~31123762.295,서울특별*********,14147845.667~14152235.39
류**,96091*********,010-*********,junhyeo***************,53438352.701~53444849.346,제주특별자***********,2662964.041~2664505.07
이**,62111*********,010-*********,hyeonu*************,74366294.336~74388882.444,울산광역********,1849359.85~1851013.349
엄**,76060*********,010-*********,munmiyeo*****************,95360646.563~95392820.444,경기도 수**********,7661952.026~7665309.12
김**,80063*********,010-*********,bagji***********,35383955.059~35403584.273,전라북도 전************,2727536.057~2732696.251
이**,92052*********,010-*********,yunseoso*****************,35710911.027~35728387.835,경상남도 ***********,7434349.932~7436650.78
김**,67022*********,010-*********,ogsun3************,47105661.888~47130055.054,전라남도 **********,8310572.638~8313815.168
이**,48091*********,010-*********,seongh************,31814877.03~31839745.948,인천광역*********,4175646.505~4178636.882
노**,14041*********,010-*********,juweon0****************,84758130.597~84783435.074,전라남도 ***********,16089611.312~16100567.878
김**,79061*********,010-*********,sanghun**************,12553509.791~12567825.119,강원도 횡**********,458862.01~459086.079
송**,94110*********,010-*********,yujeongs*****************,70227159.401~70234048.718,제주특별자***********,21000063.428~21036654.083
우**,63022*********,010-*********,songjeon******************,80050288.085~80056765.964,부산광역시*********,841886.954~843103.86
권**,75072*********,010-*********,usim@b************,55728243.437~55765014.247,세종특별자치*************,19254640.074~19262809.802
안**,96040*********,010-*********,boram8*************,86601444.933~86606575.369,서울특별*********,6349604.2~6353945.78
김**,96101*********,010-*********,jiyeon**************,96097460.972~96112306.292,경상북도 ***********,17887236.06~17895644.68
이**,00092*********,010-*********,jihungi***************,70244603.628~70279532.176,강원도 *******,1805614.122~1809516.683
권**,12100*********,010-*********,zi@******,86744200.052~86748218.417,강원도 원**********,16204984.36~16207036.782
김**,01062*********,010-*********,seohye*************,29675920.856~29691209.81,대구광역********,6184647.656~6187926.7
심**,78082*********,010-*********,minja**********,16958517.494~16967368.683,경기도 *******,5998235.361~6001857.158
이**,14051*********,010-*********,yeong***********,7531825.64~7566439.938,경기도 수**********,2359090.892~2360708.871
손**,03122*********,010-*********,jihungi****************,51895271.109~51916276.906,서울특별*********,4147889.825~4150258.549
이**,49071*********,010-*********,caeweonb*****************,20999039.847~21051406.932,충청남도********,12658269.773~12661975.02
손**,12042*********,010-*********,gimbyeong******************,97819261.549~97822778.02,광주광역*********,15875055.392~15887242.512
이**,58071*********,010-*********,ijimin@**************,33117018.131~33179309.36,세종특별자치*************,949794.278~952544.099
김**,72091*********,010-*********,gangyew**************,39534486.663~39558471.325,세종특별자치*************,4763807.238~4766646.106
김**,66100*********,010-*********,ngim*******,54759196.784~54783613.656,전라남도 ***********,3233035.727~3237483.478
이**,60012*********,010-*********,ncoe@y************,97673641.6~97691548.268,충청남도 ***********,21174234.25~21180094.807
윤**,47081*********,010-*********,hyeonsug*****************,60445840.289~60468567.542,울산광역********,27872568.251~27888053.01
김**,87092*********,010-*********,zeom@j*************,98708340.381~98724592.74,경기도 *******,21442755.982~21463675.282
이**,63042*********,010-*********,sunjaj**************,65466632.903~65480574.128,서울특별시*********,27839078.712~27860971.216
최**,76112*********,010-*********,seungmin*****************,96338575.784~96348444.15,경상북도 **********,40370120.78~40445752.288
최**,62120*********,010-*********,seomiyeo*****************,79916832.474~79929661.614,서울특별*********,37174343.274~37244638.09
김**,71030*********,010-*********,dgweon***********,57426855.395~57432702.9,인천광역시 ***********,205063.73~207005.306
이**,96072*********,010-*********,yeongsig******************,52899566.83~52912985.062,세종특별자치*************,5052567.949~5056910.66
문**,89113*********,010-*********,gimseungh******************,65519475.758~65534789.318,전라남도 ***********,3831963.999~3834531.441
최**,81112*********,010-*********,ryuseo**************,2140362.098~2173928.382,서울특별*********,331735.354~333555.034
박**,93072*********,010-*********,jangjiy**************,17250105.46~17262976.765,세종특별자치*************,3032379.001~3035053.96
이**,99100*********,010-*********,hgim@***********,86831145.806~86840476.489,제주특별자**********,37454294.103~37483104.758
심**,09103*********,010-*********,yeongj***********,88913283.602~88933852.47,경기도 *******,7185192.718~7190334.842
최**,96042*********,010-*********,isim@***********,90408849.47~90443271.386,충청남도 **********,65401296.739~65867299.434
김**,74090*********,010-*********,jgim@j*************,14643243.426~14661565.754,경상북도 포*************,2787012.685~2788457.029
박**,46082*********,010-*********,uson********,25405435.566~25424920.705,대구광역시*********,941918.028~945409.628
박**,74120*********,010-*********,seunghye******************,46534304.998~46541456.532,경상북도 ***********,32464931.184~32488626.31
양**,47093*********,010-*********,kbag@y************,76332476.302~76335344.566,세종특별자치**************,26466379.961~26493576.429
윤**,64101*********,010-*********,gimgyeong******************,90945417.324~90953761.478,인천광역시***********,29180861.064~29247559.57
이**,07043*********,010-*********,anyeongm****************,24297934.136~24322012.782,부산광역시 ***********,1518992.045~1520735.808
김**,53040*********,010-*********,uhan*********,71422009.909~71443717.874,경상북도 ***********,12555728.664~12559904.566
이**,69111*********,010-*********,xsong@************,74018831.671~74029652.186,대전광역*********,42194126.521~42231897.857
김**,08080*********,010-*********,goyeon**************,48326480.775~48330456.243,광주광역********,9379642.4~9383123.91
박**,81080*********,010-*********,ijunhye**************,87070212.104~87087950.013,제주특별자치**************,34784077.658~34813542.653
장**,82030*********,010-*********,qgim@h***********,94600361.389~94615792.282,세종특별자치*************,13264199.536~13274561.69
김**,13112*********,010-*********,yeonghw**************,8618990.26~8630787.914,전라북도 ***********,526682.591~528530.564
양**,48032*********,010-*********,areumgi****************,45372595.56~45392789.322,인천광역*********,8806788.789~8808019.729
김**,04050*********,010-*********,vhwan***********,91591326.142~91632512.869,울산광역********,3002401.054~3005160.561
강**,59073*********,010-*********,jinho*********,26691271.718~26703869.815,울산광역********,9238439.786~9244458.256
황**,76061*********,010-*********,coeeunj***************,18862336.986~18865706.838,충청북도 진***********,3140323.572~3142260.74
노**,92061*********,010-*********,juyeon**************,66877257.378~66884175.17,충청남도 ***********,3231480.066~3233035.727
권**,13100*********,010-*********,vco*******,86881593.77~86893321.008,전라북도 전************,5562249.325~5569321.381
최**,81080*********,010-*********,caeweon**************,49926205.647~49949824.944,인천광역********,16721862.315~16729046.997
이**,59071*********,010-*********,keom*******,78723144.867~78731290.287,부산광역시*********,46056101.57~46131051.625
차**,14082*********,010-*********,hyeonje**************,7771614.199~7791720.552,대전광역*********,2047781.854~2049917.254
오**,55022*********,010-*********,sanghuns*****************,54063057.648~54080893.5,울산광역********,7407669.077~7409662.0
최**,70082*********,010-*********,seoju*********,98260250.342~98265519.913,충청북도 ***********,46765958.92~47018483.476
김**,67060*********,010-*********,seohyeo****************,52462028.366~52483434.106,서울특별*********,6098283.471~6102633.246
김**,92022*********,010-*********,jungsu**************,60922000.784~60931167.113,인천광역*********,19103503.604~19109619.419
김**,52012*********,010-*********,bagyeon**************,17797964.82~17814865.223,충청남도 ***********,5337050.5~5340054.937
이**,61082*********,010-*********,misug***********,32210775.251~32234238.208,전라북도 ***********,4973639.104~4977757.221
박**,60010*********,010-*********,sangh**********,47555767.49~47574516.725,충청북도 ***********,3501415.603~3507105.035
한**,86022*********,010-*********,yunseo2**************,36692430.949~36714789.369,세종특별자치*************,4519008.037~4523329.08
장**,70092*********,010-*********,gbae********,67516377.372~67534446.584,서울특별*********,2890595.54~2893971.38
서**,05080*********,010-*********,sunog**********,78942517.61~78953408.227,경기도 평**********,7116755.255~7120837.988
김**,56092*********,010-*********,eungyeong******************,46218364.413~46246827.467,전라북도 전***********,2445155.713~2446919.879
김**,99022*********,010-*********,yhan@g**************,71218320.884~71226191.814,경상남도 **********,7761522.52~7767538.784
박**,69011*********,010-*********,eunyeon**************,25692508.619~25706300.734,충청남도 ***********,997844.344~1001826.307
김**,79103*********,010-*********,hyeonsug*****************,76625984.48~76633890.02,대구광역********,441967.86~442974.992
이**,67042*********,010-*********,jihy*********,99940727.693~99958028.128,경상남도 ***********,12226860.92~12231960.83
성**,52062*********,010-*********,hayunyu****************,83023349.741~83048129.477,강원도 정**********,15839827.85~15853990.692
장**,02112*********,010-*********,yujing*************,81018723.212~81059975.387,광주광역*********,3566858.397~3571167.295
최**,78040*********,010-*********,gimogsu****************,53538410.066~53569776.991,충청남도 ***********,3880644.426~3884014.656
최**,02091*********,010-*********,jeongs**************,4031745.131~4066025.486,대구광역시 ***********,463630.998~464291.268
강**,76120*********,010-*********,junho72***************,85469170.338~85493373.058,대구광역********,38763541.857~38838868.942
김**,08060*********,010-*********,seoyun***********,5201493.025~5226703.856,충청북도 ***********,315649.365~317120.855
최**,49103*********,010-*********,songseu****************,42863077.161~42872896.429,부산광역********,20426525.138~20432169.008
김**,59041*********,010-*********,yeong***********,37395825.2~37405165.979,대구광역*********,1927739.849~1932378.549
양**,50081*********,010-*********,seoyeon**************,78452705.936~78466860.584,광주광역********,13700484.269~13717557.141
박**,76091*********,010-*********,yeongh*************,8391197.014~8408235.81,경상남도 ***********,386423.785~388094.133
안**,01080*********,010-*********,yunseoj**************,47224619.288~47259317.639,대전광역*********,3706375.782~3709005.656
조**,67091*********,010-*********,ggim*********,71789598.407~71803399.79,인천광역********,1024313.98~1025786.869
홍**,54010*********,010-*********,eryu*******,36556934.518~36602158.079,울산광역*********,4321680.054~4324120.168
송**,61053*********,010-*********,sryu@***********,34162681.578~34176027.968,서울특별*********,3520359.006~3521724.43
김**,91052*********,010-*********,yeweo**********,30273094.693~30319304.908,경상남도********,5598354.312~5604024.875
서**,76042*********,010-*********,ieunjeon****************,17917743.037~17932034.508,경상남도 ***********,2122396.147~2124844.328
이**,66110*********,010-*********,tgim*******,16461258.259~16471769.527,대전광역*******,8014655.594~8016451.875
김**,70011*********,010-*********,gimjuweo****************,93737573.525~93744795.406,울산광역********,46400417.892~46467616.995
이**,49040*********,010-*********,seongho****************,61425682.208~61470929.145,부산광역시 ***********,28101177.597~28110847.832
장**,70092*********,010-*********,eunji4************,13589891.47~13613004.106,경상북도 ***********,2134119.905~2134713.145
박**,94082*********,010-*********,seoyeon4****************,57089664.662~57109085.378,세종특별자치*************,3673036.134~3674693.835
김**,62082*********,010-*********,jingyeo***************,83493147.216~83541578.472,부산광역시**********,11484980.172~11488646.72
김**,11091*********,010-*********,seonghye****************,43883602.073~43912477.743,제주특별자치**************,4909641.084~4914058.27
이**,69010*********,010-*********,hyeon***********,51272904.364~51302920.434,강원도 고**********,3706375.782~3709005.656
이**,68051*********,010-*********,gangjun**************,21638693.304~21650113.375,강원도 홍***********,7270596.458~7283576.501
김**,04052*********,010-*********,jihyemu****************,73944785.538~73955490.26,서울특별*********,16582766.758~16596876.343
이**,44021*********,010-*********,ijin*******,29049524.987~29071809.156,세종특별자치*************,10475081.34~10478270.088
최**,01060*********,010-*********,seungmin****************,64938593.35~64949806.38,대구광역********,12177380.99~12199348.325
최**,99060*********,010-*********,gimogsu***************,5563218.671~5570018.924,전라남도 ***********,715079.11~721807.833
김**,87081*********,010-*********,jgi*******,93060348.603~93088300.667,경상남도 ***********,12106429.278~12113797.176
서**,64110*********,010-*********,wgwe*********,52276104.195~52315591.55,제주특별자***********,5823653.641~5827560.788
송**,80081*********,010-*********,jiminj*************,85041261.138~85048716.85,광주광역********,29287290.227~29317255.622
배**,02020*********,010-*********,jieun***********,67208462.786~67222349.08,대전광역********,34479780.768~34489847.362
박**,98022*********,010-*********,jeong***********,22265412.562~22278395.578,세종특별자치**************,11654160.711~11657602.226
김**,05031*********,010-*********,gimmin***********,43102453.064~43112202.238,부산광역*********,15431900.46~15434634.711
박**,01050*********,010-*********,seonghye****************,39112790.671~39153870.134,세종특별자치*************,9932788.812~9938002.679
김**,62021*********,010-*********,ubag@*********,6973158.523~7002345.875,강원도 *******,3938382.88~3941779.466
김**,11042*********,010-*********,minjae5****************,98811599.92~98832723.437,세종특별자치*************,2047781.854~2049917.254
김**,88111*********,010-*********,myeong***********,57863928.33~57868323.881,경상남도 ***********,20163971.889~20174098.74
손**,90111*********,010-*********,ni@jus***********,17403621.104~17450138.854,경기도 용*********,2245864.798~2252439.494
김**,13032*********,010-*********,jryu@j*************,69703443.912~69734520.312,울산광역********,10713732.24~10721189.859
이**,79052*********,010-*********,whong**********,34875910.223~34893851.96,경기도 양**********,9907156.824~9912790.365
허**,73100*********,010-*********,noseongh****************,92781390.552~92796076.234,광주광역*********,26118558.31~26144027.432
김**,07010*********,010-*********,gimjihy****************,69436194.804~69457896.917,충청북도 청**************,17472285.248~17480011.412
김**,72121*********,010-*********,jungsu8**************,80742659.815~80749104.006,부산광역*********,7692661.853~7697199.599
김**,96071*********,010-*********,coeseongh*******************,22948583.144~22966861.125,울산광역********,2129727.885~2132182.65
김**,49110*********,010-*********,jiyeon**************,59211844.391~59222310.099,제주특별자치**************,14709306.728~14711500.476
최**,77083*********,010-*********,hyeon**********,70198634.048~70227159.401,경상북도 ***********,10397517.973~10399853.744
박**,61050*********,010-*********,gweonji****************,18356027.952~18386429.458,경상북도 ***********,6966145.796~6972291.803
서**,62101*********,010-*********,seoyeon***************,3881894.909~3894664.192,충청북도 ***********,811619.919~813415.128
이**,06021*********,010-*********,nbag@***********,83808135.848~83824444.784,대구광역********,14731191.312~14732885.833
박**,63110*********,010-*********,sinjeo************,63693007.617~63711034.845,대전광역********,31878830.076~31890169.888
홍**,96101*********,010-*********,ncoe@*********,93346766.512~93365063.565,충청북도 ***********,4841416.844~4845751.006
허**,95011*********,010-*********,coeeunj****************,6036939.153~6068086.139,경상북도 포*************,3249894.218~3254752.44
배**,49011*********,010-*********,janggyeon******************,20024728.391~20028479.091,강원도 *******,4073081.122~4077202.966
김**,96112*********,010-*********,iyeong************,93196755.035~93209422.502,경상북도********,3829383.485~3831316.777
김**,06122*********,010-*********,gangdoy**************,94438131.996~94462972.955,전라북도 ***********,3603860.682~3607168.064
배**,79062*********,010-*********,ujan*******,40169976.079~40178337.933,서울특별시*********,18307904.678~18318564.689
이**,05032*********,010-*********,hwangye**************,37292954.683~37305295.198,광주광역********,1041004.001~1041854.292
강**,14012*********,010-*********,hongyeo***************,37615041.507~37638881.387,충청남도 ***********,6442188.681~6444232.173
강**,92031*********,010-*********,seoyeon****************,5531564.78~5546809.251,인천광역*********,2431576.889~2433913.37
김**,44041*********,010-*********,sangh***********,4556790.948~4571695.71,전라남도 **********,225195.035~230242.409
황**,64061*********,010-*********,seongmi**************,33930266.342~33946369.41,경상남도 ***********,16216180.173~16221092.796
윤**,63020*********,010-*********,seojun***********,80339706.81~80376159.227,강원도 강**********,21180094.807~21194024.594
황**,60060*********,010-*********,ci@jus***********,32210775.251~32234238.208,전라남도 ***********,296257.625~297205.316
김**,95010*********,010-*********,dnam@j************,5931698.607~5934141.078,울산광역********,242081.13~243458.718
최**,50013*********,010-*********,rson@**********,27697281.786~27730053.913,광주광역********,6145413.696~6146720.933
차**,71010*********,010-*********,coesiu************,86337771.974~86345314.226,서울특별*********,60865738.744~61651699.478
진**,07040*********,010-*********,jeong***********,23660929.216~23696419.484,울산광역시 ***********,4317635.865~4321680.054
이**,77041*********,010-*********,mgim*******,6918020.746~6931118.459,전라북도 ***********,775773.616~776964.925
안**,08122*********,010-*********,yujin3************,87931976.465~87965025.734,인천광역시*********,18121344.487~18151984.497
김**,50041*********,010-*********,hwangj*************,16071648.41~16083286.245,충청남도 ***********,1229291.144~1232287.805
곽**,08061*********,010-*********,gimjongs****************,2173928.382~2191386.388,세종특별자치*************,491882.226~493334.793
김**,78092*********,010-*********,areum4*************,38076845.582~38099011.42,울산광역*********,2310763.402~2313107.654
이**,85042*********,010-*********,minji*********,85094007.06~85118675.408,광주광역*********,11308846.034~11316769.149
김**,63092*********,010-*********,rju@ju************,55077068.201~55092848.027,충청북도 ***********,27517559.154~27547657.256
이**,65030*********,010-*********,gyeong************,9662040.244~9697878.138,제주특별자치**************,4105156.891~4108930.535
서**,62120*********,010-*********,ibyeongc******************,37591784.682~37615041.507,경기도 고**********,1384343.803~1384481.155
류**,14072*********,010-*********,gsong@**************,93714437.231~93726209.896,충청남도 당***********,3721809.127~3724561.335
박**,00053*********,010-*********,boram39***************,13201312.536~13219945.229,경기도 연**********,1943077.493~1947497.44
김**,85042*********,010-*********,ljeong**************,79101408.08~79117258.548,충청남도 ***********,19077499.276~19087089.765
차**,85050*********,010-*********,seunghye****************,69404635.95~69419746.64,전라남도 ***********,2275487.942~2277479.62
박**,09110*********,010-*********,ai@b********,94524233.841~94535016.505,부산광역*********,54563852.055~54610420.808
강**,04060*********,010-*********,boram*********,61629682.107~61646976.316,전라남도 ***********,17618771.64~17620684.48
김**,84031*********,010-*********,no@jus***********,82139536.193~82161145.52,충청북도 ***********,9386083.117~9390791.723
윤**,82020*********,010-*********,mijeo**********,14749012.226~14771046.315,충청남도 ***********,400115.301~401071.981
최**,12073*********,010-*********,munseoj**************,48661801.934~48671623.208,대구광역*********,4016469.254~4022631.32
이**,14122*********,010-*********,coeseoj****************,72190186.911~72241616.783,경기도 가**********,31112232.662~31123982.333
박**,79031*********,010-*********,shwang************,8063063.042~8076020.645,전라북도 ***********,2221983.756~2224451.558
백**,11081*********,010-*********,ogim*********,12213393.318~12215921.302,전라남도 ***********,5316514.773~5321101.672
이**,58112*********,010-*********,bagseony*****************,97296815.665~97312640.627,대전광역*********,26006825.003~26017054.747
김**,81102*********,010-*********,jaehyeo**************,76338345.732~76359874.645,대전광역*******,22086989.385~22112446.269
이**,53052*********,010-*********,abag*******,84744866.867~84750073.376,인천광역시*********,36552389.119~36564311.33
김**,98071*********,010-*********,yeji88@**************,68336856.3~68365816.632,대전광역*********,3581810.831~3588036.522
이**,79082*********,010-*********,ujinhwa****************,72736852.0~72746400.328,대구광역********,17328858.685~17343700.048
김**,10032*********,010-*********,gimmijeo*****************,7262253.021~7263720.704,강원도 횡**********,1411774.517~1413387.977
김**,84051*********,010-*********,seoyeong*****************,93696636.89~93702609.634,울산광역********,3415208.019~3426400.096
김**,91040*********,010-*********,cgi*******,7252300.59~7262253.021,전라남도 ***********,2580079.207~2581541.353
김**,64071*********,010-*********,yeweon**************,95946968.83~95955523.378,강원도 양*********,35692858.586~35752766.616
윤**,52041*********,010-*********,gangsunj****************,34621855.109~34656204.909,인천광역********,15141843.837~15145768.902
김**,99112*********,010-*********,seojeong******************,38051692.787~38076845.582,경상북도 ***********,14842468.507~14846067.389
서**,65092*********,010-*********,gimhye**************,73012042.348~73019317.308,강원도 양**********,3674693.835~3676934.166
김**,13081*********,010-*********,hyeonjun******************,68855703.372~68890666.399,경상북도 ***********,8038282.905~8044738.988
강**,72092*********,010-*********,jihyeo***********,71127020.814~71137365.258,전라북도 전************,10811919.445~10813292.526
김**,13090*********,010-*********,fgang@**************,60570004.382~60591202.762,세종특별자치*************,37692121.328~37736465.526
권**,95101*********,010-*********,yeeun6***********,51516784.771~51525583.258,제주특별자치*************,25015089.332~25061431.434
이**,61033*********,010-*********,seong***********,36527650.644~36537169.634,인천광역*********,5908458.164~5913260.299
박**,61031*********,010-*********,caeweonb****************,81940667.968~81959977.369,경상북도 ***********,6704087.162~6715021.278
백**,68052*********,010-*********,vca@c*********,22340865.772~22357638.195,전라남도 ***********,1297364.529~1300759.326
허**,11072*********,010-*********,qgim@j*************,60333187.684~60354157.642,경기도 *******,44837361.95~44877327.026
권**,59052*********,010-*********,yangj***********,62678379.772~62709033.8,충청남도 천**************,2966264.25~2966992.843
박**,82041*********,010-*********,iyejin*************,66868668.259~66877257.378,부산광역시**********,3946357.327~3951726.091
류**,62011*********,010-*********,gimjeo***********,41105151.734~41112312.971,대구광역*********,7479513.696~7485906.996
장**,76072*********,010-*********,jeongsu1****************,33876027.076~33894848.787,경기도 *******,13010683.329~13011221.5
김**,88030*********,010-*********,cson@**********,39828052.023~39836152.021,충청남도 ***********,4837682.968~4841416.844
류**,46100*********,010-*********,gimjiw*************,59846863.859~59866876.602,제주특별자***********,2493544.886~2495723.827
김**,60070*********,010-*********,minhay*************,60316700.679~60333187.684,서울특별시*********,15071741.992~15080551.359
양**,74052*********,010-*********,ri@ju**********,11297120.377~11310439.832,서울특별*********,2077221.258~2077662.448
송**,65120*********,010-*********,ti@*****,96540236.58~96584092.815,충청북도 ***********,6825526.924~6835635.925
류**,62110*********,010-*********,bagcae***********,76977753.034~76983425.86,전라북도 ***********,43132897.33~43237097.548
김**,94020*********,010-*********,iyeon**********,39477484.351~39483686.824,울산광역시 ***********,16689207.547~16705047.759
이**,82080*********,010-*********,hayun**********,32204193.025~32210775.251,전라북도 ***********,724688.725~726276.195
권**,89012*********,010-*********,yhong@************,39053246.936~39057209.56,울산광역********,10480966.238~10491301.775
남**,71033*********,010-*********,ury*******,94127849.61~94142510.527,대전광역********,26006825.003~26017054.747
심**,52081*********,010-*********,migyeong****************,54446113.66~54462374.272,인천광역시 ***********,2232061.205~2232989.96
홍**,53010*********,010-*********,haeungi****************,85615719.688~85639754.45,전라북도 ***********,1968020.18~1970282.359
오**,90121*********,010-*********,hyeonj*************,72723312.2~72736852.0,충청남도 천*************,4701056.386~4704329.751
이**,52070*********,010-*********,hyeonjun****************,41496531.256~41502604.161,경상남도********,10618522.576~10627926.511
김**,68052*********,010-*********,zbag@h************,5118510.614~5144231.544,서울특별********,3164466.813~3166668.408
권**,66061*********,010-*********,uhon*******,37919423.915~37947404.191,경기도 *******,20364534.385~20374606.482
노**,60011*********,010-*********,fyu*******,52442657.854~52462028.366,강원도 춘**********,6547904.964~6553718.977
김**,48031*********,010-*********,heobora***************,31010009.702~31037541.727,경상북도 ***********,2185099.576~2186243.204
박**,84100*********,010-*********,yunjeo************,40202126.789~40234873.696,경상북도 ***********,4537792.012~4538626.978
박**,75082*********,010-*********,sangceol****************,7196921.61~7222826.665,부산광역*********,3718039.205~3721146.314
황**,79080*********,010-*********,junyeo***********,6845770.27~6853293.351,대전광역********,3381910.414~3383622.725
강**,93022*********,010-*********,yeji13@**************,38312565.771~38330611.635,대구광역********,3114777.052~3119510.59
백**,07112*********,010-*********,sumin8************,28337540.732~28357342.476,경기도 ********,20775312.809~20782308.098
류**,14070*********,010-*********,yeongilc****************,91344514.621~91374725.758,대구광역********,13466944.933~13480931.199
엄**,54010*********,010-*********,gimjunse****************,77032467.272~77087387.569,부산광역*********,21389694.094~21396685.691
이**,11080*********,010-*********,gimeunj****************,88438395.521~88478541.23,충청북도 청**************,19657255.354~19673716.74
이**,04081*********,010-*********,noseony****************,21650113.375~21659846.874,충청북도 ***********,5800659.056~5804819.019
김**,78030*********,010-*********,jinho*********,5663031.9~5675019.912,경상남도********,624877.806~628698.952
지**,59010*********,010-*********,jiyeong****************,66688232.419~66709354.802,대전광역*********,44337256.048~44422114.676
주**,00051*********,010-*********,yangh***********,24566205.034~24574993.535,서울특별*********,11657602.226~11665317.789
이**,47061*********,010-*********,hongseo***************,61606474.081~61620772.25,대전광역********,24367274.296~24394360.502
손**,73052*********,010-*********,yeeun8*************,41644752.252~41651093.246,전라북도 ***********,2278873.326~2280513.874
이**,91040*********,010-*********,ggim@c***********,90772940.977~90796169.836,충청남도 천**************,55411381.174~55603967.837
박**,53061*********,010-*********,juyeo**********,7932925.72~7974177.722,울산광역********,1102170.484~1107850.053
노**,99041*********,010-*********,eunjuse****************,9773674.474~9783305.005,전라남도 ***********,1789746.465~1793501.943
김**,09050*********,010-*********,yejin02**************,55508995.569~55539666.521,서울특별시***********,624388.338~624877.806
문**,79013*********,010-*********,gimseony******************,78953408.227~78983728.312,제주특별자치**************,17627487.837~17642282.946
한**,08061*********,010-*********,cunjaba***************,14210850.612~14229547.04,서울특별*********,1889430.45~1891567.366
박**,10122*********,010-*********,sinjaeh****************,49261169.553~49300573.112,대전광역********,10786974.011~10792743.451
이**,67050*********,010-*********,gimminj***************,85201158.922~85213407.093,세종특별자치*************,41612914.703~41719118.379
우**,12021*********,010-*********,bbag*******,19095183.786~19114709.74,경상북도 ***********,3164466.813~3166668.408
이**,11112*********,010-*********,mbag@s**************,88759652.356~88799423.713,울산광역********,36939835.447~36982205.12
오**,78051*********,010-*********,yeonghw***************,88572437.744~88588314.542,울산광역시 ***********,764161.894~764384.687
박**,81120*********,010-*********,mgim@*********,23866738.872~23880558.542,인천광역시 ***********,6038458.017~6043007.82
김**,98091*********,010-*********,miyeon***********,65129914.857~65162067.495,전라남도 ***********,20578449.803~20597287.328
장**,60051*********,010-*********,coecae**************,7492228.06~7497999.636,경상남도 ***********,1285541.18~1289118.416
박**,11093*********,010-*********,myeongja******************,11218324.1~11227218.29,제주특별자치*************,1960177.545~1961814.056
박**,89061*********,010-*********,donghye***************,76692220.01~76703716.321,울산광역********,14254356.931~14258444.528
장**,82081*********,010-*********,noeungye****************,23831743.749~23840009.458,서울특별*********,7002064.308~7007998.304
양**,66110*********,010-*********,gwang***********,59454360.011~59474968.692,경상북도 ***********,20478078.272~20486550.591
김**,02042*********,010-*********,jiu03@***********,82673042.065~82679990.767,전라북도 ***********,6954730.902~6961321.605
김**,73081*********,010-*********,gangje**************,40961849.439~40964207.146,대전광역********,5590905.889~5593488.498
한**,85061*********,010-*********,lgi*******,12553509.791~12567825.119,대구광역********,2880908.582~2883806.296
강**,49021*********,010-*********,dohyeon****************,54595595.145~54619122.184,부산광역시*********,23349506.8~23369855.235
김**,47123*********,010-*********,oi@si*********,17192382.241~17230899.618,세종특별자치*************,3995004.194~3996195.671
김**,14012*********,010-*********,hyeonjun****************,43381668.992~43401953.024,제주특별자치*************,5038237.492~5040805.054
엄**,71091*********,010-*********,gangca************,67584687.504~67595000.408,인천광역********,26713833.184~26730746.806
김**,89101*********,010-*********,tyang**********,14902415.737~14948283.12,전라북도 ***********,3292269.187~3294130.727
박**,88092*********,010-*********,seojongs****************,89545897.596~89566519.504,서울특별********,42473667.083~42502990.312
안**,55070*********,010-*********,sanghun****************,79948986.63~79960503.407,대전광역*********,25200460.116~25204223.79
손**,75030*********,010-*********,gimyu*********,4006770.1~4031745.131,인천광역********,1035954.541~1041004.001
박**,03060*********,010-*********,hongdong*****************,72948941.427~72974955.744,전라북도********,12692749.392~12696807.522
김**,11072*********,010-*********,migyeon***************,88534520.828~88547027.732,충청남도 당***********,9743499.303~9746797.813
최**,01061*********,010-*********,jinu6**********,92158451.58~92191121.162,충청남도 ***********,4413311.252~4415178.628
이**,08050*********,010-*********,siu28@**************,51465506.198~51470624.734,대전광역********,3143327.752~3147547.373
박**,53040*********,010-*********,jinu10@**************,14990262.579~14995976.538,전라남도 ***********,7554597.714~7564672.392
박**,03080*********,010-*********,yeweonc****************,17522370.877~17554712.817,경상남도 ***********,1161675.01~1165091.389
강**,81082*********,010-*********,bagyuji****************,67449313.368~67453362.839,경상북도 ***********,21087682.265~21097225.033
최**,01092*********,010-*********,sangh***********,7607615.822~7617290.427,울산광역시 ***********,683862.21~685499.32
조**,46120*********,010-*********,ugang@j***************,83300421.88~83303721.912,인천광역시*********,27130876.93~27137071.064
최**,84090*********,010-*********,sangceo***************,32748459.152~32754276.84,경기도 양**********,11246244.91~11253114.537
김**,61072*********,010-*********,gyun@j*************,9749749.652~9751943.919,대구광역시*********,1075269.95~1076158.466
박**,56011*********,010-*********,doyunj**************,36143568.674~36195713.585,서울특별*********,319370.809~320467.554
김**,10051*********,010-*********,ijunh**********,26523222.151~26538830.41,강원도 *******,12082698.249~12090514.296
윤**,56051*********,010-*********,vbag*******,92581690.584~92598150.059,충청북도 ***********,2157509.804~2157886.58
김**,84121*********,010-*********,iyeong***********,30780265.163~30798972.512,대구광역*********,2286013.251~2292031.274
이**,88111*********,010-*********,jiabag*************,3227420.158~3244839.035,전라남도 ***********,1041854.292~1042844.164
최**,99041*********,010-*********,jiyeong5****************,41590048.4~41615658.304,경상북도 ***********,10693589.71~10707584.571
김**,87102*********,010-*********,gimuji************,92964923.012~92972290.454,충청북도 ***********,7713325.492~7723489.336
김**,56042*********,010-*********,fgim@**********,59723976.954~59739343.286,서울특별*********,2496982.53~2501027.051
이**,03110*********,010-*********,eunseo**************,97312640.627~97319771.185,세종특별자치*************,25293149.424~25308052.121
남**,62060*********,010-*********,li@*******,78080059.479~78090957.178,대구광역********,2638189.446~2642833.508
한**,98082*********,010-*********,jeonghun******************,48592376.282~48609382.648,전라북도 ***********,15839827.85~15853990.692
박**,08102*********,010-*********,myeong**************,19575935.752~19590665.978,대전광역*********,2120008.198~2122396.147
박**,55062*********,010-*********,ijeongsu****************,56367125.622~56381617.994,강원도 춘**********,33218878.778~33268956.379
김**,73082*********,010-*********,yeongg***********,6516613.276~6523158.263,경상북도 ***********,1986569.002~1987527.495
김**,96041*********,010-*********,iminj***********,20021348.64~20024728.391,경기도 화*********,1047344.315~1048999.806
홍**,98011*********,010-*********,yujinan**************,28369219.822~28382595.548,서울특별*********,2817184.468~2819758.444
이**,57061*********,010-*********,eungyeon******************,81011688.761~81018723.212,경상남도 ***********,6034726.362~6038458.017
오**,84060*********,010-*********,subin25**************,97536817.135~97561770.846,경상북도 ***********,18469398.084~18475495.267
윤**,98072*********,010-*********,jeongsu****************,76263539.984~76274843.537,대구광역*********,4175646.505~4178636.882
이**,65092*********,010-*********,hanjeo************,74395259.169~74422905.579,세종특별자치*************,4905284.483~4909641.084
이**,69063*********,010-*********,ri@n*******,36215599.599~36237861.7,대전광역********,6493514.861~6498748.298
이**,09031*********,010-*********,juweon***********,43084901.746~43102453.064,대전광역*********,10569250.566~10577169.191
이**,53011*********,010-*********,ji@h*********,29504703.648~29522619.12,대전광역********,11580026.173~11582231.934
오**,56080*********,010-*********,jan@b*********,10368428.163~10377380.984,광주광역********,2679698.685~2681695.18
노**,95031*********,010-*********,sangh**********,92708738.173~92721973.448,전라북도 ***********,10070808.288~10073567.201
강**,93090*********,010-*********,nbag@***********,76006406.958~76036032.318,경상북도 ***********,11453886.045~11460032.075
강**,61072*********,010-*********,yeongho4****************,60038322.239~60058020.253,충청남도 천*************,34489847.362~34585190.736
김**,64101*********,010-*********,tgim@*********,87439516.106~87477022.859,충청남도 ***********,43511388.112~43519148.285
김**,65080*********,010-*********,gangje*************,85942625.82~85963483.005,경상북도 포*************,58009751.694~58357260.882
이**,62010*********,010-*********,gyeongs**************,47180660.004~47205331.168,제주특별자치**************,31890169.888~31964587.045
이**,47061*********,010-*********,wi@gi*********,39588379.725~39598299.793,전라북도 정***********,29317255.622~29327592.792
노**,68013*********,010-*********,hyeon***********,2880033.323~2916584.776,광주광역********,1686421.115~1687537.44
허**,96091*********,010-*********,yejin47***************,32253179.234~32268062.09,대전광역*********,16077613.05~16089611.312
김**,76120*********,010-*********,gwangsu3****************,55414195.065~55427289.45,충청북도 ***********,12631551.31~12640686.113
고**,92022*********,010-*********,hongjun****************,43852102.261~43883602.073,전라남도 **********,2238387.359~2240255.247
김**,14060*********,010-*********,boram*********,41590048.4~41615658.304,광주광역********,1095213.551~1097912.284
김**,69061*********,010-*********,yunminju*****************,74125454.017~74135491.911,강원도 *******,11253114.537~11260259.628
김**,03101*********,010-*********,minju**********,67222349.08~67244919.355,울산광역********,15760119.399~15771997.216
안**,62032*********,010-*********,jeongh************,48125065.458~48165567.86,인천광역시***********,12226860.92~12231960.83
박**,97120*********,010-*********,miyeongg****************,27877055.554~27893413.267,경상남도 ***********,4807605.614~4808454.16
양**,66071*********,010-*********,jimin87***************,22828409.686~22833605.471,충청남도 ***********,10042228.21~10043646.165
오**,50091*********,010-*********,dohyeon**************,66483674.575~66526098.264,서울특별*********,42706784.173~42741814.05
최**,53032*********,010-*********,lcoe@g***********,70093799.118~70109375.653,울산광역********,9303329.533~9309258.608
허**,78062*********,010-*********,seongsu****************,5934141.078~5939033.62,경상남도 ***********,821382.83~827287.084
이**,90012*********,010-*********,wgim@**********,95125740.861~95142506.084,경기도 안**********,21251180.98~21267368.153
우**,60061*********,010-*********,yujin17@****************,58209557.238~58225313.261,경기도 수원***********,15059894.171~15069198.652
이**,98052*********,010-*********,minjaei***************,2852406.058~2880033.323,대구광역********,100503.999~100971.991
최**,10031*********,010-*********,geonui************,91092779.734~91106732.854,경기도 ********,8132593.489~8135916.582
손**,81040*********,010-*********,sugjagi***************,61254949.058~61272415.042,경상북도 ***********,10034567.25~10042228.21
주**,64092*********,010-*********,jeongnam*****************,16825719.468~16865775.124,경상북도********,3043525.837~3045403.022
권**,86030*********,010-*********,jia28@**************,83705330.429~83719584.139,대구광역********,28193630.119~28219339.595
강**,95081*********,010-*********,juweon2****************,25251347.787~25259445.284,전라남도********,6072813.171~6077033.45
배**,96100*********,010-*********,eunji9*************,96672182.723~96694164.806,서울특별*********,31814665.544~31845560.004
고**,62090*********,010-*********,siugang**************,79004444.48~79025338.681,충청북도 ***********,36834641.772~36849503.116
박**,08021*********,010-*********,tju@yu************,36084615.819~36101599.91,울산광역시 ***********,1804778.427~1805614.122
송**,80062*********,010-*********,yejun46***************,44774008.093~44793091.711,경기도 양**********,12725978.144~12740171.144
김**,59032*********,010-*********,seohyeon*****************,87185650.582~87196033.41,부산광역시*********,6058598.392~6072813.171
박**,99120*********,010-*********,siugim*************,16083286.245~16105680.859,광주광역********,1497820.93~1499708.891
양**,51040*********,010-*********,kcoe*******,56381617.994~56392234.104,서울특별*********,20511788.758~20514267.942
이**,71042*********,010-*********,xgim@g************,7607615.822~7617290.427,광주광역시*********,516854.402~517561.061
황**,99052*********,010-*********,wyang**********,66754754.778~66782660.157,부산광역*********,108540.857~109006.882
김**,77052*********,010-*********,yeji*********,18444595.888~18455563.16,대구광역********,3669962.365~3670672.068
차**,76111*********,010-*********,jia51@************,64598207.91~64624671.017,충청남도 ***********,11437858.832~11441630.047
최**,80012*********,010-*********,coeju**********,36824680.496~36835101.224,광주광역*******,2603719.123~2605910.173
이**,86030*********,010-*********,mbag@j*************,27514106.462~27525863.429,강원도 *******,518527.418~525568.242
박**,89071*********,010-*********,junho15***************,94256748.557~94260945.334,전라북도 ***********,34613271.794~34655069.336
강**,47052*********,010-*********,junhob***********,86337771.974~86345314.226,광주광역*********,34085218.003~34134312.774
김**,53033*********,010-*********,si@bae***********,92247974.546~92253116.219,대전광역*********,27786190.542~27825585.772
류**,60111*********,010-*********,minju**********,63502044.611~63527870.623,전라남도 ***********,2267017.0~2269492.419
김**,07110*********,010-*********,bagseohy******************,87064230.722~87070212.104,서울특별시*********,11217249.382~11224385.649
우**,49122*********,010-*********,siu0*******,32832882.377~32855856.461,경기도 고***********,4099967.44~4103696.602
조**,63012*********,010-*********,seoyeo*************,30349132.917~30386591.086,인천광역*********,1229291.144~1232287.805
고**,60102*********,010-*********,cunjag*************,19973217.439~19996948.466,강원도 *******,7138563.75~7141578.216
김**,48120*********,010-*********,eunyeong*****************,86554934.981~86566319.31,인천광역********,6193091.923~6198174.505
김**,10050*********,010-*********,bi@gi***********,45815273.465~45853060.298,전라북도 ***********,1034984.642~1035954.541
박**,84010*********,010-*********,minseoo**************,83729654.924~83734859.014,경상북도 ***********,39943250.536~39958955.99
이**,06082*********,010-*********,jihu*********,12363495.024~12406314.626,세종특별자치*************,2790559.362~2796434.928
전**,54101*********,010-*********,ijiyeon****************,42879016.429~42928634.47,광주광역********,7330727.162~7338378.384
이**,92082*********,010-*********,dha*******,80290440.335~80309146.876,전라북도 ***********,21591924.21~21608391.52
서**,07121*********,010-*********,jeongsu**************,62335132.889~62348108.138,전라북도 ***********,13972323.585~13980514.235
김**,68100*********,010-*********,imin********,77700734.7~77720858.323,인천광역********,27872568.251~27888053.01
김**,54100*********,010-*********,jangjaeh*****************,73803584.431~73816215.842,서울특별*********,29851460.766~29871473.31
전**,99031*********,010-*********,sumi********,32001808.734~32014348.486,경상북도 ***********,3175190.252~3177646.978
송**,67091*********,010-*********,dohye**********,81494907.33~81512279.916,경상북도 ***********,12033807.112~12039900.08
조**,99041*********,010-*********,eunse**********,75680839.418~75689463.247,강원도 화*********,14522681.357~14531059.015
이**,49071*********,010-*********,caewe**********,21112305.086~21127509.585,대구광역시*********,485221.012~486237.6
송**,04080*********,010-*********,seoyun0****************,76335344.566~76338345.732,충청북도 청**************,5819500.672~5821252.337
노**,09120*********,010-*********,eunseoba****************,29598150.652~29631885.308,광주광역********,3776321.424~3781648.677
이**,13040*********,010-*********,gimseo*************,4380411.304~4407188.592,경상남도 ***********,253962.287~254596.5
이**,88071*********,010-*********,hyeonjeong*********************,85737569.11~85759799.019,세종특별자치*************,3409030.646~3412627.824
이**,60061*********,010-*********,ocoe@**********,24641888.846~24648023.551,경상북도 ***********,13363470.126~13366127.424
김**,06022*********,010-*********,jinho**********,65369779.562~65387054.242,인천광역*********,36796748.781~36802911.875
황**,91092*********,010-*********,seongsub******************,76873782.038~76929595.832,충청남도 ***********,7520044.668~7524441.354
서**,89101*********,010-*********,ina*******,27525863.429~27543508.475,세종특별자치*************,10495894.84~10502428.878
구**,78120*********,010-*********,eungye************,49482181.742~49498113.888,전라남도 ***********,16582766.758~16596876.343
서**,51012*********,010-*********,jiyeongs*****************,88910472.841~88913283.602,광주광역********,53247124.822~53512024.388
이**,61102*********,010-*********,seoyun9**************,71272163.432~71292655.555,충청남도********,14878869.029~14889426.362
이**,88102*********,010-*********,igo@*********,80516613.984~80519787.823,세종특별자치*************,38545954.035~38633790.295
김**,96031*********,010-*********,zyun@*********,64938593.35~64949806.38,대구광역********,20796414.534~20803509.6
김**,02033*********,010-*********,eungye************,99323116.516~99328095.657,충청남도 **********,50520479.267~50563966.587
조**,82021*********,010-*********,coeyeon**************,70830692.185~70850912.236,제주특별자치**************,16112810.128~16128435.008
이**,59092*********,010-*********,jeonminj*****************,86023498.01~86032496.179,대구광역시 ***********,21420923.906~21442755.982
김**,96091*********,010-*********,wgi*******,91499730.635~91517939.936,광주광역*********,14117543.239~14134958.122
문**,85090*********,010-*********,seongho***************,56810797.223~56857181.92,광주광역*********,7761522.52~7767538.784
김**,81030*********,010-*********,hyejingw******************,70075494.887~70085174.709,인천광역*********,10563998.69~10569250.566
고**,02111*********,010-*********,seoyeon***************,89665084.435~89679552.814,강원도 영월***********,47486349.429~47584142.4
백**,74031*********,010-*********,jeongung*****************,40202126.789~40234873.696,대전광역*********,773255.404~774509.73
김**,01011*********,010-*********,bagyeon**************,13480618.79~13496015.515,전라남도 ***********,6297841.666~6301999.297
조**,93031*********,010-*********,heojieu***************,79858922.997~79875427.685,광주광역********,18351248.366~18355939.768
김**,95072*********,010-*********,miyeong****************,34947548.514~34990263.341,울산광역********,3559888.275~3564948.908
김**,53071*********,010-*********,gimyeon**************,63461451.04~63481285.922,전라북도 ***********,26941098.637~26954431.857
이**,06062*********,010-*********,miyeong***************,41037478.6~41042208.755,경기도 용**********,3788912.524~3791745.167
김**,88080*********,010-*********,jaehona***************,87162764.699~87185650.582,제주특별자치**************,30501576.274~30506910.437
전**,60012*********,010-*********,fgim@**********,16364784.162~16433117.644,강원도 평***********,756978.04~759541.404
김**,52051*********,010-*********,geonu*********,56475977.296~56487907.875,충청북도 ***********,4506819.036~4508374.384
김**,57032*********,010-*********,seonghye****************,58351873.675~58376308.441,대구광역시 ***********,43237097.548~43343061.922
지**,91111*********,010-*********,seoju***********,82897965.396~82920472.08,경상북도 ***********,8751874.078~8757094.26
김**,47071*********,010-*********,ssim@*********,22127412.408~22150597.019,전라남도 ***********,12886770.581~12891674.894
심**,04032*********,010-*********,seongh*************,30446438.077~30455301.702,충청북도 충***********,7568216.355~7571319.676
고**,45092*********,010-*********,zgim@y************,64509792.512~64533441.056,충청남도 ***********,4244442.848~4248950.406
김**,05080*********,010-*********,hi@******,7059692.066~7092667.428,경상남도 ***********,2440904.27~2445155.713
김**,60040*********,010-*********,yeongja***************,18988351.994~18996059.58,충청남도 ***********,596011.873~597170.686
이**,76091*********,010-*********,eungyeon****************,95525484.079~95585549.386,충청남도 천**************,7790342.152~7792846.852
최**,93010*********,010-*********,seohye**************,52123163.838~52131399.954,경기도 성**********,489566.936~490557.608
최**,50123*********,010-*********,ijunho@**************,18988351.994~18996059.58,울산광역********,1373460.368~1374150.868
최**,11012*********,010-*********,gimseo**************,86353076.624~86379044.158,대구광역시*********,8583140.046~8594209.914
서**,59041*********,010-*********,junye**********,33844764.115~33851135.137,대구광역********,5331569.05~5334294.46
박**,52101*********,010-*********,siu82@*************,15124389.798~15146735.614,강원도 영**********,3831316.777~3831963.999
최**,01071*********,010-*********,jungsu6***************,21629645.948~21638693.304,서울특별시**********,1478798.448~1481669.13
김**,13020*********,010-*********,ihayun*************,78541762.95~78586696.025,충청남도 ***********,41719118.379~41930137.169
이**,73100*********,010-*********,dgim*******,52158041.106~52188456.918,광주광역********,18055324.172~18067359.753
이**,68121*********,010-*********,gi@ib*********,9186835.15~9206516.193,경상북도 포**************,419562.2~421677.243
최**,10081*********,010-*********,jungsu6**************,44955736.238~44961688.553,광주광역********,11857344.182~11863961.982
최**,58092*********,010-*********,seongh*************,48498363.294~48512627.759,충청북도 ***********,6081871.99~6088418.693
강**,80120*********,010-*********,ica@ry***********,62348108.138~62375767.951,전라북도 ***********,13081999.398~13085012.229
이**,70060*********,010-*********,wgim@j*************,35403584.273~35430643.907,전라북도 ***********,7816537.899~7820387.123
최**,13122*********,010-*********,seungh*************,75493311.135~75536771.147,경상남도 ***********,11110316.349~11116686.717
홍**,90050*********,010-*********,junhyeo**************,89944811.027~89950515.083,충청북도********,689746.086~693267.114
김**,70110*********,010-*********,ohong@**************,35809362.854~35815395.152,경상북도 ***********,14343573.899~14355819.316
양**,90083*********,010-*********,zheo********,96760562.062~96784429.405,인천광역*********,11063185.74~11068009.343
오**,05110*********,010-*********,haeun*********,85584633.349~85609684.991,광주광역********,15026827.708~15033650.56
김**,11091*********,010-*********,gimjeo**************,97971734.19~97983092.878,강원도 *******,1360097.339~1361196.408
이**,60081*********,010-*********,qgim*******,73714604.65~73728590.056,전라남도 ***********,9675376.592~9687795.93
이**,75052*********,010-*********,myeongja******************,90506078.363~90527568.934,부산광역*********,33960590.02~34007904.556
박**,74031*********,010-*********,seoyeo************,63368646.561~63396060.883,경상북도 ***********,2076224.641~2076776.661
박**,57062*********,010-*********,gangjeon******************,30679002.202~30694306.203,강원도 *******,10021925.605~10026178.591
서**,54083*********,010-*********,sunog**********,39980986.861~39988135.326,경상북도 **********,5040805.054~5043019.887
황**,03111*********,010-*********,gimju***********,18186948.269~18203645.144,충청북도 ***********,6472622.961~6475068.54
김**,77110*********,010-*********,seungh**************,46002490.694~46015821.818,경상남도 ***********,9670146.09~9675376.592
곽**,62103*********,010-*********,bagminse****************,44661519.451~44700188.708,서울특별*********,579808.786~582399.245
이**,53040*********,010-*********,jongs***********,92158451.58~92191121.162,대구광역********,2717198.516~2721189.838
이**,11041*********,010-*********,eunju1************,13726412.702~13742353.897,경기도 *******,5289232.84~5291386.782
김**,49030*********,010-*********,ryusangh****************,4169651.187~4185426.166,서울특별시**********,1013192.607~1014621.776
이**,61120*********,010-*********,sangc***********,97362123.424~97393266.896,경상남도 ***********,34368122.674~34393935.603
이**,06060*********,010-*********,jeongs*************,8235440.756~8266491.224,경상북도 ***********,1016771.994~1017247.222
김**,72021*********,010-*********,jinho*********,69471348.65~69497353.61,인천광역********,6437534.226~6440849.88
송**,73011*********,010-*********,seongh*************,95309094.407~95318335.381,강원도 *******,15794301.324~15801742.715
김**,67082*********,010-*********,jangmy************,57617745.152~57629960.278,서울특별*********,11768663.543~11771112.028
배**,49080*********,010-*********,nca@yu************,7738267.999~7754465.427,충청남도 ***********,4401347.96~4409122.521
우**,10020*********,010-*********,ci@ju***********,98724592.74~98737466.109,울산광역********,16231934.64~16239450.223
김**,70091*********,010-*********,subin0***********,27045943.662~27072780.185,인천광역********,4744556.063~4746897.821
박**,08021*********,010-*********,shong@*************,71458459.041~71465440.622,부산광역시 ***********,49262499.788~49580284.654
김**,76021*********,010-*********,gweonmij******************,69191614.469~69209224.66,대전광역********,12872384.276~12873788.872
박**,61050*********,010-*********,gimjae***********,34701673.532~34742666.398,전라북도 전************,11235484.351~11246244.91
김**,96051*********,010-*********,egim*******,46588053.64~46600972.667,광주광역시*********,1524858.583~1531115.436
이**,12042*********,010-*********,yeong***********,50231010.998~50257155.117,제주특별자***********,2581541.353~2585601.861
이**,95092*********,010-*********,jaehye*************,85525964.398~85566596.575,부산광역*********,5093766.887~5094599.913
전**,60060*********,010-*********,ngan*********,19468653.896~19479155.811,경상북도 **********,6470467.851~6472622.961
이**,53121*********,010-*********,jeonghun*****************,23125176.882~23135861.397,부산광역시*********,2579088.008~2580079.207
권**,13030*********,010-*********,mbag@*********,21195996.107~21215641.424,부산광역*********,2930706.732~2934333.877
이**,09052*********,010-*********,doyun2************,10210060.68~10216683.67,경기도 포***********,6125294.028~6129757.636
류**,14081*********,010-*********,yeongs*************,15805446.248~15816243.948,경기도 성**********,1636140.18~1637615.941
김**,89051*********,010-*********,iareum**************,37534308.365~37543088.946,대전광역********,2145810.478~2146742.778
김**,10011*********,010-*********,ui@******,55427289.45~55443702.34,전라북도 ***********,17380951.552~17384557.558
한**,13082*********,010-*********,ci@jus***********,89762423.374~89775732.648,광주광역********,38202385.494~38316566.888
배**,69012*********,010-*********,caeweon**************,73373729.325~73422083.605,대전광역*********,9612637.36~9618581.038
이**,86102*********,010-*********,jeongs**************,38785618.749~38810713.0,충청남도 ***********,16260686.021~16281804.006
양**,66081*********,010-*********,minseog**************,61129960.28~61135017.411,대전광역********,14266074.975~14274697.396
박**,98030*********,010-*********,migyeo************,43475620.275~43487198.08,경기도 안**********,3076649.376~3078976.509
김**,45061*********,010-*********,boram4************,44442888.485~44463099.453,충청남도 ***********,6374248.475~6376868.133
오**,88063*********,010-*********,dgim@j************,67300102.822~67313172.834,충청북도 ***********,17496038.536~17504933.008
권**,09051*********,010-*********,songjunhy******************,26773624.513~26783272.849,부산광역********,5974725.799~5980204.056
최**,85051*********,010-*********,miyeonga****************,87439516.106~87477022.859,광주광역*******,20692442.521~20705283.521
최**,86041*********,010-*********,ebag*******,52583074.26~52590411.293,울산광역********,24051619.787~24075786.724
김**,88051*********,010-*********,gimsuno***************,85963483.005~85987070.923,충청북도 청**************,24740158.754~24758849.394
안**,11040*********,010-*********,tyun@y*************,36388934.274~36421964.09,대구광역********,732763.988~733544.322
노**,61120*********,010-*********,sujin**********,6087624.266~6129263.478,서울특별시*********,566442.804~570774.822
김**,67101*********,010-*********,geonu63***************,96507694.775~96529441.907,인천광역********,2135654.557~2137739.45
최**,61101*********,010-*********,jihye19**************,26271524.895~26279755.842,경상남도 ***********,15592866.12~15600259.086
김**,80041*********,010-*********,donghy**************,39386305.971~39392606.776,대구광역********,7917227.49~7920319.012
김**,56122*********,010-*********,coejeon**************,50872102.138~50896198.917,부산광역*********,25436247.771~25464823.284
김**,91041*********,010-*********,ci@yuh***********,62664122.0~62678379.772,대전광역********,24202677.03~24215401.578
이**,56050*********,010-*********,yca@g**********,24266617.633~24297934.136,강원도 춘*********,2535902.227~2537500.696
안**,75111*********,010-*********,yeonggil*****************,88225171.883~88235207.806,제주특별자치*************,9618581.038~9627487.678
유**,10111*********,010-*********,ogang***********,40455303.742~40466671.22,광주광역********,4262079.585~4265648.57
손**,69111*********,010-*********,myeong***********,47931090.549~47936378.775,경상남도 ***********,4873682.498~4876099.71
박**,47052*********,010-*********,sco*******,80749104.006~80763377.035,제주특별자치**************,24492582.857~24501654.4
강**,99022*********,010-*********,bgim@***********,23125176.882~23135861.397,전라남도 ***********,3453280.257~3454400.511
남**,84122*********,010-*********,gimyeeu***************,83397012.238~83415453.369,전라북도 ***********,17651210.349~17663199.304
박**,45090*********,010-*********,siu05@*************,58426815.429~58442292.661,경기도 수**********,24409361.851~24416514.858
나**,57061*********,010-*********,zgim@g*************,62664122.0~62678379.772,대구광역시*********,15723372.426~15731985.024
박**,90100*********,010-*********,yumije**************,13454297.633~13480618.79,강원도 강**********,5650266.56~5652314.18
김**,05040*********,010-*********,oi@*****,91225930.855~91239894.48,제주특별자치**************,9545389.595~9551244.515
김**,03121*********,010-*********,ngim@gi**************,71030479.978~71046131.247,울산광역********,5671556.689~5672784.707
김**,86080*********,010-*********,yunseog***************,59717334.673~59723976.954,서울특별시***********,12945811.124~12950266.902
박**,73071*********,010-*********,yeongsu****************,5985440.784~5991123.32,광주광역시*********,3394135.45~3396380.406
우**,51072*********,010-*********,ansumi***********,82859165.773~82897965.396,인천광역시*********,6766923.182~6777188.941
이**,81072*********,010-*********,seongh**************,79053822.037~79080911.984,세종특별자치*************,2976019.947~2978101.863
김**,11082*********,010-*********,munbor***********,29471260.906~29486990.389,경기도 안*********,7782759.855~7787223.965
이**,80112*********,010-*********,yeeung************,90033690.104~90047195.938,전라남도 ***********,55875653.906~56052635.181
이**,49092*********,010-*********,ogja*********,88029735.826~88044811.732,전라남도 ***********,44120257.905~44203907.468
김**,11072*********,010-*********,gimseu************,61050016.027~61070000.709,대구광역********,33353356.994~33399296.266
김**,82102*********,010-*********,cgim*********,26292725.794~26313639.648,충청북도 단***********,136175.776~137310.845
류**,07073*********,010-*********,misuggi***************,76197478.37~76214731.914,경상북도 ***********,21180094.807~21194024.594
서**,60071*********,010-*********,coeyeong*****************,92963076.501~92964923.012,인천광역시 ***********,16480014.659~16485990.925
이**,78013*********,010-*********,eunjui@**************,40150971.474~40160475.42,서울특별*********,7723489.336~7724534.087
김**,48091*********,010-*********,iseun***********,85578811.2~85579354.765,충청북도********,47018483.476~47080662.86
이**,89070*********,010-*********,juweon8***************,18455563.16~18464697.805,경상남도 ***********,1438831.438~1440296.43
강**,66072*********,010-*********,van@ju************,8108712.754~8167194.334,전라남도 ***********,247681.554~248583.249
양**,04031*********,010-*********,kseo*********,7278362.037~7314464.706,강원도 철**********,816831.159~820394.113
김**,81122*********,010-*********,gimseon****************,64799821.382~64808153.197,충청북도 ***********,17618771.64~17620684.48
김**,74102*********,010-*********,minsu89**************,73019317.308~73040810.394,전라남도 ***********,6122229.837~6125294.028
한**,61050*********,010-*********,minju***********,69072705.234~69117293.323,경기도 ********,13595855.669~13620879.368
김**,78102*********,010-*********,ijiye***********,63116218.68~63135453.414,제주특별자치*************,5545036.356~5547987.84
이**,00052*********,010-*********,geonuhw**************,52442657.854~52462028.366,경상북도 ***********,18076184.17~18097283.646
박**,57061*********,010-*********,hcoe@**********,71640343.799~71666542.718,인천광역********,14846067.389~14851261.85
이**,71092*********,010-*********,jinu********,5711124.74~5729217.648,대전광역*********,1011861.355~1013192.607
이**,77081*********,010-*********,gimseoye*****************,82679990.767~82703847.587,전라북도 ***********,2476048.156~2478491.137
박**,56103*********,010-*********,oha@s*********,16580281.937~16597788.102,충청남도 ***********,4940223.822~4942744.973
한**,73073*********,010-*********,ijung*********,32479693.088~32499657.982,광주광역*********,6868556.285~6873122.077
성**,73090*********,010-*********,jungs**********,36503075.139~36506592.365,대구광역*********,6961321.605~6966145.796
김**,70112*********,010-*********,eunjui@**************,94047154.45~94065921.895,충청남도 천**************,24287380.777~24355463.37
이**,62040*********,010-*********,ujingim****************,82709078.364~82712281.924,경상남도 창*************,730288.813~730498.486
정**,91113*********,010-*********,eunjeo*************,30460353.892~30472993.288,충청남도 ***********,11966685.686~11969541.393
김**,83070*********,010-*********,ijuwe*********,83719584.139~83729654.924,충청남도********,26144027.432~26172160.378
배**,64072*********,010-*********,gimyeo*************,73687677.174~73714604.65,인천광역시*********,9034639.024~9050699.504
정**,57031*********,010-*********,jeongs*************,76767334.982~76779035.481,경상남도 창원***************,5059148.155~5059918.134
김**,68122*********,010-*********,yeongja**************,86576072.623~86601444.933,인천광역시*********,368121.132~371585.252
김**,91120*********,010-*********,miyeon***********,31231209.118~31249958.2,서울특별시**********,1438831.438~1440296.43
전**,78061*********,010-*********,lgim@c************,38456848.557~38470992.174,인천광역*********,1440296.43~1440912.406
김**,64012*********,010-*********,sgo@ju************,17321207.856~17332503.357,부산광역********,3955540.522~3959456.527
오**,71012*********,010-*********,juseon*************,67923513.496~67946383.316,전라남도 **********,1724021.599~1726110.606
김**,02072*********,010-*********,jeongho****************,31839745.948~31854623.319,경기도 *******,17048997.32~17056243.86
이**,74021*********,010-*********,hi@gi**********,29123131.325~29137749.562,대전광역********,12358091.541~12363657.831
김**,95051*********,010-*********,jieunh*************,71127020.814~71137365.258,경상북도 포*************,20233104.68~20253214.181
최**,76112*********,010-*********,gyeongs***************,30817854.654~30829530.086,제주특별자치**************,3869001.376~3873537.419
남**,98010*********,010-*********,minjun1***************,81726292.085~81732782.785,전라북도 ***********,13099479.25~13106847.6
윤**,12071*********,010-*********,junhyeog****************,7578338.111~7590178.573,울산광역********,3286906.236~3290551.741
박**,55032*********,010-*********,eunju*********,79149285.747~79162468.288,서울특별*********,13656818.219~13673870.842
이**,69021*********,010-*********,jieuns*************,89479997.002~89491631.907,대전광역*********,31468833.045~31474890.158
홍**,06022*********,010-*********,sunog6************,49358850.806~49372773.424,광주광역********,10001766.043~10006556.63
송**,59022*********,010-*********,yunseohy*****************,65821242.909~65845554.65,전라남도 ***********,17993761.483~18012083.096
이**,13030*********,010-*********,tjo@ju***********,85399456.251~85407794.616,경기도 가*********,37647199.634~37665475.099
이**,62122*********,010-*********,junhyeog*****************,88854030.854~88859652.088,충청북도 ***********,56972036.131~57141102.91
강**,99010*********,010-*********,hayunmu****************,94640093.487~94651269.028,전라남도 ***********,10286750.778~10289473.812
박**,13061*********,010-*********,geon*********,15861682.573~15883846.349,경상북도 ***********,324825.558~325076.429
김**,79101*********,010-*********,gimjuw**************,29522619.12~29571289.428,울산광역********,5508058.319~5513631.202
최**,81091*********,010-*********,jeongsug****************,65387054.242~65395298.089,대구광역*********,13046966.378~13051199.779
이**,72030*********,010-*********,no@g********,69769807.88~69790993.143,제주특별자치**************,3097397.466~3099714.8
이**,03111*********,010-*********,areum*********,81357384.988~81372290.34,전라남도 *********,16560236.685~16582766.758
김**,71021*********,010-*********,jbag*********,40431749.298~40437733.248,경상남도 ***********,13085012.229~13095423.286
김**,13041*********,010-*********,pgim@y************,98625830.25~98670173.34,세종특별자치*************,3927819.842~3930180.216
배**,00120*********,010-*********,gyeongs**************,51100084.042~51110845.092,충청북도 ***********,14274697.396~14292994.763
허**,47012*********,010-*********,seongho**************,92067911.816~92125269.416,전라북도 ***********,6980828.818~6983339.947
김**,54072*********,010-*********,minseo***********,48512627.759~48518658.49,제주특별자치**************,23129473.407~23149302.43
박**,05061*********,010-*********,jeongjas****************,28727389.58~28743134.84,대구광역********,3123381.571~3133930.744
진**,54052*********,010-*********,jinjieu***************,59481749.467~59492419.656,충청남도 ***********,18451932.976~18457100.439
김**,49022*********,010-*********,juweon************,56297646.9~56317855.01,강원도 삼***********,13011221.5~13017099.799
이**,03090*********,010-*********,hayunyu***************,20382410.972~20393270.268,대구광역********,3334036.514~3338617.349
한**,98052*********,010-*********,fgo@yu************,39654623.184~39691566.694,경상북도 ***********,2711840.638~2712046.72
홍**,64082*********,010-*********,ogsunba**************,55786949.48~55806116.026,광주광역*********,26909408.63~26922316.771
심**,71033*********,010-*********,jeongnam******************,72542781.458~72554747.186,인천광역시*********,10266207.62~10270651.336
권**,53112*********,010-*********,misug9*************,63942547.064~63972387.371,세종특별자치*************,202242.4~202896.426
이**,07071*********,010-*********,gyeongj***************,57358488.371~57362770.92,경상북도********,18176902.5~18209961.894
김**,94012*********,010-*********,gimjimi***************,76573325.478~76596630.838,충청북도 ***********,9276870.906~9280927.395
윤**,11071*********,010-*********,sunjai**************,96629365.884~96644145.34,전라남도 ***********,54219338.254~54353513.757
김**,65102*********,010-*********,gyeong**************,34360416.501~34369821.432,인천광역시*********,2142254.036~2143518.203
권**,55090*********,010-*********,seoyu***********,15961400.588~15997132.299,인천광역시*********,409098.401~412034.847
윤**,56070*********,010-*********,pi@*****,64909988.64~64913577.444,강원도 양*********,6094748.048~6098283.471
윤**,84052*********,010-*********,eungye*************,2662220.832~2679226.637,울산광역********,274888.11~277674.219
윤**,92122*********,010-*********,mijeon***********,67772226.554~67797115.634,서울특별시**********,11730987.222~11739258.802
황**,80030*********,010-*********,zgim@j*************,52069603.05~52091926.132,세종특별자치*************,19578316.379~19606690.81
이**,70102*********,010-*********,yeeun*********,12010766.074~12043791.719,부산광역********,444735.666~445601.976
송**,09062*********,010-*********,myeongja****************,37305295.198~37329819.409,경상남도 ***********,1409433.04~1411179.68
황**,82052*********,010-*********,aca@*******,96789725.714~96793330.023,충청남도 천**************,12130061.979~12136384.825
김**,67062*********,010-*********,juweo***********,59339355.304~59374527.938,서울특별시*********,11984811.19~11989611.973
송**,50113*********,010-*********,yeongs***********,43381668.992~43401953.024,대전광역*********,29458647.917~29502753.384
장**,93061*********,010-*********,suminga****************,68779175.802~68821267.92,전라남도 ***********,10707584.571~10713732.24
박**,58010*********,010-*********,iyeongh****************,31854623.319~31888820.067,부산광역********,5593488.498~5598354.312
권**,52111*********,010-*********,ogjagi************,66859333.174~66868668.259,경기도 *******,24080942.54~24099253.667
양**,11102*********,010-*********,isiu*******,42495119.43~42501695.779,충청북도 ***********,7564672.392~7568216.355
김**,80030*********,010-*********,sugj*********,78787299.795~78805068.704,대구광역********,3053962.256~3060756.118
김**,64082*********,010-*********,jangseony******************,48205436.034~48221974.552,충청남도 ***********,11081337.625~11088460.798
손**,44091*********,010-*********,areum9*************,76947377.165~76961625.838,세종특별자**********,10320526.549~10327084.572
하**,56060*********,010-*********,misug1*************,30150410.668~30165568.333,서울특별********,1972707.264~1979060.214
김**,58050*********,010-*********,ryu@********,82063945.292~82085097.344,강원도 영***********,22949901.2~22966372.591
우**,95061*********,010-*********,gimareu****************,65680421.46~65704977.154,부산광역********,37527070.422~37552870.894
최**,52100*********,010-*********,josang*************,97015322.596~97026463.406,광주광역*********,20915820.175~20922564.33
김**,59121*********,010-*********,ao@i*********,72854175.894~72870466.497,경기도 용인*************,4671939.008~4680203.936
김**,97031*********,010-*********,bjeon@************,16162069.152~16182261.4,경상북도 ***********,2508755.561~2509390.372
이**,77103*********,010-*********,byeongce******************,96706883.663~96743613.925,인천광역*********,1048999.806~1050512.395
이**,71093*********,010-*********,gyeongsu*****************,90155958.768~90180845.862,전라북도 ***********,3634225.642~3635207.006
박**,49030*********,010-*********,gweonj***********,8022434.678~8063063.042,전라남도 ***********,883554.814~886635.472
배**,54012*********,010-*********,areum*********,75619094.69~75630374.838,대구광역*********,7887134.247~7888543.255
송**,89111*********,010-*********,ijiyeo**************,45877780.958~45907572.65,광주광역*********,4438226.69~4440190.564
김**,45020*********,010-*********,si@b*********,57577638.656~57592521.646,충청남도 ***********,4302471.013~4305696.798
정**,96021*********,010-*********,gyeong***********,33656763.039~33680818.978,서울특별시*********,10052490.574~10065019.516
박**,06070*********,010-*********,yejinmu****************,68680558.78~68685682.89,전라북도 ***********,18244120.364~18257133.374
박**,48080*********,010-*********,ogjag***********,15883846.349~15919677.718,대구광역시*********,644855.489~648461.644
양**,60022*********,010-*********,hongja*************,17287633.626~17321207.856,충청북도 ***********,1241358.288~1245437.658
김**,72011*********,010-*********,igyeo***********,85670929.29~85699862.074,전라북도 전************,9586775.498~9590504.072
김**,75040*********,010-*********,jiyeon***********,25279455.75~25293043.94,대전광역*******,3946357.327~3951726.091
서**,05080*********,010-*********,junhog*************,71742643.213~71746750.744,부산광역시 ***********,31353804.24~31362608.36
한**,46021*********,010-*********,bagmij*************,62090014.772~62099733.536,충청남도 ***********,2927716.268~2930371.281
이**,98021*********,010-*********,sangho************,97319771.185~97362123.424,세종특별자치*************,9200705.382~9207646.565
이**,52022*********,010-*********,fgim@j*************,70109375.653~70124017.991,강원도 정**********,14732885.833~14738311.51
장**,52122*********,010-*********,qgim*******,63292589.845~63341759.428,강원도*******,17229904.284~17240316.462
고**,57102*********,010-*********,seonghy**************,82085097.344~82106046.865,충청북도 청**************,9123394.916~9127449.314
조**,93092*********,010-*********,jusangce****************,2627004.036~2662220.832,광주광역********,176393.002~178749.952
최**,44033*********,010-*********,johyej*************,48868662.458~48884519.006,강원도 원**********,16190337.335~16204984.36
윤**,79011*********,010-*********,jiyeongb****************,12075251.176~12081825.132,전라남도 ***********,318477.848~319370.809
권**,81071*********,010-*********,cgim@j*************,79591613.328~79616649.912,충청남도*******,36564311.33~36644406.599
김**,47092*********,010-*********,wcoe@g***********,99247780.749~99252947.034,경기도 수**********,23850920.468~23866325.082
전**,46072*********,010-*********,zgim@j*************,82354420.869~82374460.901,서울특별*********,13673870.842~13684690.209
배**,03040*********,010-*********,yunhyeo****************,54619122.184~54633314.12,대구광역********,14329173.806~14343573.899
정**,64082*********,010-*********,gimjuwe****************,54080893.5~54097760.148,경상남도 창************,2149009.526~2150153.803
김**,11051*********,010-*********,bgim@j************,32877886.44~32903167.376,인천광역시***********,18020020.642~18025363.68
박**,52031*********,010-*********,jeong***********,76500815.308~76531095.183,전라북도 ***********,24416514.858~24441598.938
노**,45032*********,010-*********,yeongm***********,76044806.81~76061729.385,충청남도 ***********,7399344.703~7402792.218
김**,86111*********,010-*********,ni@******,51450984.867~51465506.198,전라남도 ***********,17714878.293~17725478.568
김**,68011*********,010-*********,iminsu*************,26062102.677~26102497.315,울산광역********,9027738.549~9029501.943
박**,08051*********,010-*********,rsim@*********,62533715.216~62546754.94,제주특별자***********,3040273.57~3041282.734
백**,63110*********,010-*********,sunja9**************,95752904.434~95761843.595,세종특별자치*************,39344517.826~39366325.75
김**,76011*********,010-*********,haeun07***************,16979263.81~16991577.632,울산광역********,606330.848~607683.373
양**,88011*********,010-*********,ijeongh****************,28883747.08~28896350.461,세종특별자치*************,9921432.89~9925295.218
양**,09052*********,010-*********,gyeongsu****************,89780547.249~89829251.625,경상북도 ***********,16077613.05~16089611.312
성**,09100*********,010-*********,yujin1***********,26645159.026~26655441.344,경상북도 ***********,10100093.64~10101234.616
남**,86012*********,010-*********,gimjon**************,5057347.49~5061815.432,경상북도 ***********,682825.1~683862.21
이**,45112*********,010-*********,yeongceo****************,43676883.572~43708089.737,광주광역********,545330.793~545550.252
황**,91050*********,010-*********,geonu*********,76335344.566~76338345.732,광주광역********,49643116.965~49749978.391
류**,55120*********,010-*********,donghyeo*****************,3207782.35~3227420.158,경기도 *******,697249.861~698506.685
엄**,50120*********,010-*********,ui@j********,86472236.187~86479953.194,서울특별*********,30506910.437~30519432.259
남**,78011*********,010-*********,coemi***********,42715052.994~42721796.163,울산광역********,21000063.428~21036654.083
김**,79102*********,010-*********,rgim*******,56184987.842~56191659.169,제주특별자***********,21686445.725~21717079.573
전**,57061*********,010-*********,vseo*********,38593913.353~38611396.311,울산광역********,1935838.124~1936386.89
김**,80030*********,010-*********,yeonghwa****************,91632512.869~91652313.174,경상북도 ***********,354976.375~356161.056
김**,83031*********,010-*********,cunjaha****************,63363082.496~63368646.561,서울특별시***********,14057855.719~14065023.038
김**,63100*********,010-*********,jihyeon****************,31222128.631~31231209.118,충청북도 ***********,5484836.65~5487243.389
박**,75091*********,010-*********,bagjae***********,4265181.12~4281818.469,경기도 *******,1292187.478~1294069.296
김**,54012*********,010-*********,ui@******,18793080.111~18813570.526,세종특별자**********,1245437.658~1246056.443
김**,93020*********,010-*********,siugim**************,69209224.66~69237694.47,전라남도 ***********,28552498.545~28593152.954
배**,48120*********,010-*********,byeongc**************,84096662.545~84105071.67,부산광역********,6198174.505~6211092.912
이**,12033*********,010-*********,baghayu****************,26279755.842~26292725.794,경상남도 ***********,10305369.497~10309635.112
이**,01021*********,010-*********,myeongsu****************,61620772.25~61629682.107,부산광역*********,11565374.006~11568863.861
성**,50052*********,010-*********,rbag@***********,95329394.07~95331428.594,전라북도 **********,31265753.506~31298604.553
송**,85080*********,010-*********,tsong*********,49006929.569~49032035.262,경기도 *******,8841140.632~8844508.737
곽**,82062*********,010-*********,zim@n**********,58072554.242~58093945.846,부산광역시*********,394827.97~395413.811
노**,87102*********,010-*********,seosunj***************,26875235.439~26893733.523,광주광역********,16432835.187~16434575.877
강**,74040*********,010-*********,bagjeo************,73641158.109~73658565.973,부산광역시 ***********,23369855.235~23400902.411
백**,51080*********,010-*********,yha*******,55237477.702~55249285.056,대전광역시*********,2609421.824~2613022.96
양**,64031*********,010-*********,io@coe***********,69457896.917~69471348.65,경상남도 ***********,22077671.335~22079732.43
이**,47021*********,010-*********,eunse*********,78757391.713~78767130.831,부산광역********,24416514.858~24441598.938
박**,48020*********,010-*********,jimin41***************,43487198.08~43496336.712,충청북도 ***********,22518536.439~22524829.206
김**,85011*********,010-*********,hyeon***********,77238161.734~77264555.638,강원도 *******,10526363.65~10539515.395
박**,55052*********,010-*********,heohae*************,99313619.159~99323116.516,전라남도 ***********,34938102.335~35021388.546
김**,48101*********,010-*********,lgim@**********,52646710.886~52688364.528,광주광역시*********,21787987.031~21803452.034
김**,75013*********,010-*********,sangh***********,43367915.967~43381668.992,충청북도 ***********,1321586.926~1327122.516
김**,99110*********,010-*********,ii@yuh***********,58790833.539~58798366.78,대전광역********,152815.8~153824.572
김**,94101*********,010-*********,bagseu************,37031820.932~37085118.919,서울특별*********,1086169.421~1089919.086
박**,07010*********,010-*********,pgim@***********,49896777.266~49926205.647,전라남도 영***********,8970996.371~8977165.089
오**,83071*********,010-*********,sgim*******,65334828.775~65369779.562,부산광역*********,20342679.093~20364534.385
조**,11062*********,010-*********,songsug**************,87477022.859~87526801.44,대전광역*********,19890818.603~19910535.768
고**,65111*********,010-*********,ange*********,55539666.521~55558623.867,대전광역********,6808048.513~6818783.042
류**,44052*********,010-*********,minjae7****************,94127849.61~94142510.527,경상북도 **********,34264419.582~34332061.352
윤**,57071*********,010-*********,yeongs***********,36935719.882~36966167.638,서울특별*********,16341719.783~16351164.938
송**,62062*********,010-*********,migyeon***************,6806102.734~6811699.719,경기도 안**********,2712672.128~2715224.848
최**,46021*********,010-*********,gyeonghy******************,80406110.868~80425395.401,충청북도 ***********,29317255.622~29327592.792
이**,84033*********,010-*********,eyun*******,99958028.128~99961429.255,충청북도 ***********,28907868.927~28914505.844
김**,61041*********,010-*********,than@s***********,5455348.367~5478980.345,인천광역*********,2681695.18~2682072.878
김**,13080*********,010-*********,ansumin***************,77946337.568~77974194.995,세종특별자**********,4464103.708~4467447.959
김**,75012*********,010-*********,xgi*******,54176780.069~54201282.872,대구광역********,841886.954~843103.86
남**,94032*********,010-*********,jbaeg@**************,98233326.032~98260250.342,전라남도 ***********,11725024.398~11730987.222
최**,91121*********,010-*********,leom@y************,20609407.694~20650060.078,대전광역*********,5097342.026~5098751.194
임**,73082*********,010-*********,gimmigye*****************,9341022.76~9347900.835,전라남도********,2186243.204~2188984.783
이**,51052*********,010-*********,yeong***********,58225313.261~58261262.268,세종특별자치*************,14814674.418~14825846.617
김**,09032*********,010-*********,hi@co**********,86617902.591~86628328.196,경상북도 ***********,10430819.923~10441973.115
김**,00111*********,010-*********,baghyeo****************,60119631.239~60159138.834,전라북도 ***********,13700484.269~13717557.141
박**,05010*********,010-*********,lgim@c***********,59075092.21~59088878.45,충청남도 ***********,23074481.904~23089799.481
곽**,00022*********,010-*********,eunse***********,95638385.624~95648735.777,광주광역********,26819763.987~26828315.058
황**,76110*********,010-*********,haneuny****************,27805601.94~27840092.592,광주광역*********,307222.716~307955.559
심**,71021*********,010-*********,jeongs***********,46991183.688~47015413.938,인천광역*********,11981711.842~11984811.19
김**,92080*********,010-*********,cunjaj***********,36421964.09~36444204.303,충청남도 ***********,3989894.63~3995004.194
차**,56052*********,010-*********,caeweo***********,53088439.293~53105447.067,서울특별*********,17859818.551~17887236.06
이**,01082*********,010-*********,areumba**************,65198605.504~65209792.059,충청북도 ***********,23228470.386~23253479.777
권**,59052*********,010-*********,fgim*******,18653062.872~18661110.12,전라북도 ***********,3133930.744~3138295.286
이**,57093*********,010-*********,jiweon1***************,59982682.865~60008496.494,인천광역*********,12640686.113~12643685.356
박**,52080*********,010-*********,doyunh***********,35443510.976~35461069.605,경기도 고***********,10309635.112~10312465.285
민**,53021*********,010-*********,ijinho@**************,16539213.968~16545540.404,경상북도 ***********,1091581.878~1095213.551
김**,97042*********,010-*********,yeongm**************,9662040.244~9697878.138,대구광역********,2010363.767~2018622.928
장**,72031*********,010-*********,yeong***********,61346368.707~61366093.304,부산광역*********,8016451.875~8019301.127
이**,67101*********,010-*********,mi@g********,51641414.058~51664702.406,부산광역*********,8749528.816~8751874.078
류**,87082*********,010-*********,hyejin3***************,49696219.602~49704872.82,전라남도 ***********,5113271.561~5116333.914
문**,78080*********,010-*********,cbag@***********,38260176.339~38282680.384,경기도 여**********,1253209.492~1254696.105
이**,56012*********,010-*********,gimbyeong*******************,73499973.32~73518216.573,울산광역*******,15412245.877~15426136.571
신**,01033*********,010-*********,geon*********,54908385.46~54917813.054,강원도 양**********,1076158.466~1078224.464
김**,50070*********,010-*********,gimsu**********,87347512.855~87365512.627,인천광역*********,16207036.782~16212250.896
김**,88020*********,010-*********,doyun*********,69121221.259~69134920.396,강원도 양**********,19431198.182~19445529.389
김**,64081*********,010-*********,vgim@y************,81604906.699~81643390.699,제주특별자***********,42820589.365~42970169.818
구**,77031*********,010-*********,xseo@g**************,80749104.006~80763377.035,부산광역*********,7756283.442~7761522.52
김**,48102*********,010-*********,iyeweon**************,86628328.196~86669878.126,경상북도 ***********,40521905.542~40553983.246
김**,04070*********,010-*********,ecoe@*********,37278907.24~37292954.683,울산광역********,4302471.013~4305696.798
홍**,90091*********,010-*********,jinugw**************,91225930.855~91239894.48,세종특별자치*************,8852484.284~8856675.454
윤**,89122*********,010-*********,coemiyeo*****************,59882450.448~59902921.929,대구광역시 ***********,8204257.539~8208812.2
김**,71060*********,010-*********,coehaeu**************,57151469.586~57156624.158,광주광역********,24847006.045~24865654.938
백**,85062*********,010-*********,dbae@y*************,3320483.083~3326899.893,충청남도 ***********,864162.614~865735.488
강**,62022*********,010-*********,yeongm**************,5452465.835~5455348.367,경상남도 ***********,1689428.44~1697230.842
김**,93070*********,010-*********,eungyeon******************,41460712.738~41465209.606,경상북도 ***********,7138563.75~7141578.216
곽**,52082*********,010-*********,isangce**************,18768272.133~18783223.547,전라북도 ***********,3951726.091~3953749.861
윤**,67020*********,010-*********,gyu@yu************,66431825.408~66453888.392,인천광역시 ***********,36315179.445~36355675.808
이**,14020*********,010-*********,donghy**************,9353000.572~9371395.266,충청북도 ***********,961656.469~963672.378
김**,01010*********,010-*********,jeongun**************,73842742.674~73863315.132,대구광역시 ***********,20803509.6~20815397.627
박**,71102*********,010-*********,gyeong***********,32807098.401~32832882.377,울산광역시 ***********,8008921.73~8012051.008
김**,46081*********,010-*********,sbag@*********,48394501.504~48418505.132,대구광역********,1630896.441~1635044.077
이**,56082*********,010-*********,seonye*************,12249718.782~12289402.24,경기도 *******,2089188.475~2091312.941
권**,46020*********,010-*********,jgim@**********,51427001.616~51433536.875,충청북도 ***********,3697677.23~3698864.18
서**,61062*********,010-*********,mijeon*************,56074132.525~56087363.712,경상북도********,3399817.509~3401565.19
최**,58041*********,010-*********,baeminj**************,37239286.243~37278907.24,대구광역*********,12158387.148~12161702.346
이**,98101*********,010-*********,fgu@ha************,48800338.53~48803810.113,울산광역********,23000590.999~23040793.971
이**,64100*********,010-*********,jaehyeo**************,76370003.294~76389694.71,경상북도 포*************,8297703.372~8306187.689
심**,44041*********,010-*********,eunjug*************,88235207.806~88277507.334,인천광역*******,8899178.295~8900319.376
류**,91071*********,010-*********,gimsuji****************,38282680.384~38290407.089,전라북도 군***********,764161.894~764384.687
박**,93100*********,010-*********,kgim@j*************,87737123.346~87763602.068,전라북도 전************,12780578.421~12788922.276
김**,70030*********,010-*********,gimcu*********,44335062.246~44358956.16,강원도 영**********,3354178.713~3362513.26
이**,80041*********,010-*********,yangjun**************,46246827.467~46265106.782,경상북도 ***********,22282098.51~22289507.841
이**,61061*********,010-*********,gyeongh**************,43191002.442~43204351.702,경상남도 ***********,20096416.886~20112188.765
이**,73071*********,010-*********,bgim@**********,37191934.897~37221461.511,전라남도 ***********,15583022.905~15591485.714
오**,79101*********,010-*********,gi@gu**********,11183702.174~11206597.077,광주광역********,3535628.468~3539975.811
강**,81090*********,010-*********,iminj**********,74186532.961~74191496.864,광주광역********,16953465.874~16960158.188
이**,79111*********,010-*********,seojeongs*******************,33313445.538~33337861.428,전라남도 ***********,8757094.26~8765677.84
이**,51070*********,010-*********,ryugeo************,4593654.594~4621368.322,울산광역시***********,775060.609~775773.616
김**,69021*********,010-*********,vbag@y*************,64486642.148~64509792.512,경상남도 ***********,29552548.646~29558243.537
김**,08070*********,010-*********,hyeonjeon******************,79948986.63~79960503.407,서울특별*********,12648336.831~12658269.773
이**,12101*********,010-*********,hayun0*************,30627452.586~30635804.424,광주광역*******,18012083.096~18020020.642
최**,68113*********,010-*********,jeongs*************,64573367.309~64590096.444,충청북도 ***********,4894503.277~4895637.085
노**,91030*********,010-*********,rbag*******,51564772.492~51578270.365,부산광역*********,4275867.043~4281574.904
배**,87091*********,010-*********,mjin@m*************,78748402.446~78753357.122,인천광역********,36140174.077~36266178.945
최**,58081*********,010-*********,gbag@b************,32349368.994~32363048.925,부산광역*********,1583993.122~1587144.36
박**,74022*********,010-*********,minsu51***************,47213644.313~47218848.574,충청남도 ***********,7982590.893~7991159.776
조**,87062*********,010-*********,jieun6*************,84982735.928~84992780.62,인천광역*********,10813292.526~10821549.725
허**,44030*********,010-*********,bagseu************,54941492.723~54979728.268,세종특별자치*************,18076184.17~18097283.646
김**,64050*********,010-*********,zbag*********,67764303.184~67772226.554,경상남도 ***********,18151984.497~18163598.502
이**,69112*********,010-*********,xyan*********,58176031.226~58190687.056,전라남도********,23580478.832~23593141.538
이**,96110*********,010-*********,doyu********,32050258.904~32071651.28,부산광역시*********,21109189.807~21134101.55
최**,62010*********,010-*********,bagmin***********,55136837.806~55147559.277,울산광역시 ***********,4334338.47~4339875.267
김**,49120*********,010-*********,gangji***********,16034387.134~16071648.41,전라북도 부***********,7846667.666~7850360.854
양**,70091*********,010-*********,jaeho**********,73087328.794~73096730.5,경기도 *******,12672075.386~12675735.542
류**,75052*********,010-*********,minju***********,6662808.904~6681268.444,강원도 고**********,1025786.869~1029627.864
김**,51101*********,010-*********,gimjun************,21500093.53~21502641.278,경상남도 ***********,1847467.496~1849359.85
구**,86111*********,010-*********,eunse**********,44946602.341~44955736.238,세종특별자치*************,4004383.681~4008782.587
문**,98080*********,010-*********,iminse**************,97746631.005~97757926.806,인천광역********,33158769.36~33205991.8
최**,71092*********,010-*********,gimeunj****************,62251858.084~62273211.849,충청북도 ***********,21953959.675~21973167.782
김**,74061*********,010-*********,hanhy**********,94384567.409~94393222.836,경상북도 ***********,10043646.165~10052490.574
오**,46091*********,010-*********,hyeon***********,83197711.607~83204627.664,경기도 성**********,21570413.806~21591924.21
이**,65040*********,010-*********,gi@yan***********,28856531.538~28883747.08,충청북도 청**************,3093798.146~3097397.466
강**,66031*********,010-*********,hwanghyeo********************,3573721.57~3596079.458,세종특별자치*************,1836753.528~1837962.184
김**,72010*********,010-*********,sunja*********,66782660.157~66795145.836,제주특별자***********,52024473.797~52144719.416
최**,77100*********,010-*********,seong***********,98484270.852~98527264.153,경상북도 ***********,7283576.501~7289954.04
김**,73122*********,010-*********,gimmins****************,46916386.18~46936541.245,서울특별********,1511975.482~1513520.681
이**,70021*********,010-*********,yeongc***********,42721796.163~42744011.852,경기도 수원***********,7069981.196~7073474.494
박**,51061*********,010-*********,hgim@**********,42839413.489~42863077.161,광주광역********,2595893.453~2599766.325
양**,73121*********,010-*********,jaeh*********,53854625.363~53864007.419,제주특별자치**************,31146300.309~31177681.981
이**,66042*********,010-*********,jimin***********,38187053.015~38233494.378,전라북도 ***********,13182196.39~13191702.844
김**,44041*********,010-*********,iminji@**************,42054431.878~42065998.453,강원도 *******,3627371.034~3629801.052
권**,94061*********,010-*********,jongs*********,39860672.186~39875077.741,광주광역********,2507184.964~2508755.561
이**,92101*********,010-*********,qgim@*********,16021647.335~16029798.78,대전광역********,4851872.015~4856196.1
김**,76050*********,010-*********,pi@b*********,95499365.723~95521025.257,부산광역시*********,11053755.507~11063185.74
이**,90090*********,010-*********,ejang***********,12158990.923~12213393.318,충청북도 ***********,2949112.42~2952986.378
김**,51012*********,010-*********,hgo*******,86606575.369~86617902.591,대전광역********,30682254.886~30721820.39
고**,65052*********,010-*********,yujin**********,65162067.495~65178848.667,충청남도 ***********,14851261.85~14856179.057
김**,50020*********,010-*********,sanghoba****************,8378996.487~8391197.014,대전광역*******,254596.5~256616.326
엄**,50012*********,010-*********,jia12@**************,39392606.776~39399023.146,서울특별*********,3820227.288~3823763.544
김**,10061*********,010-*********,gimogs*************,91691945.107~91717456.8,부산광역********,18270580.92~18281366.2
이**,59083*********,010-*********,jia37@************,67554500.479~67584687.504,울산광역********,7204478.389~7206956.554
이**,62101*********,010-*********,qseo*******,40144372.63~40150971.474,대구광역********,14964134.195~14975900.029
김**,87081*********,010-*********,coemij*************,28212812.671~28234417.506,인천광역시***********,641771.319~642975.044
박**,59101*********,010-*********,ihyeonsu****************,73019317.308~73040810.394,경상북도 ***********,5043019.887~5044797.148
윤**,47011*********,010-*********,gimgyeon******************,15072766.805~15082697.978,광주광역********,3673036.134~3674693.835
안**,97030*********,010-*********,seongs**************,36506592.365~36518959.552,강원도 인*********,3559888.275~3564948.908
이**,66072*********,010-*********,jeongho**************,39440836.183~39451236.374,충청남도 **********,10901306.931~10915583.258
강**,54102*********,010-*********,jeonghun****************,95585549.386~95627117.666,대전광역********,16974425.465~16985436.707
이**,68022*********,010-*********,cunj********,35700133.296~35710911.027,경상남도 ***********,7509171.122~7514643.858
한**,91081*********,010-*********,subin**********,26388766.183~26407674.08,강원도 양**********,1986569.002~1987527.495
김**,52022*********,010-*********,sgi*******,75602331.265~75618004.12,울산광역********,4251492.734~4253401.565
이**,74111*********,010-*********,yeweo**********,89665084.435~89679552.814,경기도 성**********,34655069.336~34681455.458
최**,90060*********,010-*********,jeongnam*****************,18556772.627~18569992.663,광주광역********,9604261.452~9607097.864
이**,73080*********,010-*********,ijong*********,23696419.484~23723349.07,경상북도 포**************,7710570.95~7713325.492
박**,83060*********,010-*********,minsuba**************,79628810.539~79634478.061,울산광역********,26730746.806~26735741.034
안**,71011*********,010-*********,gimseo***********,69428620.101~69436194.804,광주광역*******,6841260.433~6844087.655
박**,79060*********,010-*********,sunja68***************,74764116.989~74770913.23,대구광역********,21354394.992~21377591.24
박**,50122*********,010-*********,yeongsu****************,65852816.039~65872640.4,인천광역시 ***********,17593417.568~17616290.563
이**,76052*********,010-*********,gyeongsu*****************,44961688.553~44970253.79,전라북도 ***********,6355531.275~6358327.758
김**,89090*********,010-*********,baggye***********,38377114.79~38402726.369,제주특별자***********,9739631.71~9741484.056
양**,13123*********,010-*********,seonghun*****************,74943967.145~74978650.617,인천광역*********,11116686.717~11119764.31
이**,73081*********,010-*********,ehwan**********,81287475.498~81304451.837,강원도 횡**********,31177681.981~31214685.14
김**,07123*********,010-*********,seonye***********,40309714.472~40342466.05,대전광역*********,6366295.384~6370106.975
정**,12082*********,010-*********,junseoi***************,19504176.805~19517703.269,세종특별자치*************,443982.924~444735.666
이**,88112*********,010-*********,bbag*******,16675452.869~16691859.145,제주특별자**********,1979060.214~1986569.002
최**,83083*********,010-*********,yujin***********,94578262.022~94600361.389,충청남도 ***********,18351248.366~18355939.768
윤**,93031*********,010-*********,gimgyeong******************,57808264.606~57816497.196,제주특별자치*************,2774852.611~2775259.257
권**,66041*********,010-*********,seoseong*****************,93702609.634~93714437.231,인천광역********,17793752.476~17828610.4
이**,93041*********,010-*********,ui@******,89580074.782~89602897.654,서울특별*********,5804819.019~5811900.538
이**,69051*********,010-*********,xgu******,96529441.907~96540236.58,울산광역********,8653333.85~8660224.433
고**,87040*********,010-*********,iareum@**************,47030177.388~47036535.924,충청북도 ***********,2155583.176~2157509.804
김**,02011*********,010-*********,jeongun***************,95214363.144~95226996.308,대구광역********,11665317.789~11674365.435
송**,67010*********,010-*********,gyeongsu*****************,14305347.994~14318587.354,대구광역********,2553832.967~2555362.52
이**,47013*********,010-*********,bgim*******,73788785.01~73792570.005,경기도 ********,14369799.542~14380980.992
김**,55092*********,010-*********,jinhoeo***************,53429043.712~53438352.701,서울특별*********,2765407.208~2767190.283
문**,48120*********,010-*********,iseoyeo**************,74055011.534~74069618.575,충청남도 천*************,16942243.152~16953465.874
최**,72121*********,010-*********,eunjeo************,21712226.981~21722532.84,전라남도 ***********,3084812.458~3088709.951
김**,65070*********,010-*********,kgang*********,39303233.544~39342285.469,전라남도 ***********,8128428.102~8132593.489
박**,85061*********,010-*********,cgim*********,13992461.001~14027223.321,울산광역시 ************,4269949.433~4275867.043
박**,01041*********,010-*********,sugja**********,88415567.995~88438395.521,충청남도 ***********,34145350.81~34172272.406
최**,53020*********,010-*********,ti@ba*********,15042308.795~15058076.704,대전광역********,274888.11~277674.219
김**,83071*********,010-*********,gimdohye*****************,41217561.373~41235078.06,전라남도 ***********,8019301.127~8023089.406
윤**,96042*********,010-*********,seonye************,23024348.551~23031591.181,대전광역********,3721809.127~3724561.335
최**,51030*********,010-*********,coesu**********,63461451.04~63481285.922,인천광역시 ***********,18525193.047~18529435.96
김**,86041*********,010-*********,ijeongj****************,49388974.359~49402264.388,전라남도 ***********,15505103.583~15513636.217
김**,58022*********,010-*********,ogja3***********,59672701.691~59686164.43,인천광역*********,28829448.396~28849231.924
박**,66081*********,010-*********,iyun*******,77167894.533~77190971.68,충청북도 청**************,15801742.715~15828198.18
윤**,69090*********,010-*********,fbag*******,92273757.044~92284275.376,울산광역********,18529435.96~18542212.589
이**,60082*********,010-*********,jiweon4**************,95627117.666~95638385.624,강원도 춘**********,21134101.55~21146697.045
장**,45083*********,010-*********,gimjeong*****************,4120890.445~4136842.013,강원도 인*********,1265816.054~1268035.576
허**,93092*********,010-*********,junse*********,57151469.586~57156624.158,충청남도 ***********,4348303.656~4353197.774
이**,10032*********,010-*********,jbag@j*************,3954992.776~4002336.285,충청남도 ***********,1703252.854~1704038.39
김**,68061*********,010-*********,hyeonj***********,19135109.058~19149730.133,경상남도 ***********,724688.725~726276.195
이**,85060*********,010-*********,yeongsi**************,51927222.074~51939541.644,경상남도 ***********,7729731.354~7732538.478
백**,12062*********,010-*********,ki@yuh***********,71990319.815~71997663.094,대구광역*********,10644217.76~10654706.32
이**,53072*********,010-*********,jaehye************,98436412.198~98465666.042,전라북도 ***********,16491040.586~16496115.12
이**,87042*********,010-*********,ci@jus***********,46311292.713~46323531.893,경기도 수**********,14164293.639~14172305.036
이**,52111*********,010-*********,donghy************,66586966.45~66597912.33,충청북도 ***********,8666100.002~8679850.12
김**,44022*********,010-*********,yangji***********,53105447.067~53119821.697,인천광역*********,7245384.835~7255674.301
황**,00021*********,010-*********,egang*********,78934769.551~78942517.61,대구광역********,16485990.925~16491040.586
최**,01120*********,010-*********,lgang@**************,66736793.894~66754754.778,제주특별자치*************,17651210.349~17663199.304
김**,00010*********,010-*********,igim@***********,46416315.716~46422906.546,제주특별자치*************,14087954.254~14090302.466
심**,99050*********,010-*********,jbag*******,74005540.388~74018831.671,전라남도 ***********,22079732.43~22086989.385
이**,87090*********,010-*********,jaehog**************,11348344.904~11369175.376,인천광역*********,3781648.677~3782802.375
류**,11061*********,010-*********,ujin03*************,79789696.927~79799508.907,강원도 삼**********,19508412.478~19514702.677
박**,10043*********,010-*********,eunyeo***********,19885515.653~19936362.302,세종특별자치*************,9919879.72~9921432.89
박**,01081*********,010-*********,seongh************,53642934.199~53679675.747,부산광역시*********,24651139.378~24706912.355
김**,69073*********,010-*********,sugja*********,36251716.564~36290299.709,광주광역********,14361791.133~14364905.277
박**,73091*********,010-*********,minseo7**************,23275675.682~23283341.05,경기도 고**********,4068662.56~4070095.725
장**,86032*********,010-*********,dbag@y*************,64949806.38~64956120.72,충청남도 ***********,16857621.61~16870738.82
이**,93010*********,010-*********,yeongho***************,63368646.561~63396060.883,경상북도 ***********,29996890.768~30029908.697
최**,64081*********,010-*********,misug*********,40390132.13~40409284.557,인천광역시*********,11385862.35~11393244.869
이**,95062*********,010-*********,bagyeju***************,83571233.868~83600747.14,서울특별*********,7210507.818~7215727.662
안**,59052*********,010-*********,jeongjaeh******************,8496780.726~8499259.467,강원도 *******,110887.324~111073.925
이**,70121*********,010-*********,yangjihy*****************,35521570.018~35524154.764,경상북도 ***********,10330081.573~10339389.398
김**,55052*********,010-*********,yeongsi***************,50284667.443~50291925.155,강원도 원**********,14182836.631~14210094.592
장**,85030*********,010-*********,junho*********,39727741.594~39743398.232,대구광역********,13986795.488~13996911.797
이**,70110*********,010-*********,jeongh***********,64773003.308~64799821.382,강원도 정**********,21227788.845~21251180.98
장**,52082*********,010-*********,jyu@j***********,52131399.954~52158041.106,세종특별자치*************,16314071.374~16319147.213
김**,53122*********,010-*********,isangh************,72752499.505~72774781.73,광주광역********,15611791.512~15628133.585
최**,48110*********,010-*********,yeongsig******************,24943678.877~24955073.754,부산광역시*********,2305484.805~2306735.518
홍**,10021*********,010-*********,jiui@y***********,72096568.898~72103935.615,충청남도 ***********,5331569.05~5334294.46
송**,80032*********,010-*********,boramc*************,54877784.238~54879640.205,대전광역********,3524753.45~3529285.162
이**,54122*********,010-*********,gocunj***********,29319211.23~29332952.491,전라북도 ***********,5677661.173~5685726.926
서**,74072*********,010-*********,baeseong*****************,29749938.326~29789398.25,광주광역*********,17504933.008~17530341.242
최**,92072*********,010-*********,ebag@j*************,30798972.512~30806189.535,대구광역시*********,2952986.378~2958068.518
이**,03020*********,010-*********,jeongs**************,38922090.382~38935427.976,전라남도 ***********,1927739.849~1932378.549
권**,60102*********,010-*********,seongsu6****************,29071809.156~29089208.342,경기도 성**********,3278165.444~3282856.472
박**,70091*********,010-*********,gimuj*********,91652313.174~91691945.107,부산광역*********,21312305.527~21323874.027
김**,95122*********,010-*********,iseongh***************,61005068.128~61020444.612,경기도 *******,22077671.335~22079732.43
안**,94062*********,010-*********,eunjub**************,14255526.15~14268948.538,서울특별*********,2166819.979~2169113.222
이**,47092*********,010-*********,gimgeon****************,47885627.102~47909904.019,전라남도 ***********,12365575.648~12368507.186
김**,85030*********,010-*********,fgi*******,53591911.833~53630273.6,충청북도 ***********,10600157.244~10608603.311
양**,62021*********,010-*********,vgang**********,43676883.572~43708089.737,충청남도 ***********,3046997.156~3049923.734
황**,82070*********,010-*********,yeongsu**************,36337053.978~36347432.735,서울특별*********,15925799.706~15936830.716
최**,86073*********,010-*********,lgim@h************,94719676.074~94734179.764,울산광역********,20426525.138~20432169.008
김**,91080*********,010-*********,sanghun1****************,63640227.44~63663807.099,인천광역시***********,2272063.052~2272442.664
김**,97010*********,010-*********,junseo************,61629682.107~61646976.316,인천광역********,15059894.171~15069198.652
김**,50012*********,010-*********,pbag*******,27933066.818~27979481.291,대전광역********,1426444.618~1428663.397
김**,08062*********,010-*********,eunse***********,42466248.44~42485475.334,충청남도 천**************,3782802.375~3788912.524
전**,81012*********,010-*********,bi@*****,31359113.496~31383785.69,제주특별자치*************,2857372.27~2858790.426
박**,48121*********,010-*********,yunseoy****************,8609615.021~8618990.26,세종특별자치*************,1604083.315~1608280.014
이**,71092*********,010-*********,jeongun**************,34692376.047~34701673.532,인천광역*********,8806788.789~8808019.729
강**,55092*********,010-*********,gimjiy***********,53864007.419~53887331.032,세종특별자치*************,3436484.406~3438798.546
신**,74092*********,010-*********,seonyeo****************,88986038.908~89001243.857,경기도 고***********,3972057.195~3977683.152
서**,51012*********,010-*********,munseo************,14965766.018~14990262.579,광주광역********,2162483.037~2164219.859
이**,66080*********,010-*********,yeongsi**************,94912903.259~94927663.781,광주광역********,44314414.958~44337256.048
이**,08022*********,010-*********,gyeongs***************,62136477.61~62180685.455,충청북도 ***********,6019850.528~6023290.222
윤**,82122*********,010-*********,yuneunj****************,53429043.712~53438352.701,충청북도 ***********,17009078.0~17043857.953
박**,76051*********,010-*********,baghay**************,30635804.424~30655967.141,광주광역********,959066.344~960306.062
이**,56072*********,010-*********,bagjih***********,65756941.714~65799622.539,대구광역시*********,19262809.802~19277679.587
김**,95070*********,010-*********,yeonghw****************,56317855.01~56331514.205,대전광역*********,27775137.095~27786190.542
박**,59081*********,010-*********,jeonjeong******************,51664702.406~51697373.353,경기도 *******,23426380.626~23445674.708
손**,09041*********,010-*********,casang***********,78541762.95~78586696.025,울산광역********,1443316.824~1447017.224
김**,53020*********,010-*********,jungs**********,59830692.049~59835064.76,울산광역********,15591485.714~15592866.12
강**,05021*********,010-*********,ni@so***********,87477022.859~87526801.44,부산광역********,1114482.71~1116968.299
안**,00052*********,010-*********,seongh**************,29522619.12~29571289.428,부산광역시**********,13486627.283~13494328.456
전**,91090*********,010-*********,jaehyeo***************,9807904.967~9821289.724,부산광역********,155206.671~156036.136
윤**,78031*********,010-*********,jiyeon**************,67023461.752~67032097.282,경상북도********,7441156.692~7452727.862
박**,12122*********,010-*********,jeongj**************,34446621.204~34456899.635,강원도 *******,5708159.518~5710082.459
박**,79040*********,010-*********,jgim*********,93820663.09~93828201.272,경기도 *******,1654717.762~1657871.675
안**,94103*********,010-*********,xno@********,40552200.955~40563639.545,대전광역********,23866325.082~23869375.207
이**,09012*********,010-*********,hyeonj*************,58670037.076~58684473.008,충청북도 진***********,8507928.222~8516898.676
김**,76032*********,010-*********,jeongh***********,94956880.434~94960130.248,강원도 춘*********,8074429.5~8083124.342
김**,92062*********,010-*********,sugja4************,85094007.06~85118675.408,충청북도 ***********,16842725.71~16857621.61
장**,60052*********,010-*********,gweonsun*****************,92518937.568~92529334.272,경상북도 ***********,9293000.595~9303329.533
양**,08112*********,010-*********,tan@h***********,59059452.84~59065689.504,대구광역시*********,27906128.368~27969181.144
이**,86052*********,010-*********,hyeonjunh*******************,65799622.539~65821242.909,대구광역********,10266207.62~10270651.336
김**,85080*********,010-*********,jihun37***************,43298192.161~43333497.696,제주특별자***********,3362513.26~3363846.179
최**,11071*********,010-*********,uhyeon**************,64362971.044~64386760.947,강원도 원**********,30298549.443~30338887.691
권**,47091*********,010-*********,seohyeon*****************,40529674.02~40552200.955,전라남도 ***********,26857749.886~26909408.63
이**,47120*********,010-*********,ujini@**************,23321478.498~23330277.973,울산광역********,1932378.549~1933233.191
김**,95052*********,010-*********,gangj**********,33109133.566~33117018.131,서울특별시*********,2353678.515~2359090.892
장**,75011*********,010-*********,yeonghyi*****************,68170554.904~68218865.452,부산광역********,10233589.17~10239619.485
최**,97121*********,010-*********,seongji***************,72870466.497~72908565.755,인천광역*********,21886985.046~21910837.125
최**,60051*********,010-*********,yejun89**************,86912711.879~86923454.192,제주특별자치*************,2646692.328~2648749.824
김**,95103*********,010-*********,hyeons************,89069240.65~89092178.898,강원도 원**********,54563852.055~54610420.808
노**,68070*********,010-*********,fbag@*********,93240276.111~93261602.3,충청남도 ***********,28521048.533~28552498.545
김**,85121*********,010-*********,egim********,83339233.457~83387474.832,경상남도 ***********,26383116.928~26397260.898
박**,59042*********,010-*********,yeweon**************,40363299.736~40366540.376,부산광역시 ***********,18529435.96~18542212.589
이**,94072*********,010-*********,ngim@j*************,71292655.555~71303335.998,경상남도 ***********,19300607.343~19315230.731
박**,99040*********,010-*********,junseo*************,82405172.828~82430719.232,경상북도 ***********,3507105.035~3509927.766
김**,55080*********,010-*********,jsong@***********,17522370.877~17554712.817,충청남도 ***********,1666485.347~1668482.685
송**,83013*********,010-*********,coedoh***********,59326469.037~59339355.304,서울특별*********,1206344.75~1208405.878
김**,97041*********,010-*********,ggim*******,30754294.554~30780265.163,경상북도 ***********,8993878.752~8999630.88
박**,61062*********,010-*********,jinu9***********,67710219.656~67727981.373,강원도 삼*********,18671241.615~18678631.705
오**,60070*********,010-*********,kcoe@j*************,45749517.913~45803041.418,광주광역********,20454536.052~20478078.272
황**,63022*********,010-*********,ki@g********,82723847.373~82741251.995,서울특별*********,15748363.718~15753557.397
김**,65050*********,010-*********,gimmigy****************,14803247.439~14813915.79,경상북도 ***********,4480349.919~4481280.324
이**,53052*********,010-*********,bagjaeh***************,95873511.781~95876972.275,부산광역********,32506831.09~32580310.518
김**,69041*********,010-*********,yeongi*************,35783119.502~35799353.246,대구광역시*********,14369799.542~14380980.992
김**,11102*********,010-*********,migyeon**************,67493580.149~67504286.466,충청남도 ***********,12437168.607~12442954.698
전**,02031*********,010-*********,junhogi***************,73518216.573~73536662.786,서울특별*********,26071400.737~26092490.776
서**,61091*********,010-*********,uim@yu************,46515489.315~46534304.998,대전광역*********,2002296.194~2005838.586
최**,08031*********,010-*********,shon*********,49083346.407~49112328.944,경상북도 ***********,19987185.258~19991781.098
박**,82112*********,010-*********,jaehye**************,4350418.234~4361495.232,전라남도 ***********,487651.047~489566.936
이**,77083*********,010-*********,jeongh*************,70504062.216~70524094.581,부산광역시**********,29577239.74~29606068.258
오**,94122*********,010-*********,jinho12**************,59049525.209~59059452.84,전라남도 **********,19637136.254~19641551.223
백**,48061*********,010-*********,ojeongsu****************,23776555.266~23816792.288,부산광역*********,7524441.354~7532280.499
박**,87020*********,010-*********,jangseong*******************,22488472.991~22524304.544,서울특별*********,4742573.506~4744556.063
한**,99083*********,010-*********,gwagyeo***************,24503863.214~24517067.258,울산광역********,9422261.274~9430196.846
장**,77062*********,010-*********,yejiim***********,60847090.288~60857643.852,경기도 *******,37960659.608~37987824.366
고**,53060*********,010-*********,ona******,29388066.932~29409211.736,광주광역*********,10693589.71~10707584.571
박**,46020*********,010-*********,kgwe*********,26617510.649~26645159.026,경기도 김**********,21081712.978~21087682.265
이**,81043*********,010-*********,di@yuh***********,6947504.276~6973158.523,경기도 수**********,1300759.326~1302251.181
이**,75112*********,010-*********,eungyeong*******************,25866438.017~25898074.848,대전광역********,12846206.717~12852100.142
김**,15011*********,010-*********,jieun52***************,38290407.089~38312565.771,전라남도 ***********,5052567.949~5056910.66
김**,05051*********,010-*********,xseo@**********,16691859.145~16700040.09,대구광역*********,2119029.093~2120008.198
강**,87082*********,010-*********,gimminju****************,58204677.626~58209557.238,세종특별자치*************,20628327.268~20645175.037
김**,55062*********,010-*********,seongmi***************,59267358.835~59296985.208,전라북도 ***********,17294164.036~17307524.864
김**,54110*********,010-*********,seonghun******************,8975580.88~8992311.421,서울특별*********,3045403.022~3046997.156
강**,54030*********,010-*********,iseung************,65105880.958~65129914.857,세종특별자치*************,34655069.336~34681455.458
강**,83122*********,010-*********,jia85@**************,69631362.559~69641240.284,서울특별*********,16112810.128~16128435.008
황**,58110*********,010-*********,seongj***********,59707670.394~59717334.673,대전광역********,5960144.214~5961868.0
김**,90120*********,010-*********,yeonghwa****************,85925292.604~85942625.82,세종특별자**********,17056243.86~17075609.28
김**,81012*********,010-*********,mgo******,67101853.465~67118784.822,충청남도 ***********,5524110.259~5526648.858
장**,71081*********,010-*********,jungsu4****************,44250190.278~44311153.966,전라남도 ***********,2872928.216~2878141.739
박**,67020*********,010-*********,qsim*********,41924111.741~41956471.59,경기도 안***********,7460068.33~7463691.634
김**,46102*********,010-*********,ii@gi**********,66935079.855~66938281.502,전라북도 ***********,32820202.513~32897549.421
박**,79043*********,010-*********,lsim*******,64624671.017~64644817.064,세종특별자치*************,27860971.216~27872568.251
김**,97070*********,010-*********,jeongs***********,80851753.286~80896912.744,제주특별자치**************,8327685.281~8330536.365
송**,87010*********,010-*********,mijeongb*****************,15082697.978~15100851.955,인천광역*********,153824.572~155206.671
백**,92111*********,010-*********,minsuse**************,46936541.245~46947131.588,대전광역*********,8044738.988~8053870.139
김**,73052*********,010-*********,namsunj***************,51525583.258~51546543.234,경상북도 ***********,5430608.308~5434498.941
박**,95120*********,010-*********,yeeun7*************,84871818.56~84881363.785,강원도 *******,8720487.689~8728597.745
김**,80101*********,010-*********,oyeon***********,67504286.466~67516377.372,전라북도 ***********,7517318.233~7518250.096
최**,10062*********,010-*********,yi@ju***********,90710276.132~90732523.984,부산광역*********,7974656.489~7982590.893
이**,67022*********,010-*********,bagsum*************,40234873.696~40252579.68,경상북도 ***********,4132716.031~4134526.094
심**,65092*********,010-*********,gimseoyu****************,10740944.216~10783268.309,부산광역*********,573766.027~575639.091
김**,84081*********,010-*********,uu@ju***********,13370390.08~13408597.074,서울특별*********,4800307.4~4803713.968
송**,02120*********,010-*********,ryuseoyu****************,32648550.876~32661998.372,부산광역*********,688342.752~689746.086
홍**,54020*********,010-*********,omun@g************,31321341.348~31323713.541,대전광역********,2721189.838~2725907.473
김**,99111*********,010-*********,bagje***********,19031000.566~19042185.426,세종특별자치*************,2807686.971~2812015.398
이**,67070*********,010-*********,jangmig**************,29819677.674~29826564.689,경기도 성**********,6448997.3~6457017.392
이**,81050*********,010-*********,sanghu**************,97971734.19~97983092.878,경상남도 ***********,25776646.205~25783497.536
박**,83011*********,010-*********,gimyeo*************,69117293.323~69121221.259,제주특별자***********,41550943.136~41594343.505
박**,58020*********,010-*********,iyeji@**************,24986793.094~25054109.736,충청남도 ***********,5020591.588~5022007.779
김**,65101*********,010-*********,hwangs**************,87848252.932~87887776.104,경상남도 ***********,15522577.668~15529829.198
박**,45102*********,010-*********,yseong***********,58048529.984~58065996.286,전라남도 ***********,24122240.226~24142119.104
최**,63091*********,010-*********,zbag@**********,54979728.268~54986311.259,울산광역********,1878648.445~1881533.702
박**,78080*********,010-*********,donghy**************,6724619.754~6732007.238,대구광역********,775773.616~776964.925
김**,83041*********,010-*********,zbae********,11827171.8~11830924.847,강원도 철**********,599819.785~600174.657
이**,96121*********,010-*********,eunjui@**************,69659909.508~69703443.912,세종특별자치*************,15609821.906~15611791.512
김**,73082*********,010-*********,jihye6************,93581149.648~93595508.039,충청북도 ***********,11393244.869~11399868.964
서**,98082*********,010-*********,sanghyeo******************,41724151.4~41739544.307,대전광역********,8270916.983~8278535.896
서**,95083*********,010-*********,dan@ju************,80567458.066~80584291.808,전라남도 ***********,12925893.023~12932987.125
박**,47111*********,010-*********,sanghu**************,35107241.412~35136328.116,경상남도 ***********,14902378.92~14909008.536
문**,54091*********,010-*********,ggim@j*************,57592521.646~57617745.152,경상남도 ***********,13956878.363~13962913.546
최**,49042*********,010-*********,hanji***********,80376159.227~80406110.868,대전광역*******,3631945.818~3634225.642
문**,71030*********,010-*********,yeweon6***************,25969077.576~25992506.832,대전광역********,3026548.114~3032379.001
황**,69100*********,010-*********,yeongho6****************,43288336.964~43298192.161,세종특별자**********,1221657.038~1228411.979
홍**,59103*********,010-*********,yeongja****************,39239230.5~39251808.761,대구광역*********,24997316.563~25015089.332
김**,03031*********,010-*********,jihun*********,90455992.282~90506078.363,경기도 가**********,18911843.86~18920954.451
박**,75061*********,010-*********,subin**********,94949634.599~94956880.434,전라북도 ***********,9713550.499~9720002.517
김**,00052*********,010-*********,sgim@s************,59296985.208~59326469.037,서울특별*********,22192728.694~22252325.602
이**,60122*********,010-*********,jihunsi****************,12872142.628~12883139.744,세종특별자치*************,1923081.497~1924885.636
배**,66062*********,010-*********,jaehoy*************,43966504.874~43991808.622,대전광역********,9713550.499~9720002.517
이**,86100*********,010-*********,jsim@j*************,6166190.635~6171354.828,울산광역********,251593.708~252343.373
박**,60012*********,010-*********,vgim*******,24986793.094~25054109.736,경기도 성**********,737949.382~738886.413
김**,89021*********,010-*********,seungm************,70434484.972~70438639.591,충청남도 천**************,7920319.012~7927122.17
김**,63112*********,010-*********,yundo**********,22524304.544~22551990.656,전라북도 ***********,3231480.066~3233035.727
김**,92122*********,010-*********,gimjeo************,17096699.772~17112341.937,충청남도 ***********,401071.981~404806.251
이**,14031*********,010-*********,ki@coe***********,96890827.216~96930410.037,경상남도 ***********,19711564.066~19737256.48
서**,59052*********,010-*********,yeongila****************,54224450.374~54253801.576,부산광역********,17981535.429~17993761.483
이**,50011*********,010-*********,jeonghy***************,89701918.191~89710121.42,제주특별자치**************,3718039.205~3721146.314
김**,60011*********,010-*********,jeongsug*****************,71602547.55~71618956.444,전라북도 ***********,26397260.898~26412326.881
심**,63110*********,010-*********,hayun35**************,37405165.979~37477168.553,서울특별*********,2806190.95~2807686.971
박**,69122*********,010-*********,rcoe@j*************,28650828.27~28677702.776,세종특별자치**************,1374541.379~1375197.25
이**,81050*********,010-*********,yeongceol******************,33930266.342~33946369.41,부산광역*********,4438226.69~4440190.564
권**,11110*********,010-*********,yeonghy****************,98208726.091~98233326.032,대전광역*********,9327251.821~9339668.74
안**,65070*********,010-*********,bagjeon****************,33610352.08~33627241.944,전라남도 **********,14633755.6~14640717.055
김**,59101*********,010-*********,jihyeonh*****************,84915686.63~84940684.522,충청북도 ***********,22299058.704~22308498.48
송**,14070*********,010-*********,seongj************,59088878.45~59114560.13,경기도 양**********,13290378.291~13297289.096
김**,76050*********,010-*********,junseo6****************,89889736.984~89910826.084,충청북도 청**************,22348035.836~22368545.345
이**,51062*********,010-*********,mim@********,4834790.451~4849349.626,경상남도 ***********,1297364.529~1300759.326
이**,76102*********,010-*********,yunjae*************,44847146.666~44849233.852,충청남도 ***********,11509061.72~11511522.032
서**,00102*********,010-*********,junyeon****************,25054109.736~25060824.318,경상북도 ***********,1578816.342~1580547.914
조**,04122*********,010-*********,gimbora***************,76091523.717~76110685.456,대구광역*********,25531880.577~25534844.598
박**,06112*********,010-*********,rgim@**********,52506215.46~52510315.815,전라북도 전************,2930706.732~2934333.877
김**,59112*********,010-*********,hgim@***********,68609528.71~68632613.342,대전광역********,18578261.542~18591193.862
이**,69121*********,010-*********,eunseo8***************,35605213.199~35610724.2,강원도 평**********,6498748.298~6502056.239
황**,92030*********,010-*********,junhos************,19044460.861~19055940.962,서울특별*********,1593962.017~1596413.758
차**,05122*********,010-*********,jihun81***************,15277506.494~15299271.275,전라남도 ***********,974111.15~978853.624
김**,56102*********,010-*********,eunseo0**************,69269491.498~69283910.124,전라북도 ***********,25640353.962~25655886.87
이**,01052*********,010-*********,jeongung*****************,26128557.875~26145041.862,대전광역*******,4936854.1~4940223.822
김**,95021*********,010-*********,myeongsu******************,21348962.752~21364452.746,제주특별자***********,5541748.977~5545036.356
김**,47082*********,010-*********,jinh*********,67118784.822~67142366.246,경상남도 ***********,19799613.389~19805173.256
김**,93120*********,010-*********,kbag@*********,6636371.775~6662808.904,충청남도 ***********,1428663.397~1430175.628
장**,64022*********,010-*********,jihye18**************,8490163.333~8496780.726,광주광역********,893741.324~894672.536
김**,64051*********,010-*********,bi@j*********,56285419.262~56287724.716,대전광역*******,21877948.491~21886985.046
김**,47110*********,010-*********,juns*********,2614078.936~2627004.036,경상북도 **********,293181.785~294440.624
김**,57013*********,010-*********,jeongung*****************,55765014.247~55786949.48,제주특별자치**************,17138439.787~17150029.286
이**,65032*********,010-*********,gimjae************,33458693.279~33470003.917,대구광역********,5454662.911~5463120.06
엄**,45083*********,010-*********,jeongn*************,85566596.575~85578811.2,경상남도 ***********,7224456.064~7231025.096
김**,96021*********,010-*********,gyeongsu******************,2980290.812~2994747.421,광주광역********,1208405.878~1210761.522
한**,07121*********,010-*********,myeongja*****************,67840572.449~67877311.002,경상남도 ***********,43519148.285~43541255.242
박**,92012*********,010-*********,yeongho**************,73140764.744~73159766.716,전라북도 ***********,4262079.585~4265648.57
윤**,59040*********,010-*********,zi@*******,85759799.019~85771985.96,울산광역********,3088709.951~3090137.3
정**,51050*********,010-*********,yunseob**************,63247717.408~63292589.845,경상북도 ***********,10618522.576~10627926.511
한**,79122*********,010-*********,gno@b*********,84017238.766~84046650.449,강원도 *******,19780161.015~19795694.938
박**,47072*********,010-*********,yeong***********,56557010.876~56564704.879,경상남도 ***********,12218535.722~12225228.844
한**,53040*********,010-*********,seongho**************,59088878.45~59114560.13,충청남도 ***********,20276119.336~20294553.393
엄**,65090*********,010-*********,yeweo**********,40841984.59~40844873.423,충청남도 천**************,17620684.48~17627487.837
양**,72032*********,010-*********,hayunba***************,8502565.356~8506016.92,경상북도********,4046676.178~4051362.872
한**,80041*********,010-*********,eunju*********,92216452.15~92233274.537,경상북도 ***********,28253105.341~28268822.566
김**,59112*********,010-*********,ecoe@*********,60354157.642~60369239.16,경상남도 ***********,18748952.614~18782229.991
강**,03022*********,010-*********,lgim@b***********,8102776.0~8108712.754,충청북도 청**************,4615371.658~4619368.683
박**,60090*********,010-*********,hyeonje***************,35737978.89~35757352.047,서울특별*********,15275395.326~15295622.691
하**,77052*********,010-*********,anhyeonj******************,65178848.667~65186125.798,부산광역시*********,510259.986~511345.014
이**,58052*********,010-*********,yeeun6*************,36020182.683~36084615.819,울산광역시 ***********,3168607.119~3170624.948
서**,08112*********,010-*********,seoyeo**************,99252947.034~99272346.118,대구광역********,3941779.466~3946357.327
김**,82101*********,010-*********,bagjiwe**************,53731813.318~53737298.755,세종특별자치*************,8666100.002~8679850.12
김**,79091*********,010-*********,bagyeo**************,50012136.693~50041922.302,전라북도 ***********,10149682.777~10152682.202
이**,10061*********,010-*********,jojiye*************,16113706.819~16162069.152,경상북도 ***********,4959862.732~4962278.16
최**,00122*********,010-*********,eungyeo***************,95935092.792~95946968.83,강원도*******,36058932.488~36064366.029
강**,46091*********,010-*********,di@******,63341759.428~63349327.807,경기도 안**********,33519950.961~33567727.404
이**,83012*********,010-*********,bagjae************,7185872.718~7196921.61,인천광역시 ***********,3639086.342~3643498.523
류**,71011*********,010-*********,yeong*********,84476800.992~84497699.061,울산광역********,25095953.541~25116825.865
최**,83050*********,010-*********,dgo@ju***********,89645971.776~89661443.454,광주광역********,19408419.855~19417548.0
윤**,77031*********,010-*********,hayeongs*****************,54308589.989~54332625.768,대구광역시 ***********,23074481.904~23089799.481
김**,07082*********,010-*********,gimseong*****************,5971335.386~5985440.784,전라남도 ***********,146906.08~147287.611
김**,10062*********,010-*********,jeongsug*****************,13742353.897~13759326.09,대구광역********,5864281.789~5867174.849
권**,56040*********,010-*********,jeonghun*****************,6086082.84~6087624.266,광주광역********,2966264.25~2966992.843
최**,52110*********,010-*********,yeongm*************,2218684.973~2220563.944,충청북도 ***********,366758.968~368121.132
송**,67032*********,010-*********,boramca***************,77154560.736~77167894.533,인천광역시*********,8066019.481~8074429.5
박**,09110*********,010-*********,gbag*******,36824680.496~36835101.224,인천광역********,1853756.29~1858024.295
이**,82030*********,010-*********,myeongs****************,72974955.744~72988458.057,세종특별자치*************,10750351.15~10753388.637
김**,89100*********,010-*********,jeongja****************,10216683.67~10241710.899,전라북도 ***********,3174821.38~3175190.252
임**,45031*********,010-*********,tgim*******,23275675.682~23283341.05,경상남도 ***********,14491416.071~14500353.869
이**,11012*********,010-*********,jiweo*********,89762423.374~89775732.648,세종특별자치*************,26383116.928~26397260.898
최**,55122*********,010-*********,wsong@***********,46659933.103~46677011.992,대전광역*********,10286750.778~10289473.812
전**,91080*********,010-*********,iminj*********,17932034.508~17947316.666,경상남도 ***********,171889.08~176393.002
권**,66070*********,010-*********,gsin@**********,12812255.985~12829684.278,부산광역*********,3739657.096~3740582.49
김**,87100*********,010-*********,baggeon***************,44557804.608~44580695.204,부산광역********,32139239.825~32199225.403
박**,74080*********,010-*********,jeonghyi****************,67900090.373~67923513.496,인천광역*********,11908997.356~11914577.602
박**,50061*********,010-*********,jihuni************,77535650.44~77556896.634,대전광역********,13589850.403~13595855.669
이**,73062*********,010-*********,suminn************,87304294.299~87347512.855,대구광역********,8189724.224~8198024.061
이**,10010*********,010-*********,gangdohy*****************,57670056.781~57694412.812,충청남도 당***********,21209954.635~21227788.845
김**,83081*********,010-*********,cajieu**************,8290773.545~8306755.346,전라남도 *********,1924885.636~1927739.849
최**,96032*********,010-*********,bgim*********,79858922.997~79875427.685,전라남도 ***********,13547385.12~13567736.81
이**,69010*********,010-*********,cunja15***************,79423637.26~79434924.299,전라북도 전***********,46553459.085~46596417.443
김**,81022*********,010-*********,fhan@**********,6376430.359~6400336.236,서울특별*********,816831.159~820394.113
박**,84033*********,010-*********,seong*********,13759326.09~13781706.625,경상북도 ***********,4440190.564~4444164.187
양**,11092*********,010-*********,hwange**************,22904763.624~22918941.76,광주광역********,179820.506~182557.363
김**,86090*********,010-*********,jhwan***********,42114371.195~42144382.507,강원도 화**********,3245706.486~3247183.795
강**,86042*********,010-*********,sangh***********,52688364.528~52717942.622,경기도 *******,3995004.194~3996195.671
한**,93020*********,010-*********,ijun*********,37969783.26~37971307.538,울산광역********,4099967.44~4103696.602
이**,87062*********,010-*********,bagyeong*****************,58322132.634~58351873.675,충청북도 청**************,20394935.06~20405133.699
구**,59031*********,010-*********,gweony*************,38114299.602~38119532.043,광주광역*********,20198660.502~20230132.466
강**,54030*********,010-*********,ihyeo***********,98527264.153~98581679.528,충청북도 청**************,31669366.39~31710410.708
오**,80111*********,010-*********,gwangsu4****************,31888820.067~31898691.52,인천광역*********,3581810.831~3588036.522
구**,47070*********,010-*********,namseo**************,74238555.945~74265882.293,충청남도 ***********,23825872.44~23835666.309
김**,03021*********,010-*********,jeongh**************,21178123.686~21182987.031,서울특별*********,5430608.308~5434498.941
박**,77042*********,010-*********,jeonghyi******************,67474853.714~67481703.856,인천광역*********,7031123.684~7036415.492
김**,91040*********,010-*********,fhwang*************,13742353.897~13759326.09,서울특별시*********,5961868.0~5964332.24
김**,49061*********,010-*********,yujin**********,76531095.183~76560645.915,충청북도 ***********,21479212.614~21498315.69
김**,50062*********,010-*********,jieun93***************,92529334.272~92557989.557,울산광역********,16379341.447~16385563.701
이**,73090*********,010-*********,gwagyuns****************,86183098.195~86190907.746,인천광역시 ***********,4461319.229~4464103.708
차**,67112*********,010-*********,ho@jus***********,36421964.09~36444204.303,제주특별자***********,2337804.403~2338981.547
전**,08082*********,010-*********,gweonm************,37901014.971~37918100.302,강원도 고**********,18244120.364~18257133.374
박**,13041*********,010-*********,ugang@*************,64913577.444~64921013.222,부산광역*********,9741484.056~9742589.136
김**,94051*********,010-*********,seongho8****************,94873100.874~94878849.224,강원도 고**********,16560236.685~16582766.758
김**,72060*********,010-*********,ijunyeo****************,22693446.203~22722454.245,경상남도 ***********,666665.667~667316.014
이**,60112*********,010-*********,jeongh**************,8083908.51~8102776.0,전라남도 ***********,2272063.052~2272442.664
박**,14041*********,010-*********,eungye**************,41615658.304~41633178.659,강원도 *******,247426.13~247681.554
박**,74081*********,010-*********,yeweong****************,7919012.574~7932925.72,충청북도 **********,1073769.636~1074694.443
권**,97111*********,010-*********,gimjunhy****************,7009548.361~7047098.103,전라북도 ***********,3623565.036~3627371.034
윤**,87050*********,010-*********,scoe@j*************,18726574.404~18728178.969,대전광역********,3237483.478~3239629.158
김**,52092*********,010-*********,mi@mi**********,18222893.091~18233871.536,대전광역*********,318477.848~319370.809
이**,47121*********,010-*********,xgan********,96440691.828~96458536.339,제주특별자***********,4551622.001~4554105.95
김**,56071*********,010-*********,gwangsuj*****************,6251970.859~6265958.855,울산광역********,1873011.03~1878648.445
김**,55092*********,010-*********,mijeo***********,37556154.164~37591784.682,울산광역********,2507184.964~2508755.561
이**,61111*********,010-*********,cheo@**********,88547027.732~88572437.744,충청남도 천**************,23775347.229~23782491.315
이**,66010*********,010-*********,kbae@i***********,14229547.04~14236205.064,대전광역********,1497210.422~1497820.93
김**,67031*********,010-*********,sumin7**************,80437067.07~80459506.79,경상북도 ***********,17172242.576~17188364.547
박**,69071*********,010-*********,subin1**************,51789954.469~51836342.443,전라남도 **********,1411774.517~1413387.977
강**,53022*********,010-*********,seongji***************,31209664.809~31222128.631,대구광역시*********,13763172.958~13772674.638
김**,55062*********,010-*********,jinho***********,30245142.787~30273094.693,충청북도 ***********,390989.844~392356.321
이**,48061*********,010-*********,hyeonj**************,68912194.725~68918182.487,충청북도 ***********,6785423.818~6793909.413
최**,57011*********,010-*********,jang*********,22828409.686~22833605.471,세종특별자치*************,875661.962~878134.71
하**,51100*********,010-*********,hanjunhy*****************,59433330.096~59454360.011,세종특별자치*************,4551622.001~4554105.95
김**,81070*********,010-*********,qbag@j*************,77264555.638~77275897.914,세종특별자치*************,40553983.246~40719616.577
서**,83063*********,010-*********,ijeongh***************,38728332.527~38746117.752,세종특별자치*************,4011034.155~4012619.023
김**,09092*********,010-*********,junyeon***************,36337053.978~36347432.735,전라남도 ***********,1639073.698~1641523.452
하**,81032*********,010-*********,suji*********,3207782.35~3227420.158,대전광역********,563822.614~565155.638
김**,79053*********,010-*********,misuggi****************,85709611.794~85714108.828,서울특별*********,11739258.802~11747794.377
한**,06122*********,010-*********,igim@***********,12158990.923~12213393.318,울산광역시 ***********,2452070.695~2457788.213
조**,58040*********,010-*********,ni@*****,84105071.67~84153183.974,울산광역********,26700804.477~26713833.184
이**,62080*********,010-*********,jeongh***********,79670547.806~79708175.744,인천광역시*********,12771025.945~12776180.753
김**,98030*********,010-*********,sugja08***************,74232214.277~74238555.945,경기도 안**********,21168088.846~21174234.25
박**,47122*********,010-*********,yson@h************,70085174.709~70093799.118,광주광역********,35154661.363~35177185.052
허**,46022*********,010-*********,hyeonj***********,84067735.937~84096662.545,제주특별자***********,8852484.284~8856675.454
이**,70082*********,010-*********,wmun@y************,74047055.387~74055011.534,광주광역*********,18542212.589~18555372.578
류**,74021*********,010-*********,iogja@*************,56952943.796~56972712.988,부산광역*********,12113797.176~12117338.903
한**,49070*********,010-*********,munogja***************,30569777.458~30601673.156,전라북도********,7338378.384~7341747.971
김**,65012*********,010-*********,eunseo7****************,14890501.018~14902415.737,경기도 *******,1097912.284~1099466.115
최**,70031*********,010-*********,seungh************,12842893.703~12872142.628,인천광역시*********,4167385.678~4171584.667
김**,09050*********,010-*********,isanghu***************,64155256.883~64167633.653,제주특별자치*************,7584313.702~7589541.989
김**,58060*********,010-*********,jihun***********,93052548.992~93060348.603,광주광역시*********,13153396.37~13156531.611
이**,71072*********,010-*********,byeongc****************,7447360.692~7453410.44,광주광역*********,1662567.764~1666485.347
이**,74020*********,010-*********,areu*********,36132836.747~36143568.674,전라북도 ***********,9783637.154~9786278.774
김**,06052*********,010-*********,yeonghwa******************,24574993.535~24587305.27,충청남도 ***********,878134.71~881892.851
황**,67012*********,010-*********,sanghye****************,23188720.379~23275675.682,전라남도 ***********,5389448.326~5395992.914
박**,78072*********,010-*********,fbag@g************,91724383.005~91746890.876,강원도 철**********,6121510.28~6122229.837
박**,97122*********,010-*********,yeweon*************,71518828.123~71539277.05,인천광역*********,14467078.347~14476618.8
문**,88053*********,010-*********,myeongs****************,46936541.245~46947131.588,광주광역********,5950972.297~5953822.98
이**,91081*********,010-*********,yeongj************,63011352.054~63028601.501,충청북도 청**************,26412326.881~26433651.18
손**,74092*********,010-*********,jeongsun*****************,73623893.706~73635494.25,강원도 춘*********,14176494.036~14182836.631
김**,78072*********,010-*********,tyun*******,71068223.059~71075147.772,대구광역********,7948248.731~7956561.261
차**,57050*********,010-*********,hyeonsug****************,32442411.976~32451039.416,경기도 김**********,516854.402~517561.061
송**,08032*********,010-*********,si@******,73913347.308~73928756.658,경상남도 ***********,26996498.754~27029789.731
김**,51041*********,010-*********,jangsu**************,88153692.073~88216541.614,제주특별자치************,1344634.79~1346868.552
이**,89071*********,010-*********,ngim@j************,63568785.047~63588827.366,제주특별자치**************,43638771.694~43657256.152
류**,69030*********,010-*********,jangsu************,70850912.236~70910666.27,전라남도 ***********,20719507.46~20757012.209
이**,00030*********,010-*********,seosunj**************,13911844.962~13928983.256,전라북도 ***********,455648.587~456195.565
김**,09091*********,010-*********,hanjiye****************,78428749.699~78436674.007,대전광역*********,7210507.818~7215727.662
권**,82031*********,010-*********,si@*****,78049338.454~78080059.479,경기도 성**********,6750106.88~6753429.738
이**,46112*********,010-*********,gimyeo***********,48758905.382~48775623.09,제주특별자치*************,13216150.43~13234605.668
이**,63100*********,010-*********,gyeongsu****************,29008276.215~29038011.806,울산광역********,1896451.17~1898867.975
하**,04061*********,010-*********,seongsug****************,89151975.715~89170422.55,제주특별자***********,22428410.84~22489950.102
박**,05041*********,010-*********,anmin***********,40934962.712~40945881.78,경기도 *******,2535243.976~2535902.227
김**,86020*********,010-*********,ci@jeo***********,43991808.622~44021523.363,광주광역*********,13925266.554~13956878.363
윤**,84051*********,010-*********,gimjeon****************,7380508.048~7403901.412,경상북도 **********,1253209.492~1254696.105
양**,66030*********,010-*********,hayun*********,55475331.176~55508995.569,경상북도 ***********,35461770.457~35536640.426
김**,09101*********,010-*********,ijunho@**************,89151975.715~89170422.55,세종특별자치*************,1583993.122~1587144.36
이**,99110*********,010-*********,hwangc***********,57716280.933~57726720.816,인천광역시 ***********,37287946.485~37372809.65
김**,46040*********,010-*********,jeongna****************,71746750.744~71772770.719,충청남도 ***********,25116825.865~25145911.393
장**,84040*********,010-*********,misug2***********,94850090.769~94868903.329,전라남도 ***********,6026855.25~6030587.565
오**,90021*********,010-*********,gimye***********,18222893.091~18233871.536,서울특별*********,3747838.189~3750245.926
임**,97060*********,010-*********,ui@yu***********,57249819.296~57258360.802,광주광역********,2115086.135~2117761.803
김**,46060*********,010-*********,gimsiu*************,4935999.321~4961378.314,인천광역*********,1703252.854~1704038.39
이**,52021*********,010-*********,gimsuj**************,43147776.832~43176163.043,경상북도 ***********,2709942.663~2710487.147
손**,44082*********,010-*********,imyeon***********,58158695.944~58176031.226,부산광역*********,7103961.057~7112830.567
김**,65010*********,010-*********,gimmisu**************,7510197.892~7519856.914,대전광역********,3442245.441~3443096.988
서**,71122*********,010-*********,fyang@**************,98268717.808~98287690.706,전라북도 ***********,61651699.478~61833140.916
이**,05050*********,010-*********,gbae********,55765014.247~55786949.48,인천광역*********,20364534.385~20374606.482
김**,79031*********,010-*********,gimyeji****************,95946968.83~95955523.378,전라북도 ***********,3921745.335~3926251.164
이**,91031*********,010-*********,jongs**********,52881503.4~52891261.48,강원도 삼**********,6268394.618~6271472.063
황**,84110*********,010-*********,cgwe*********,95470990.703~95498714.909,경상북도 ***********,12776180.753~12780578.421
윤**,92081*********,010-*********,igim@j************,98350535.373~98374864.085,세종특별자치*************,8135916.582~8137970.241
문**,86120*********,010-*********,zi@******,69237694.47~69269491.498,제주특별자치*************,13290378.291~13297289.096
김**,68081*********,010-*********,hyejing***************,94672283.274~94678529.27,인천광역*********,28219339.595~28247905.786
주**,03101*********,010-*********,areu*********,56191659.169~56221947.018,대전광역********,22829492.656~22831549.12
박**,93030*********,010-*********,sunog76***************,90363645.669~90386529.398,대구광역*******,28466220.532~28473516.286
이**,81102*********,010-*********,bbag@*********,78466860.584~78487994.481,경상북도 **********,17480011.412~17496038.536
박**,80053*********,010-*********,omigyeo****************,48656110.732~48661801.934,인천광역*********,18425624.825~18429631.595
박**,78020*********,010-*********,ybag*********,13656190.699~13662322.572,서울특별시*********,2076776.661~2077221.258
고**,75011*********,010-*********,imgyeo************,83089138.734~83109549.072,대전광역*********,34461915.946~34479780.768
백**,03122*********,010-*********,gimbyeong********************,11922183.105~11938828.149,전라북도 ***********,2798414.635~2799987.934
장**,45061*********,010-*********,jiyeonj***************,41864126.408~41884904.565,전라남도 ***********,11235484.351~11246244.91
조**,63071*********,010-*********,yeongsi**************,55728243.437~55765014.247,서울특별*********,42782313.274~42820589.365
김**,91021*********,010-*********,ihyeonj****************,42715052.994~42721796.163,세종특별자치*************,5082555.355~5086964.785
장**,96040*********,010-*********,seoyeo**************,13496015.515~13504056.91,서울특별*********,597170.686~599819.785
박**,76102*********,010-*********,yeongce***************,66609240.683~66637088.197,경상남도 창*************,16359715.059~16379341.447
백**,72090*********,010-*********,ujing***********,7115086.792~7155320.237,경기도 양**********,435384.605~437050.498
엄**,63071*********,010-*********,sanghyeon******************,93142839.57~93174392.758,대구광역시 ***********,30754962.144~30774959.085
이**,03112*********,010-*********,ii@s*******,43191002.442~43204351.702,세종특별자치**************,7846667.666~7850360.854
김**,13083*********,010-*********,gimyeweo****************,7573344.89~7578338.111,경기도 연**********,4729005.69~4731632.005
황**,72080*********,010-*********,jryu*******,58498101.436~58509811.52,경기도 *******,15567278.213~15583022.905
김**,47090*********,010-*********,gimjeo**************,61220378.63~61229778.1,강원도 영*********,8260172.058~8270916.983
박**,01072*********,010-*********,gyeong*************,67610586.98~67652276.817,대전광역********,5420392.332~5427192.857
김**,02020*********,010-*********,tseong@**************,32623708.268~32648550.876,전라북도 ***********,10633033.003~10635636.162
박**,55061*********,010-*********,gimjeo***********,3949488.637~3954992.776,충청남도 ***********,1173182.736~1174333.164
최**,70031*********,010-*********,di@*******,55654538.774~55660608.821,부산광역시*********,324825.558~325076.429
장**,60071*********,010-*********,yeji1**********,68650829.627~68665862.15,광주광역*******,10594626.504~10597871.367
장**,64052*********,010-*********,rgan********,99449221.103~99459934.899,충청북도 ***********,18920954.451~18959582.336
김**,07011*********,010-*********,seonghyeo*******************,80284807.033~80290440.335,경상북도 ***********,23400902.411~23415778.551
김**,07071*********,010-*********,yeongsu5****************,12081825.132~12092684.028,대전광역********,2987342.525~2989002.383
조**,07052*********,010-*********,jeongh***********,2596627.38~2614078.936,전라북도 ***********,1657871.675~1660494.146
노**,64101*********,010-*********,seungm**************,44021523.363~44034362.737,세종특별자**********,5120045.274~5124293.298
장**,44013*********,010-*********,tgi*******,20571355.685~20587510.854,부산광역*********,6048023.672~6052737.828
박**,12122*********,010-*********,ryuseoyu****************,70046749.106~70063046.897,세종특별자치*************,4659752.252~4664121.738
박**,65030*********,010-*********,gimyeo************,32028323.27~32050258.904,전라남도 ***********,12510619.398~12520711.602
김**,71060*********,010-*********,bagjiu**************,82462058.159~82487261.313,서울특별시*********,12437168.607~12442954.698
심**,55121*********,010-*********,minseog**************,83048129.477~83071942.411,충청북도 청**************,42970169.818~43081038.912
윤**,70092*********,010-*********,ogsu*********,34324708.682~34360416.501,경기도 성**********,9545389.595~9551244.515
김**,07012*********,010-*********,isunog***********,59615944.944~59637712.692,서울특별시**********,1022389.951~1024313.98
오**,11022*********,010-*********,coeseong*****************,6741476.033~6768481.436,서울특별시**********,1302938.971~1303872.01
송**,49080*********,010-*********,pgim@g*************,51044456.448~51054991.215,대구광역********,5587591.196~5590905.889
김**,68051*********,010-*********,gyeong*************,22815580.424~22828409.686,경상남도 ***********,4205307.345~4208852.529
김**,12080*********,010-*********,yeongsug*****************,3620145.472~3635877.906,대구광역시*********,499703.601~500564.633
전**,02022*********,010-*********,junseoi****************,41580913.758~41590048.4,대전광역********,5463120.06~5466361.696
이**,56070*********,010-*********,yeongs*************,64400609.472~64421862.066,울산광역********,32199225.403~32250708.875
김**,05112*********,010-*********,bagar*********,60782983.883~60817532.195,충청북도 ***********,12974365.779~12983653.55
김**,52080*********,010-*********,iminji************,18259078.478~18268648.362,대전광역********,3631945.818~3634225.642
김**,47071*********,010-*********,jeongja0****************,24198832.741~24216433.833,대구광역********,5782874.305~5785377.354
안**,84011*********,010-*********,fgweon***********,47130055.054~47141804.693,부산광역시*********,4591465.954~4594374.82
황**,64042*********,010-*********,cayew*********,93209422.502~93213584.406,광주광역********,52309144.03~52418982.284
이**,47100*********,010-*********,pgim@*********,64167633.653~64190901.008,충청남도 ***********,17442693.25~17456665.785
김**,92120*********,010-*********,fgwe*********,51399679.417~51405608.692,충청남도 천**************,2984766.474~2985872.796
김**,66021*********,010-*********,ygang@***********,78920162.326~78934769.551,울산광역*******,34393935.603~34444323.656
김**,54052*********,010-*********,yangj***********,7155320.237~7185872.718,강원도 화**********,5040805.054~5043019.887
박**,10080*********,010-*********,sunj*********,83339233.457~83387474.832,경상북도 ***********,29410056.718~29432928.605
박**,61020*********,010-*********,jiweon0***************,46792319.898~46819429.711,대구광역*********,25436247.771~25464823.284
김**,95121*********,010-*********,yeweo***********,45355979.994~45372595.56,충청북도 ***********,9892690.666~9899022.431
김**,55041*********,010-*********,ijaeho************,36451722.802~36462221.448,강원도 양*********,2491077.297~2493544.886
권**,65061*********,010-*********,zgim@*********,59827655.424~59830692.049,충청남도 계***********,6665910.978~6670276.234
한**,68102*********,010-*********,doyun2*************,78187941.847~78214371.55,충청북도 ***********,13010683.329~13011221.5
박**,77121*********,010-*********,hayun*********,99563033.718~99600827.915,제주특별자***********,15356385.246~15362186.046
박**,03111*********,010-*********,yeji*********,91197097.285~91225930.855,경기도 *******,47601530.996~47667292.148
차**,02011*********,010-*********,yeongsug******************,86379044.158~86389343.34,충청북도 ***********,378193.973~378331.181
박**,10042*********,010-*********,ri@jus***********,85275609.366~85312695.012,인천광역*********,38421240.728~38479692.774
홍**,74101*********,010-*********,sujin*********,13117915.515~13152546.274,제주특별자치*************,6106940.451~6110428.019
박**,73061*********,010-*********,rgim@y************,38830116.198~38862466.151,광주광역********,13980514.235~13986795.488
김**,60112*********,010-*********,yangeuns****************,2953580.336~2980290.812,경기도 안**********,416214.703~417158.259
박**,55010*********,010-*********,bagye***********,73658565.973~73678082.141,경상남도 ***********,8053870.139~8056273.725
강**,78120*********,010-*********,hbae@*********,73997133.38~74005540.388,강원도 *******,23565181.479~23580478.832
이**,84080*********,010-*********,fbag*******,4985826.624~4989685.794,강원도 고**********,331735.354~333555.034
박**,49072*********,010-*********,geonu63****************,16323535.386~16336176.978,울산광역시 ***********,5196359.649~5205208.268
김**,73110*********,010-*********,eryu*******,18003115.476~18097567.364,울산광역********,2331046.274~2336366.405
김**,13041*********,010-*********,gimyeeu****************,52483434.106~52496519.73,충청북도 단***********,12390930.164~12399759.72
이**,68050*********,010-*********,yeong***********,30219964.94~30245142.787,울산광역********,19043750.704~19069757.788
박**,59052*********,010-*********,yeongsu**************,88389309.432~88397954.966,강원도 정**********,13480931.199~13486627.283
김**,02090*********,010-*********,sgim********,98946701.692~98987944.06,인천광역*********,21620001.589~21644998.976
김**,66102*********,010-*********,cgim@j*************,96793330.023~96838560.175,충청남도 천**************,52786984.026~52865747.37
차**,01111*********,010-*********,imisug@**************,53761073.435~53787433.933,충청북도 ***********,12376813.889~12386149.366
오**,55030*********,010-*********,lsin*******,29409211.736~29429976.294,경상남도 ***********,17113468.48~17124553.351
송**,71070*********,010-*********,gimseong******************,38541231.625~38559314.628,경상북도 ***********,621328.435~623254.456
구**,81032*********,010-*********,gyeongj***************,5163283.284~5181053.792,경기도 *******,2897344.629~2900447.041
최**,65030*********,010-*********,ci@yuh***********,8726529.564~8756050.075,경기도 안***********,5881088.445~5883276.88
박**,89072*********,010-*********,yeongsig*****************,6842975.888~6845770.27,전라남도 ***********,203394.752~204921.453
장**,89071*********,010-*********,gyeongs****************,66372186.07~66389714.593,인천광역시 ***********,1397411.921~1398682.79
윤**,09103*********,010-*********,yeji57**************,20786509.839~20795637.785,전라북도 ***********,4014440.53~4015041.272
심**,03031*********,010-*********,yejun18***************,36988160.224~37003943.765,전라북도 ***********,2143518.203~2144209.79
백**,65052*********,010-*********,gimsangh*****************,91943019.347~91987632.384,광주광역********,7062165.574~7067762.452
김**,88101*********,010-*********,jeongs**************,41571490.754~41580913.758,대구광역********,1717437.468~1719615.908
강**,99052*********,010-*********,iminseo***************,58955372.19~58973658.567,충청남도 ***********,28747898.378~28755394.097
이**,46091*********,010-*********,ogsun***********,87590956.148~87609144.063,부산광역*********,17568368.905~17578132.798
한**,73022*********,010-*********,jongsu*************,13083326.262~13117915.515,강원도 고**********,2104160.384~2107142.571
손**,68061*********,010-*********,bageungye******************,3566066.7~3573721.57,충청남도 ***********,1150352.72~1152354.438
김**,85040*********,010-*********,gyeon***********,18097567.364~18124061.152,대전광역*********,2310763.402~2313107.654
구**,87010*********,010-*********,yeong***********,30966119.313~31010009.702,충청북도 **********,17957296.0~17963395.224
이**,73032*********,010-*********,ogja60*************,20927606.448~20968743.282,인천광역*********,2242661.16~2245864.798
김**,87091*********,010-*********,seunghy****************,67001326.398~67006398.051,경상남도 ***********,3142260.74~3143327.752
하**,85011*********,010-*********,migyeong******************,94166417.506~94198628.549,충청북도 ***********,29432928.605~29458647.917
강**,88052*********,010-*********,oseoy***********,24503863.214~24517067.258,세종특별자치*************,6873122.077~6883115.741
이**,47022*********,010-*********,agim@y************,13662322.572~13701170.264,충청북도 ***********,3634225.642~3635207.006
류**,02040*********,010-*********,bageu***********,19598383.022~19637166.721,서울특별*********,3333118.343~3334036.514
장**,75032*********,010-*********,rbag*******,7115086.792~7155320.237,광주광역*********,734060.999~734569.479
윤**,92060*********,010-*********,gimsan************,66935079.855~66938281.502,경상남도 ***********,7182056.216~7185192.718
강**,82041*********,010-*********,junhyeog******************,15321420.26~15350590.927,강원도 화**********,4265648.57~4267291.002
최**,92061*********,010-*********,igim*******,7263720.704~7278362.037,충청북도 ***********,902594.464~904039.305
이**,07021*********,010-*********,eunji38***************,42025357.413~42054431.878,경상남도 ***********,11460032.075~11466103.941
김**,49033*********,010-*********,coejung****************,16182261.4~16195909.346,광주광역*********,629538.673~632697.599
홍**,45101*********,010-*********,dgim@j*************,94287798.289~94310319.356,서울특별시*********,21973167.782~22036519.832
나**,93102*********,010-*********,baejeo***********,22738846.392~22753568.837,경기도 양**********,1950880.347~1956955.082
강**,99022*********,010-*********,sangho**************,37395825.2~37405165.979,제주특별자치**************,4563820.776~4571757.717
김**,46090*********,010-*********,jeonghoc******************,20198029.624~20212629.442,경상남도 ***********,3160847.67~3164466.813
김**,99030*********,010-*********,imyeon**************,25741596.671~25775905.688,충청남도 ***********,4469891.187~4471174.387
송**,50061*********,010-*********,yeong***********,94462972.955~94466139.08,인천광역********,5950972.297~5953822.98
강**,70090*********,010-*********,igeonu**************,87709850.268~87737123.346,제주특별자치*************,45282660.19~45304228.384
류**,95011*********,010-*********,mijeon*************,54879640.205~54908385.46,경상북도 ***********,25187779.826~25200460.116
김**,81072*********,010-*********,ganggy**************,24758090.699~24773297.03,경상남도 창원***************,4811681.169~4816625.841
노**,95121*********,010-*********,geonu*********,58017473.393~58025436.067,광주광역*******,28650480.518~28660545.673
이**,66061*********,010-*********,lseo*********,85275609.366~85312695.012,충청남도 **********,24580144.752~24598264.143
김**,67031*********,010-*********,jaehyeon*****************,12676486.957~12719277.058,인천광역********,2949112.42~2952986.378
이**,63071*********,010-*********,qcoe@***********,98099438.518~98104128.45,부산광역********,14355819.316~14361791.133
강**,63052*********,010-*********,ryujeong*****************,86479953.194~86501863.785,대전광역********,29347049.629~29369818.412
조**,69040*********,010-*********,minji4**************,37683275.779~37705229.531,세종특별자치*************,9912790.365~9915773.931
이**,12102*********,010-*********,coegyeon******************,98858803.765~98881194.601,전라북도 ***********,11863961.982~11871970.211
남**,85081*********,010-*********,cgim*******,76161191.646~76170048.874,경상북도 ***********,17362579.548~17371069.285
김**,54101*********,010-*********,coesumi****************,56392234.104~56412278.414,인천광역********,18399539.12~18408672.736
나**,09050*********,010-*********,hyeonji**************,77482137.484~77494119.972,광주광역*********,19546230.814~19563762.877
배**,58010*********,010-*********,pbag*******,58716819.327~58762352.45,울산광역********,7956561.261~7963924.826
차**,56030*********,010-*********,coeyuns**************,88478541.23~88530366.515,광주광역********,12455798.902~12460804.577
김**,03050*********,010-*********,igyeongh*****************,63396060.883~63425163.233,충청남도********,23565181.479~23580478.832
이**,12052*********,010-*********,agim@**********,11227218.29~11257680.951,서울특별*********,1704650.539~1706524.147
남**,79041*********,010-*********,yeongilb****************,34417412.712~34446621.204,충청남도 ***********,1384343.803~1384481.155
이**,85062*********,010-*********,seoyu***********,32418109.042~32442411.976,경상북도 ***********,6846601.512~6848930.273
이**,53050*********,010-*********,jia76@h**************,70485581.876~70504062.216,대구광역********,19641551.223~19648118.967
윤**,10081*********,010-*********,gyeongs****************,34514476.759~34532115.935,울산광역시 ***********,1468368.746~1469509.069
김**,77053*********,010-*********,jeongj***********,78124222.433~78140818.114,충청북도 단***********,45987552.578~46056101.57
김**,99010*********,010-*********,xgim@***********,24089722.32~24115918.51,경상남도 ***********,1677637.086~1682806.533
김**,62111*********,010-*********,jeongj***********,34076933.817~34102402.789,경상남도 ***********,10296804.363~10300629.095
오**,77011*********,010-*********,joyeong****************,86389343.34~86408723.584,서울특별시**********,7906711.638~7908244.987
허**,66062*********,010-*********,yeongsu***************,95761843.595~95767409.724,세종특별자**********,10200547.407~10210349.572
권**,47041*********,010-*********,iseoyun***************,63070456.16~63082042.17,경상남도 **********,1025786.869~1029627.864
김**,89123*********,010-*********,munsubi***************,80532927.739~80553419.377,전라남도********,10249332.42~10266207.62
강**,55081*********,010-*********,sunja5*************,67069691.429~67093149.022,대구광역********,10588344.631~10594626.504
황**,95071*********,010-*********,mgim@**********,47082182.935~47105661.888,대구광역********,2057516.973~2060067.184
이**,78040*********,010-*********,gangcunj****************,90443271.386~90448045.693,부산광역********,44489112.827~44576577.05
김**,08082*********,010-*********,yeweonj****************,51368832.646~51391877.728,인천광역********,5450177.445~5454662.911
이**,92010*********,010-*********,djang@**************,29659055.779~29670828.647,경상남도 ***********,7067762.452~7069981.196
박**,80081*********,010-*********,yeongi*************,87526801.44~87568390.249,전라북도 ***********,15966856.466~15980050.37
최**,46061*********,010-*********,gimjeo************,44463099.453~44509504.524,대전광역********,22532762.351~22550834.642
윤**,87112*********,010-*********,jungsu**************,32245348.608~32253179.234,경상남도 ***********,940489.302~940806.439
강**,56013*********,010-*********,gweony************,70910666.27~70924278.08,대구광역*******,4139753.342~4140527.665
이**,01102*********,010-*********,jeongh*************,14948283.12~14965766.018,대전광역*********,1915767.328~1918005.333
안**,44022*********,010-*********,json@***********,99417607.2~99436021.4,경기도 수**********,23294746.415~23325031.916
조**,70030*********,010-*********,jinu64**************,3067476.992~3081695.782,광주광역********,412034.847~413731.748
김**,67042*********,010-*********,gimjeong*****************,48540517.611~48555768.502,부산광역********,7158798.305~7165287.002
김**,44101*********,010-*********,jihugim***************,66156944.722~66183277.489,경상남도 **********,6006260.024~6011876.922
신**,07080*********,010-*********,igwan***********,75618004.12~75619094.69,광주광역********,18614629.03~18619055.406
이**,84011*********,010-*********,mcoe*******,79365728.492~79370709.256,제주특별자치**************,5547987.84~5551586.469
이**,09122*********,010-*********,yeeungi***************,60857643.852~60868221.738,강원도 홍*********,20324035.558~20335305.326
김**,67022*********,010-*********,gimsa**********,5503120.099~5515748.812,경상남도 ***********,1336950.216~1339574.92
장**,90091*********,010-*********,gimmi**********,87019630.215~87042110.279,경상남도 ***********,17380951.552~17384557.558
김**,59061*********,010-*********,gyeong***********,69457896.917~69471348.65,대구광역*******,25323080.157~25367327.498
이**,03032*********,010-*********,gwangsug*****************,23856783.872~23866738.872,제주특별자**********,9027738.549~9029501.943
남**,60082*********,010-*********,eunyeo**************,58684473.008~58716819.327,경기도 양**********,2755890.462~2758180.19
김**,44032*********,010-*********,isunja*************,2797498.171~2817482.099,울산광역********,1171524.86~1173182.736
최**,64082*********,010-*********,bagjeong******************,14192486.939~14210850.612,전라북도 ***********,4757773.771~4759975.863
우**,14092*********,010-*********,juweon0****************,98898531.765~98946701.692,제주특별자치**************,158694.764~160800.714
김**,95101*********,010-*********,hgim@j*************,92284275.376~92290251.059,강원도 인**********,60402299.283~60672131.529
홍**,64121*********,010-*********,eunyeo**************,10295879.376~10318322.208,전라북도 ***********,648461.644~649329.498
이**,56080*********,010-*********,pgim@y************,31163499.947~31209664.809,경기도 수*********,2585601.861~2586499.013
이**,86112*********,010-*********,yeongsig******************,27120936.89~27135239.185,인천광역시 ***********,11410155.809~11413412.614
김**,05040*********,010-*********,minseog**************,80107720.716~80133012.53,대구광역시**********,23325031.916~23330285.667
이**,07090*********,010-*********,ijuny**********,74340219.139~74366294.336,서울특별********,31710410.708~31721798.716
류**,14021*********,010-*********,dhong*********,80489043.982~80496816.629,세종특별자치*************,47940981.411~48146440.586
김**,84100*********,010-*********,li@******,6363623.619~6376430.359,전라북도 ***********,1450019.502~1452936.243
문**,76042*********,010-*********,miyeong****************,10410714.038~10439827.315,충청남도 ***********,1120484.004~1123427.999
조**,52011*********,010-*********,sbag@g*************,35377329.39~35383955.059,경상북도 ***********,4638284.052~4639652.163
박**,14061*********,010-*********,coejeong****************,62127814.761~62136477.61,대구광역*********,5685726.926~5690526.418
박**,87093*********,010-*********,ryugwang*****************,6806102.734~6811699.719,전라남도 ***********,1179058.368~1180562.18
박**,03010*********,010-*********,xi@i********,66247664.355~66272591.635,대구광역********,7532280.499~7543845.085
이**,73061*********,010-*********,siu64@*************,8460515.666~8472582.83,부산광역시*********,2077662.448~2079714.4
이**,92100*********,010-*********,ijeongsu****************,72837991.499~72854175.894,인천광역시 ***********,5712539.32~5718406.309
오**,88021*********,010-*********,jangye**************,93744795.406~93759960.169,경상북도 ***********,31474890.158~31508238.346
권**,84030*********,010-*********,yejunhw***************,62933233.328~62955716.133,제주특별자***********,7081439.25~7085946.482
강**,63122*********,010-*********,yeongjag****************,54063057.648~54080893.5,충청남도 천**************,36552389.119~36564311.33
윤**,00052*********,010-*********,handoyu***************,28297117.845~28308828.459,충청북도 ***********,2277479.62~2278873.326
진**,05112*********,010-*********,gimye***********,16526875.003~16539213.968,경기도 고***********,535703.65~537080.016
김**,94031*********,010-*********,isong@**************,78942517.61~78953408.227,광주광역*********,33692286.915~33719998.416
류**,03041*********,010-*********,geonui@**************,44748557.722~44762884.966,강원도 강**********,30506910.437~30519432.259
이**,09042*********,010-*********,hyeji**********,5515748.812~5531564.78,충청남도 천**************,476330.956~477030.476
김**,13101*********,010-*********,seojaehy******************,32661998.372~32689362.371,대구광역********,472647.264~473383.908
윤**,56041*********,010-*********,sryu@r**************,68019283.5~68043747.213,경기도 양**********,34044967.978~34085218.003
최**,67111*********,010-*********,jia9********,84598650.557~84617802.587,전라북도 **********,22317677.485~22348035.836
박**,12061*********,010-*********,eunju*********,39521873.928~39534486.663,인천광역*********,7732538.478~7737800.454
김**,66020*********,010-*********,bi@g*******,32505907.017~32522526.027,인천광역*********,1531115.436~1536239.599
황**,73113*********,010-*********,pi@y*********,6681268.444~6694132.658,제주특별자치*************,566442.804~570774.822
김**,02120*********,010-*********,igyeong****************,17022971.536~17047266.344,충청남도 ***********,3614995.636~3620964.638
김**,93120*********,010-*********,eunj*********,21091259.129~21112305.086,충청남도********,1873011.03~1878648.445
김**,12040*********,010-*********,haeun7***********,60441060.001~60445840.289,충청남도 ***********,2992545.635~2996644.661
이**,82042*********,010-*********,mbag*******,73785887.167~73788785.01,서울특별*********,35692858.586~35752766.616
장**,90100*********,010-*********,gimeunj****************,8167194.334~8222529.328,서울특별*********,2129607.469~2129727.885
김**,63112*********,010-*********,yeeun4*************,16276499.319~16299809.852,전라북도 ***********,3999145.362~4001174.416
유**,56051*********,010-*********,li@jus***********,34384687.633~34417412.712,서울특별*********,4455204.038~4459255.882
이**,57021*********,010-*********,sanghyeo*****************,88628191.37~88677075.415,세종특별자치*************,922666.239~926548.831
박**,51102*********,010-*********,jsong@***********,11919345.622~11922183.105,제주특별자치**************,2651009.782~2654370.001
김**,08070*********,010-*********,pbag********,36602158.079~36626301.278,세종특별자치*************,1870845.968~1873011.03
이**,10072*********,010-*********,gimjiy*************,82537794.542~82546839.54,충청북도 ***********,9350743.629~9355420.736
홍**,68112*********,010-*********,jeongj************,65037264.098~65074372.41,경상북도 ***********,327533.393~329364.868
정**,88092*********,010-*********,ji@i*******,15350590.927~15352454.228,대전광역*********,6737586.944~6738947.835
강**,52082*********,010-*********,eungyeon******************,46015821.818~46090630.422,세종특별자치*************,838773.569~839274.507
한**,71051*********,010-*********,jeongh**************,9697878.138~9727933.248,대전광역*********,1070371.505~1073769.636
이**,76031*********,010-*********,songyeo**************,59114560.13~59144746.57,세종특별자**********,9185268.111~9194637.022
오**,76102*********,010-*********,ngu*******,79249486.176~79259919.705,광주광역시*********,11771112.028~11780827.086
고**,66092*********,010-*********,gangj***********,70976436.576~70983715.435,서울특별시**********,34343669.545~34368122.674
이**,51090*********,010-*********,misugho****************,91032508.618~91074864.368,충청남도 천**************,15592866.12~15600259.086
이**,65091*********,010-*********,kna@ju************,86748218.417~86766717.589,서울특별시*********,3173641.762~3174821.38
나**,08072*********,010-*********,xsong@***********,13408597.074~13417789.042,대구광역*********,1471267.718~1473202.28
이**,51031*********,010-*********,eunseogi****************,28591532.478~28610026.626,전라남도 ***********,13234605.668~13238456.582
김**,57020*********,010-*********,yeonghos****************,85862846.009~85900098.113,경상북도 ***********,36460896.645~36504059.48
임**,89092*********,010-*********,seongsu****************,68575678.298~68590386.093,전라남도 ***********,9839340.427~9854246.666
김**,51042*********,010-*********,qgim*******,43015131.487~43020054.78,경기도 용인*************,4135290.591~4139753.342
김**,95090*********,010-*********,jeongung*****************,70293268.015~70340087.724,경상북도 ***********,45304228.384~45420141.848
김**,99122*********,010-*********,gimseo***********,77772820.287~77781622.26,인천광역*********,5077949.449~5080272.827
홍**,89090*********,010-*********,migyeong******************,36020182.683~36084615.819,경상남도 ***********,13729476.588~13737430.939
박**,48051*********,010-*********,yan@gi***********,44524794.634~44542862.115,충청북도 청**************,3076649.376~3078976.509
류**,66043*********,010-*********,chong@c**************,57060795.926~57089664.662,경상북도 **********,11493051.424~11500697.003
허**,47073*********,010-*********,sanghog****************,21588692.83~21602187.443,충청남도 ***********,2352104.304~2353678.515
김**,53111*********,010-*********,eryu@j*************,86893321.008~86912711.879,서울특별*********,7255674.301~7262744.697
이**,59032*********,010-*********,junyeong******************,73955490.26~73968761.394,경상남도 ***********,14983607.011~14988425.684
한**,82091*********,010-*********,migyeo************,89912997.064~89920003.608,경상북도 ***********,8029399.574~8038282.905
김**,68032*********,010-*********,munjeon****************,48671623.208~48679435.726,세종특별자치*************,15104267.128~15121879.075
박**,06090*********,010-*********,junyeong****************,25468567.393~25514920.598,전라남도 ***********,6525448.928~6530691.107
김**,61083*********,010-*********,ijaehyeo****************,85414166.309~85417456.197,충청북도 청**************,26207229.587~26225906.377
김**,49112*********,010-*********,minse**********,52775408.452~52837841.459,경기도 고**********,439773.216~440151.001
이**,99030*********,010-*********,seonye**************,61201387.375~61220378.63,전라남도 ***********,7700706.92~7704260.675
이**,91070*********,010-*********,sanghun7****************,15949110.773~15961400.588,전라남도 ***********,4591465.954~4594374.82
이**,47020*********,010-*********,dbae********,64137901.084~64155256.883,경상남도 ***********,9586775.498~9590504.072
이**,66072*********,010-*********,migyeon****************,65440657.834~65466632.903,충청남도 ***********,12147750.873~12158387.148
민**,59051*********,010-*********,pi@jus***********,59807687.856~59822258.112,부산광역********,16480014.659~16485990.925
김**,68033*********,010-*********,jiyeong****************,81940667.968~81959977.369,경기도 고***********,53247124.822~53512024.388
최**,09040*********,010-*********,yeongmiy****************,26292725.794~26313639.648,광주광역********,7126570.281~7129176.307
김**,72120*********,010-*********,eunjeon****************,47451367.984~47470400.029,경기도 용**********,15344327.98~15356385.246
이**,87062*********,010-*********,seunghy**************,36491671.577~36503075.139,전라남도 *********,4265648.57~4267291.002
이**,74060*********,010-*********,simjuny****************,61709469.52~61720156.667,경상북도 ***********,777787.462~780151.63
이**,13081*********,010-*********,minji6*************,69734520.312~69743482.379,경상남도 창원***************,32701818.712~32805766.568
최**,08082*********,010-*********,jangdo***********,45401973.495~45411242.548,강원도 홍**********,18055324.172~18067359.753
박**,90011*********,010-*********,jiyeo***********,27017162.131~27020818.437,전라북도 ***********,8772738.387~8774065.137
김**,56101*********,010-*********,icoe@j************,77438014.92~77458439.201,대구광역시 ***********,16281804.006~16291388.76
백**,79021*********,010-*********,sunja90**************,28066141.172~28078703.608,부산광역시*********,1217452.266~1220656.4
오**,62100*********,010-*********,jeongho3****************,2817482.099~2834931.842,전라남도 ***********,184887.715~187722.605
박**,57112*********,010-*********,dohyeon****************,83109549.072~83118354.101,경기도 *******,16147526.878~16158564.34
김**,65041*********,010-*********,gimseon****************,19504176.805~19517703.269,경상남도 ***********,8993878.752~8999630.88
이**,48061*********,010-*********,hayun0**************,98124332.131~98170809.547,경기도 안**********,1517388.009~1518198.675
이**,00102*********,010-*********,jeongsu***************,23300495.066~23313176.278,광주광역********,360968.986~361147.432
최**,74120*********,010-*********,ogsunb*************,78341721.517~78354182.264,경상남도********,7420321.287~7426635.835
박**,06032*********,010-*********,ogsun14****************,74005540.388~74018831.671,울산광역시 ***********,30721820.39~30754962.144
진**,83062*********,010-*********,yejin***********,67407225.558~67422677.922,충청남도 ***********,28159771.656~28178893.832
장**,78012*********,010-*********,handon************,13338427.571~13370390.08,제주특별자치**************,4082174.649~4086350.347
안**,55030*********,010-*********,hhong@**************,42646816.479~42664818.812,충청북도 ***********,9801658.674~9803850.404
김**,90011*********,010-*********,jieuni@**************,10864237.076~10906219.357,강원도 *******,4103696.602~4105156.891
김**,93072*********,010-*********,ugim*******,45089556.843~45111635.072,세종특별자치*************,476330.956~477030.476
김**,14072*********,010-*********,seoyuni***************,23176948.774~23188720.379,강원도 양**********,4394462.417~4398525.912
성**,90041*********,010-*********,gwangs***********,47130055.054~47141804.693,광주광역********,14579739.798~14594627.05
유**,14092*********,010-*********,hancae***********,50792384.603~50827496.104,인천광역*********,13772674.638~13778844.268
이**,70052*********,010-*********,yeeu*********,10683318.866~10726116.666,울산광역********,1668482.685~1674582.041
김**,07082*********,010-*********,vseo@j*************,30319304.908~30349132.917,충청남도 ***********,392356.321~393893.041
박**,79042*********,010-*********,bagmyeo**************,73968761.394~73987848.853,경상북도 ***********,27433233.98~27451219.192
이**,46032*********,010-*********,junho*********,69121221.259~69134920.396,강원도 정**********,29287290.227~29317255.622
이**,98022*********,010-*********,gyeong***********,33203565.227~33228442.09,대전광역********,8399291.703~8404935.365
최**,72050*********,010-*********,fgim@y*************,59759067.11~59768484.263,대구광역*********,4890777.119~4894503.277
이**,98022*********,010-*********,egim@y*************,77507077.126~77513545.831,충청북도 ***********,17272522.328~17285637.743
최**,93021*********,010-*********,gangyeo**************,50430375.474~50445509.138,충청북도 청**************,10971377.784~10988348.255
고**,44121*********,010-*********,seoyunco****************,73057628.268~73074918.735,전라북도 ***********,15080551.359~15097348.631
박**,54010*********,010-*********,yeeuni@**************,67682706.95~67710219.656,부산광역*********,9019976.478~9027738.549
김**,59101*********,010-*********,imiyeon****************,31037541.727~31061244.796,강원도 정**********,945409.628~947718.635
김**,78012*********,010-*********,myeong***********,68452113.348~68475399.379,대전광역********,14856179.057~14866649.068
엄**,01040*********,010-*********,doyunya**************,3894664.192~3949488.637,경상북도 ***********,1241358.288~1245437.658
고**,72021*********,010-*********,hayuni************,86540460.096~86545119.219,경상남도 ***********,19799613.389~19805173.256
오**,77052*********,010-*********,ucoe@*********,30679002.202~30694306.203,강원도 양**********,7154030.958~7158798.305
오**,00081*********,010-*********,jaeho***********,73241639.7~73248091.464,광주광역********,2032522.964~2035282.008
김**,06070*********,010-*********,yejiba************,94600361.389~94615792.282,경기도 *******,9340848.4~9342719.328
한**,56011*********,010-*********,myeongja****************,93346766.512~93365063.565,대구광역********,49262499.788~49580284.654
이**,65090*********,010-*********,jeongs**************,16461258.259~16471769.527,경상남도 ***********,6155259.379~6158152.092
이**,78082*********,010-*********,junho7************,9892095.298~9897488.98,인천광역*********,240078.092~242081.13
한**,44050*********,010-*********,jeonghu***************,19479155.811~19480313.48,부산광역********,3286906.236~3290551.741
정**,84022*********,010-*********,hyeonu8**************,84680309.509~84696293.027,강원도 양**********,32342453.434~32353266.217
최**,80081*********,010-*********,hson********,40667758.392~40679047.632,대구광역시 ***********,5998235.361~6001857.158
박**,59011*********,010-*********,ui@jus***********,89092178.898~89096486.026,광주광역********,9132878.632~9136307.051
김**,94081*********,010-*********,yeongsug****************,42495119.43~42501695.779,울산광역********,21097225.033~21109189.807
최**,50052*********,010-*********,guyeon***********,54308589.989~54332625.768,부산광역*********,3532448.434~3535628.468
강**,60102*********,010-*********,jiweo***********,43064590.802~43070285.996,제주특별자***********,5232502.999~5235677.632
박**,13052*********,010-*********,vi@i*******,51880094.17~51895271.109,전라남도 ***********,15412245.877~15426136.571
안**,08012*********,010-*********,gi@yu***********,80512404.6~80514556.797,세종특별자치*************,7262744.697~7270596.458
이**,57021*********,010-*********,bagyee***********,17182857.12~17192382.241,제주특별자***********,3927819.842~3930180.216
한**,82010*********,010-*********,junyeo***********,8167194.334~8222529.328,강원도 *******,2461839.632~2466548.838
류**,92050*********,010-*********,hyeonu**************,30386591.086~30406619.552,서울특별********,2329579.635~2331046.274
김**,65060*********,010-*********,yeongsun****************,21796399.708~21818958.43,인천광역시 ***********,7085946.482~7090639.746
서**,56102*********,010-*********,seoju**********,47379692.085~47391450.776,전라북도********,1248261.482~1250182.807
박**,14020*********,010-*********,gi@j********,25424920.705~25436251.589,광주광역********,6972291.803~6980828.818
홍**,92011*********,010-*********,yeji*********,71518828.123~71539277.05,제주특별자치**************,15739920.778~15748363.718
김**,01030*********,010-*********,hyeonugi****************,23776555.266~23816792.288,충청북도 ***********,3290551.741~3292269.187
안**,92071*********,010-*********,gimjih*************,95010004.196~95031996.528,경상북도 ***********,31710410.708~31721798.716
이**,92062*********,010-*********,myeongj***************,30713226.025~30726945.422,울산광역시 ***********,3223826.342~3229831.64
김**,71072*********,010-*********,jongsui***************,70378720.496~70400143.678,충청북도 ***********,10173793.757~10190430.6
윤**,98051*********,010-*********,tgi*******,29813543.735~29816606.352,광주광역*********,1469509.069~1471267.718
이**,68071*********,010-*********,jeongs**************,4735417.758~4787744.145,대전광역********,307955.559~309566.509
이**,13082*********,010-*********,baeghyeo******************,76214731.914~76228211.959,대구광역********,10414603.104~10417256.398
박**,11041*********,010-*********,boramb*************,60618530.284~60636788.486,대전광역********,11151539.274~11156536.961
박**,11110*********,010-*********,seongh************,42686050.191~42697177.052,경상북도 ***********,14623751.346~14626609.46
송**,54082*********,010-*********,yeweon*************,15485587.102~15491727.81,울산광역********,3755358.391~3758443.902
박**,88010*********,010-*********,qi@g*******,22966861.125~22979082.74,전라남도*******,3166668.408~3168607.119
최**,97022*********,010-*********,hayun92****************,20557847.839~20567700.695,서울특별*********,531148.792~531817.822
강**,73071*********,010-*********,lgi*******,55975760.726~55981100.861,광주광역********,14380980.992~14383579.604
김**,11051*********,010-*********,gimyew**************,5658228.635~5663031.9,광주광역********,957097.726~959066.344
김**,46022*********,010-*********,jeonjeong*******************,96375199.673~96403472.121,서울특별시**********,45096325.95~45140141.037
김**,52040*********,010-*********,igim@**********,28807122.625~28818158.334,전라남도 ***********,8911288.238~8914727.48
장**,12010*********,010-*********,dohyeon4****************,47860826.17~47867027.126,강원도 원**********,21275021.89~21298919.995
안**,10061*********,010-*********,gwangsu**************,25830632.741~25846725.165,경상남도 ***********,6825526.924~6835635.925
김**,73122*********,010-*********,jiunam@**************,70740700.694~70774055.592,광주광역********,27276016.373~27320227.96
김**,71060*********,010-*********,hyeonj***********,27697281.786~27730053.913,전라북도 ***********,3041282.734~3043525.837
이**,95122*********,010-*********,gyun@y*************,65499796.563~65519475.758,제주특별자치**************,7025179.964~7029326.758
하**,99071*********,010-*********,misugi@**************,23831743.749~23840009.458,광주광역********,6888032.324~6888903.161
김**,84051*********,010-*********,jaeho**********,13633646.851~13648532.552,대전광역********,2763179.55~2763854.733
김**,58120*********,010-*********,xjang@**************,99382047.112~99417607.2,부산광역*********,28193630.119~28219339.595
우**,84082*********,010-*********,areum6**************,31839745.948~31854623.319,경기도 김**********,1196092.37~1202286.942
장**,92072*********,010-*********,isang**********,63082042.17~63116218.68,경기도 양**********,10006556.63~10015991.018
심**,91100*********,010-*********,cunj*********,50484407.411~50490008.866,부산광역시*********,20478078.272~20486550.591
김**,64123*********,010-*********,yeweon6****************,72774781.73~72783204.968,경상남도 ***********,20928142.666~20943960.055
최**,88103*********,010-*********,yeongc**************,85987070.923~86005853.847,인천광역********,43237097.548~43343061.922
김**,78011*********,010-*********,yeweoni***************,15571599.576~15586395.289,충청남도 계***********,496547.464~498163.164
류**,89101*********,010-*********,jiweong***************,5679577.962~5693429.988,대구광역********,3258416.88~3259939.751
김**,53100*********,010-*********,rgim@y************,60636788.486~60647261.363,충청남도 ***********,4746897.821~4751774.535
박**,84021*********,010-*********,caeweonj*****************,76359874.645~76370003.294,경상남도 ***********,1292187.478~1294069.296
김**,01112*********,010-*********,sugja7*************,98408294.517~98436412.198,울산광역********,2537500.696~2540234.465
허**,47091*********,010-*********,gweons*************,59144746.57~59164676.448,경상북도 **********,8537634.085~8542429.314
권**,79121*********,010-*********,seungm***********,27893413.267~27913936.724,전라남도 ***********,14409636.502~14418425.403
박**,12031*********,010-*********,gimyeo***********,44208478.494~44220772.63,광주광역********,14312907.712~14318241.941
허**,48043*********,010-*********,jeongh************,93883206.229~93909932.73,경상남도 진***********,52865747.37~52929694.395
이**,81051*********,010-*********,seongjin****************,10640168.32~10655834.607,강원도 *******,827287.084~829058.663
이**,73071*********,010-*********,jobora*************,56952943.796~56972712.988,경상북도 ***********,19795694.938~19799613.389
양**,73022*********,010-*********,ijunhy**************,56412278.414~56426899.748,전라남도 ***********,20875375.514~20884590.622
김**,60021*********,010-*********,gimjeon***************,18626712.679~18653062.872,세종특별자치*************,1660494.146~1662567.764
이**,56061*********,010-*********,mins*********,29273219.292~29294626.99,충청북도 청**************,17783179.039~17788987.81
이**,64070*********,010-*********,cyang@************,99247780.749~99252947.034,울산광역시 ***********,8791662.972~8796988.376
김**,60073*********,010-*********,donghye****************,12451846.355~12473247.231,서울특별********,820394.113~821382.83
이**,67020*********,010-*********,gimjiyeo****************,43122260.594~43147776.832,경기도 안**********,1906167.422~1912658.697
권**,72071*********,010-*********,juseon************,58901042.978~58917059.685,서울특별*********,19017183.626~19022757.91
박**,11042*********,010-*********,ibyeong***************,53709638.359~53731813.318,울산광역시 ***********,12696807.522~12704220.22
장**,13111*********,010-*********,muneunj****************,96584092.815~96618507.371,부산광역시*********,67068057.118~67238888.578
윤**,12050*********,010-*********,ijongsu***************,60673607.615~60687230.6,충청남도 ***********,5235677.632~5239028.665
박**,50121*********,010-*********,minseo************,94142510.527~94163912.48,광주광역*********,6145413.696~6146720.933
강**,58070*********,010-*********,seongho3****************,39965734.169~39980986.861,강원도 인**********,1068355.109~1068954.876
김**,86020*********,010-*********,minjise****************,90085012.252~90098317.91,충청남도 ***********,26857749.886~26909408.63
김**,75071*********,010-*********,miyeon***********,48498363.294~48512627.759,제주특별자치**************,15771997.216~15775640.352
이**,11030*********,010-*********,jeong***********,41305839.025~41321971.574,제주특별자치**************,1476309.296~1478798.448
이**,91041*********,010-*********,ugim@g***********,7658450.427~7666320.882,경기도 안**********,632697.599~633788.27
이**,91111*********,010-*********,sugja98***************,49349110.363~49358850.806,전라남도 **********,9633391.131~9639443.763
김**,92111*********,010-*********,mi@******,91867492.915~91900572.034,전라남도 ***********,13421545.846~13430737.529
허**,89080*********,010-*********,yeongsi***************,36195713.585~36215599.599,경상북도 ***********,13120155.506~13134738.68
노**,65052*********,010-*********,jomis*********,55558623.867~55574187.379,충청남도 천**************,5439287.146~5441491.749
김**,11091*********,010-*********,sangh**********,44793091.711~44812192.344,대전광역********,4452164.111~4455204.038
강**,63110*********,010-*********,mijeong****************,65037264.098~65074372.41,제주특별자치**************,1417319.427~1420394.023
최**,06120*********,010-*********,sunog31**************,86223863.891~86259342.972,대구광역********,13134738.68~13139171.421
이**,05112*********,010-*********,yeongs***********,35136328.116~35182064.21,서울특별시*********,14260935.236~14266074.975
장**,50020*********,010-*********,ogim*********,3061322.763~3067476.992,제주특별자치**************,1601302.705~1604083.315
배**,86010*********,010-*********,mi@******,64730889.256~64754287.068,인천광역시*********,2630845.33~2635596.852
홍**,14062*********,010-*********,ijieun************,94047154.45~94065921.895,서울특별시*********,5077949.449~5080272.827
김**,86062*********,010-*********,iseong**************,54462374.272~54480300.598,광주광역********,17150029.286~17165445.596
김**,77103*********,010-*********,seohyeon*****************,85131802.91~85139672.687,부산광역시 ***********,20506038.301~20511788.758
김**,56080*********,010-*********,jinuo@c**************,6565090.33~6573801.676,강원도*******,1497820.93~1499708.891
지**,67050*********,010-*********,jeongj************,65094013.143~65105880.958,전라남도 ***********,539804.714~540503.08
배**,09050*********,010-*********,gryu@**********,33876027.076~33894848.787,전라남도 *********,2971514.121~2976019.947
김**,84070*********,010-*********,xcoe@***********,25454983.45~25468567.393,경기도 고***********,12640686.113~12643685.356
박**,56010*********,010-*********,rson@**********,18606413.352~18617787.17,광주광역********,6213508.695~6219310.895
이**,91062*********,010-*********,ehong@***********,51142683.649~51187764.998,충청북도 ***********,9034639.024~9050699.504
김**,83061*********,010-*********,jeongsu****************,45567854.106~45591440.688,서울특별*********,5124293.298~5126303.009
성**,66060*********,010-*********,jiana**********,69419746.64~69428620.101,전라북도 ***********,46131051.625~46184136.263
박**,47092*********,010-*********,fgim@**********,23426468.125~23459523.183,경기도 용**********,5059918.134~5065442.273
고**,90080*********,010-*********,jongsu************,45744062.502~45749517.913,충청남도 ***********,5361120.053~5363251.554
조**,00042*********,010-*********,sonji**********,29409211.736~29429976.294,경상북도 ***********,5416152.105~5420392.332
김**,45121*********,010-*********,yeongm************,16779689.752~16825719.468,전라남도 ***********,9173259.914~9185268.111
오**,84112*********,010-*********,jgi*******,52091926.132~52109239.917,울산광역********,23203032.943~23214480.76
김**,01032*********,010-*********,seoyeon**************,21502641.278~21523198.049,대구광역********,7690293.291~7692661.853
배**,55060*********,010-*********,ai@co*********,66782660.157~66795145.836,경상북도 포*************,470001.101~472141.704
이**,47051*********,010-*********,lgim@j*************,62754215.828~62762754.748,인천광역********,33018453.772~33085284.739
이**,96020*********,010-*********,ti@*****,15372702.083~15391265.344,부산광역********,1155791.897~1158264.042
이**,76072*********,010-*********,siu75@**************,84476800.992~84497699.061,경상북도 ***********,29699493.683~29764918.421
김**,79020*********,010-*********,si@y*********,49796899.763~49808932.008,전라남도 **********,3237483.478~3239629.158
이**,50110*********,010-*********,hyeonui***************,12567825.119~12591415.09,경기도 양**********,1177999.886~1178729.319
장**,81062*********,010-*********,caseoy**************,61968040.941~61976818.951,세종특별자치**************,10510188.395~10526363.65
서**,70022*********,010-*********,mijeo***********,20557847.839~20567700.695,세종특별자**********,1118621.918~1120484.004
김**,80111*********,010-*********,subin8************,15499591.974~15536459.643,경상북도 ***********,6920585.516~6933044.186
김**,91052*********,010-*********,gimgyeon******************,5239121.664~5247666.379,부산광역시*********,605885.771~606330.848
한**,02011*********,010-*********,sugjaju***************,53329644.902~53340527.962,경기도 *******,12120627.53~12130061.979
황**,09022*********,010-*********,jeonghyi****************,47428697.402~47443645.079,부산광역*********,6606689.248~6614706.452
박**,69071*********,010-*********,cunjagi***************,12316435.866~12345520.255,경상남도 ***********,3684086.774~3687543.584
김**,67070*********,010-*********,yhan*********,99499558.292~99563033.718,부산광역*********,13026888.466~13028252.41
김**,04051*********,010-*********,gi@g********,34189619.891~34257994.58,대구광역시**********,7341747.971~7347511.801
이**,95020*********,010-*********,gwageunj****************,55092848.027~55101459.144,충청북도 ***********,11652240.29~11654160.711
김**,67112*********,010-*********,sanghu*************,57249819.296~57258360.802,경상남도********,5365212.093~5370074.336
황**,01042*********,010-*********,seongs**************,20328438.318~20348852.07,대구광역********,1932378.549~1933233.191
이**,09050*********,010-*********,minjun*************,80005269.398~80022944.615,전라남도 **********,4503838.352~4506134.266
박**,11112*********,010-*********,jihyeso**************,87828165.108~87848252.932,서울특별*********,25404279.709~25410179.392
윤**,94030*********,010-*********,hwangjin******************,12139590.336~12148403.572,충청북도 ***********,1273657.053~1274752.709
김**,70101*********,010-*********,sangceo***************,30726945.422~30746102.172,전라남도********,2674060.941~2676330.886
권**,03120*********,010-*********,jihye***********,39239230.5~39251808.761,대구광역********,19420815.006~19431198.182
고**,78060*********,010-*********,minjae9****************,4556790.948~4571695.71,광주광역********,243458.718~243538.27
양**,45050*********,010-*********,haseong**************,48125065.458~48165567.86,광주광역*******,14602524.705~14608336.645
박**,56122*********,010-*********,pbag@**********,55867925.731~55880671.101,대전광역*******,2316099.312~2320315.662
박**,59070*********,010-*********,ogsun2***********,43912477.743~43928780.853,울산광역시 ***********,3979058.917~3983780.494
강**,73101*********,010-*********,yeji50***********,90882471.21~90931537.88,서울특별*********,42169812.845~42194126.521
배**,05092*********,010-*********,jeonghyi*****************,80896912.744~80921022.54,제주특별자치*************,13011221.5~13017099.799
한**,76041*********,010-*********,jinho84***************,23866738.872~23880558.542,충청남도 천**************,978853.624~983450.047
한**,84090*********,010-*********,yucu*********,25788272.481~25805862.922,인천광역********,4354797.091~4355912.936
김**,76121*********,010-*********,ohaeun***********,71574068.148~71602547.55,전라북도 ***********,218915.7~219739.321
김**,88041*********,010-*********,jeongh***********,43232251.39~43261605.194,충청남도 ***********,1837962.184~1840411.01
이**,73061*********,010-*********,ogsun**********,65872640.4~65884885.179,전라남도 ***********,19323495.63~19341830.581
김**,82030*********,010-*********,caeweon***************,66539862.234~66557517.247,경상북도 포*************,6421846.22~6425225.15
이**,84010*********,010-*********,yha*******,71390518.008~71422009.909,경기도 연**********,7592284.156~7594860.676
우**,62073*********,010-*********,hangye*************,4247728.112~4252432.871,제주특별자치*************,1075269.95~1076158.466
김**,94122*********,010-*********,songdoy***************,92312739.317~92331900.596,전라남도 ***********,13171878.04~13173945.692
강**,91082*********,010-*********,gjang@*************,93989028.586~93998232.118,경기도 남***********,3456231.945~3460016.418
류**,58052*********,010-*********,coeye***********,10295879.376~10318322.208,인천광역*********,1173182.736~1174333.164
최**,82073*********,010-*********,gimjaehy****************,72140617.67~72152415.905,제주특별자치*************,28521048.533~28552498.545
이**,66050*********,010-*********,wi@jus***********,71962791.32~71990319.815,충청북도 ***********,21851476.181~21860754.982
문**,12042*********,010-*********,rgim@y************,58133505.25~58144501.534,경상남도 창**************,9746797.813~9751479.253
이**,96082*********,010-*********,vgim@s***********,19158364.042~19198313.71,울산광역*******,2137739.45~2139192.942
김**,73042*********,010-*********,sumin***********,83003142.34~83023349.741,충청북도 ***********,7338378.384~7341747.971
양**,98011*********,010-*********,jinyewe**************,19818314.029~19846494.46,광주광역*******,5883276.88~5891885.288
한**,48082*********,010-*********,seoyeonb****************,30219964.94~30245142.787,부산광역*********,1867594.995~1870371.954
차**,65052*********,010-*********,jihyejo***************,59164676.448~59166153.228,충청북도 청**************,6251689.231~6257435.424
이**,10071*********,010-*********,yeong***********,31150634.368~31156432.105,세종특별자**********,2915864.98~2918663.9
최**,91022*********,010-*********,ai@******,74265882.293~74286378.589,대구광역시 ***********,2644146.889~2646692.328
조**,01011*********,010-*********,yunseo1****************,16627852.89~16661173.755,충청북도 ***********,1420394.023~1421522.933
차**,12030*********,010-*********,ri@******,75689463.247~75707566.25,세종특별자치**************,50348367.228~50392603.065
김**,65080*********,010-*********,juweon************,4900897.176~4910397.22,대구광역시**********,2117761.803~2119029.093
김**,44092*********,010-*********,jangsu**************,58277606.275~58301690.998,광주광역********,5408135.434~5416152.105
이**,10021*********,010-*********,bi@******,9751943.919~9773674.474,경기도 *******,919459.413~922666.239
백**,53030*********,010-*********,gweonhye****************,15710356.62~15723164.314,대구광역시**********,3436484.406~3438798.546
이**,89062*********,010-*********,yeongsug******************,92367838.08~92374983.886,경기도 수**********,46596417.443~46703207.135
이**,80122*********,010-*********,jeongh************,62335132.889~62348108.138,경기도 용**********,1078224.464~1083005.012
김**,86061*********,010-*********,qjeo********,77593559.33~77629937.296,전라북도 ***********,46765958.92~47018483.476
주**,81071*********,010-*********,siuh********,37011934.015~37031820.932,경상남도 ***********,12368507.186~12376813.889
남**,55111*********,010-*********,yangminj****************,32363048.925~32395322.604,충청남도 ***********,3965955.514~3972057.195
이**,44060*********,010-*********,yeweona***************,49704872.82~49717352.367,서울특별*********,5190315.202~5196359.649
김**,63012*********,010-*********,jihu*********,10471050.761~10484037.069,인천광역시*********,893741.324~894672.536
송**,44042*********,010-*********,bi@gi**********,32754276.84~32789765.146,서울특별*********,6052737.828~6058598.392
손**,60051*********,010-*********,sangceol******************,83627045.549~83641038.623,경상남도 ***********,7270596.458~7283576.501
김**,10062*********,010-*********,seungh*************,26470718.473~26500262.661,부산광역*********,6129757.636~6138423.082
이**,69062*********,010-*********,gimse***********,31898691.52~31921785.276,전라북도 ***********,3802076.575~3807584.23
박**,65101*********,010-*********,ijeon***********,33337861.428~33373436.946,울산광역********,8908227.593~8911288.238
김**,02061*********,010-*********,yeongs*************,91900572.034~91905806.096,울산광역********,7889448.393~7898377.448
진**,84052*********,010-*********,ieunjeon****************,60708281.884~60717087.482,광주광역********,9364560.664~9373965.248
권**,56052*********,010-*********,yeji********,5848738.772~5856965.677,경기도 *******,2474680.08~2476048.156
김**,94102*********,010-*********,hyeonj*************,77593559.33~77629937.296,경기도 ********,10855454.46~10870663.504
이**,45100*********,010-*********,seojun1***************,3720234.387~3747155.624,전라북도 ***********,1058714.329~1061725.59
김**,81012*********,010-*********,di@*******,72421084.508~72437222.784,경상북도 ***********,1970282.359~1972707.264
박**,99090*********,010-*********,gimeun************,17022971.536~17047266.344,서울특별시*********,1713517.601~1717437.468
윤**,68090*********,010-*********,mson********,40081107.054~40088134.097,전라북도 ***********,17431505.178~17442693.25
이**,96012*********,010-*********,jongs**********,66043337.809~66066114.36,경상북도 포*************,10339389.398~10351646.376
성**,10103*********,010-*********,gimeu*********,59637712.692~59672701.691,인천광역********,19109619.419~19136538.375
박**,55111*********,010-*********,gimmin*************,72405896.966~72415694.374,제주특별자치*************,15487115.311~15491970.547
송**,69091*********,010-*********,smun*******,91138316.256~91149159.454,대전광역********,21717079.573~21735839.405
전**,89111*********,010-*********,eomseungh*******************,24962608.894~24986793.094,인천광역시 ***********,2526068.262~2526659.773
박**,97022*********,010-*********,jeongu************,45601019.911~45618574.629,경기도 수*********,15887242.512~15907584.935
김**,86032*********,010-*********,jojimin***************,91943019.347~91987632.384,강원도 홍**********,6639867.451~6644973.049
박**,74060*********,010-*********,ijuweon***************,20650060.078~20669140.62,전라남도 ***********,926548.831~931786.808
김**,87012*********,010-*********,gimjihu**************,26500262.661~26523222.151,부산광역*********,19711564.066~19737256.48
김**,84060*********,010-*********,seoyun***********,37221461.511~37239286.243,충청북도 ***********,26288529.322~26318522.639
김**,89083*********,010-*********,seongh**************,83891580.26~83912219.564,경상남도********,9809551.34~9818464.626
김**,64122*********,010-*********,eomseong*****************,20463834.605~20482784.138,인천광역시*********,2175629.204~2177355.492
박**,63070*********,010-*********,ojeongj****************,87289055.335~87304294.299,세종특별자치*************,43905066.809~43956968.211
최**,47120*********,010-*********,yejin95***************,88135162.834~88142432.541,경상북도 ***********,14630793.224~14632800.549
조**,72051*********,010-*********,egim@**********,99017511.661~99026659.046,경상남도 ***********,16221092.796~16231934.64
김**,12092*********,010-*********,eungye***********,7047098.103~7059692.066,제주특별자***********,811619.919~813415.128
김**,12121*********,010-*********,hwangj**************,96930410.037~96943934.946,제주특별자***********,9904695.38~9907156.824
박**,92091*********,010-*********,ijaeh***********,81643390.699~81659994.456,충청북도 청**************,28466220.532~28473516.286
김**,11112*********,010-*********,bagji***********,57495703.558~57502072.256,부산광역*********,4563820.776~4571757.717
배**,75112*********,010-*********,jeongsig****************,47948190.708~47988975.597,광주광역********,15647318.796~15670185.692
김**,94112*********,010-*********,baeseohy******************,90646374.519~90665762.423,광주광역시*********,11588392.446~11597517.532
이**,03032*********,010-*********,migyeo************,58190687.056~58204677.626,부산광역********,20080839.316~20096416.886
엄**,14062*********,010-*********,ijeon*********,70924278.08~70943582.392,부산광역*********,6848930.273~6857212.164
김**,84031*********,010-*********,jeongho****************,64921013.222~64932151.412,충청북도 ***********,27354122.544~27396996.867
이**,70031*********,010-*********,jinhoi***********,51836342.443~51855994.779,부산광역********,2124844.328~2126163.284
이**,49081*********,010-*********,sumi*********,15997132.299~16021647.335,강원도 고**********,961656.469~963672.378
손**,14061*********,010-*********,jungsu************,21722532.84~21758527.219,충청북도 청**************,5791514.826~5800659.056
이**,72010*********,010-*********,byun*******,53129001.378~53130393.912,경기도 고***********,4014440.53~4015041.272
김**,02031*********,010-*********,jaehoo***********,43708089.737~43713322.556,광주광역********,8330536.365~8333431.235
장**,54101*********,010-*********,hyeonj*************,39355022.636~39367633.5,경기도 고***********,5013720.657~5018680.396
김**,90082*********,010-*********,sunja11***************,43448313.048~43475620.275,부산광역*********,5311546.034~5314931.61
김**,10060*********,010-*********,jungsu9****************,39988135.326~40012232.74,제주특별자치*************,7548983.31~7554597.714
서**,44121*********,010-*********,vson@y*************,71840834.246~71861179.257,대구광역********,31414941.318~31441639.746
김**,86021*********,010-*********,jeonghy***************,65105880.958~65129914.857,강원도 춘**********,7746819.77~7756283.442
이**,82050*********,010-*********,jeongja1****************,37947404.191~37960177.762,전라남도 ***********,9704694.756~9713550.499
김**,98101*********,010-*********,yejungi***************,20081645.403~20096929.8,부산광역********,2707593.672~2709942.663
임**,48092*********,010-*********,ji@yuh***********,18386429.458~18408037.178,충청북도 청**************,1376974.089~1378265.05
이**,12122*********,010-*********,ojunho***********,41037478.6~41042208.755,서울특별********,2367197.124~2371206.938
김**,86111*********,010-*********,jinhog**************,2953580.336~2980290.812,대구광역********,1316029.688~1319218.928
전**,57071*********,010-*********,jihun**********,84386014.075~84402752.334,울산광역시 ***********,44006459.297~44120257.905
김**,92121*********,010-*********,dryu@b*************,56682800.024~56704828.114,제주특별자치**************,865735.488~866951.166
오**,81032*********,010-*********,jiu49@*************,66884175.17~66932388.305,경기도 용인*************,5755972.855~5760173.417
최**,56121*********,010-*********,junse*********,22753568.837~22764572.042,충청남도 ***********,1497210.422~1497820.93
오**,70071*********,010-*********,seonghyeo******************,41112312.971~41153984.535,대전광역*********,24568569.709~24580144.752
배**,90110*********,010-*********,hwangeu**************,92732926.134~92750217.941,경상남도 ***********,29032409.848~29067783.175
윤**,67052*********,010-*********,hbag@j************,41003270.607~41009726.957,경기도 *******,6125294.028~6129757.636
노**,97120*********,010-*********,kbae*********,28610026.626~28626478.173,충청남도 **********,8074429.5~8083124.342
김**,65080*********,010-*********,borami*************,90732523.984~90750175.877,강원도 삼**********,3845711.743~3847262.368
김**,55062*********,010-*********,gyeongja*****************,18768272.133~18783223.547,세종특별자치*************,1754494.122~1755548.474
나**,67082*********,010-*********,gyeongsu******************,42251366.545~42266775.757,울산광역********,8059385.536~8066019.481
권**,49072*********,010-*********,jiuga*********,59759067.11~59768484.263,충청북도 청**************,12117338.903~12120627.53
김**,56100*********,010-*********,hongyuns*****************,82703847.587~82709078.364,전라북도 ***********,25393471.28~25404279.709
이**,96071*********,010-*********,mgim@y*************,16480686.22~16497844.98,서울특별*********,296257.625~297205.316
김**,85032*********,010-*********,ei@jus***********,33373436.946~33390216.997,강원도 철**********,8780472.242~8791662.972
이**,45022*********,010-*********,oim*******,53168457.806~53182939.513,대구광역********,5126303.009~5131563.4
안**,96122*********,010-*********,eungyeong******************,20063814.138~20081645.403,전라북도 전************,4821025.801~4823610.778
이**,91050*********,010-*********,gimeunyeo******************,32451039.416~32479693.088,경기도 *******,8688643.615~8696796.82
박**,65112*********,010-*********,gimjunse****************,79511178.994~79568280.771,부산광역*********,31774193.843~31814665.544
지**,72070*********,010-*********,sanghogi****************,94912903.259~94927663.781,대전광역*******,25367327.498~25393471.28
최**,49080*********,010-*********,hwangmigy*******************,51032278.567~51044456.448,광주광역********,285205.198~286083.082
이**,63102*********,010-*********,wgim*******,2337726.942~2362810.263,경상북도 ***********,161305.601~162143.261
김**,98072*********,010-*********,rjo*******,20815240.068~20828782.222,충청남도 ***********,11385862.35~11393244.869
박**,75050*********,010-*********,borams*************,51789954.469~51836342.443,인천광역*********,32620204.457~32681352.552
김**,47051*********,010-*********,qgim@g***********,57820007.648~57843823.077,제주특별자***********,374562.833~375982.83
김**,96061*********,010-*********,gangeun***************,69840726.345~69857531.023,제주특별자치**************,22626821.638~22664001.766
김**,06033*********,010-*********,minjae1***************,30446438.077~30455301.702,서울특별*********,5306139.042~5309045.839
김**,44040*********,010-*********,yeongj**************,66983688.488~67001326.398,경상남도 ***********,27036971.398~27062420.354
강**,49021*********,010-*********,usong@*************,85815025.648~85829895.98,세종특별자치*************,10034567.25~10042228.21
김**,96012*********,010-*********,yunyeji***************,68151901.926~68159101.352,울산광역********,19991781.098~20011459.296
송**,82122*********,010-*********,minseon****************,35355607.78~35364687.446,경상북도 포*************,5773901.197~5782874.305
강**,65121*********,010-*********,seonghun****************,43102453.064~43112202.238,강원도 *******,4231762.45~4233069.15
윤**,70121*********,010-*********,seong***********,9807904.967~9821289.724,전라남도 ***********,1384481.155~1391622.392
강**,64011*********,010-*********,namgyeong******************,62487980.595~62512861.212,충청북도 ***********,3611709.511~3614995.636
이**,91081*********,010-*********,yuncunj****************,82506089.498~82514851.56,경기도 *******,13536032.258~13539781.18
이**,71092*********,010-*********,jaehoha****************,7666320.882~7684094.912,인천광역*********,162758.2~164856.938
김**,71032*********,010-*********,bbag*******,76767334.982~76779035.481,전라북도 ***********,4118735.081~4122761.74
박**,80021*********,010-*********,jeonghyi*****************,70478816.466~70485581.876,대구광역********,8019301.127~8023089.406
황**,67122*********,010-*********,caeweon****************,76666859.114~76692220.01,대전광역********,8988344.39~8993878.752
김**,70061*********,010-*********,jeonghy****************,40366540.376~40390132.13,광주광역*******,13028252.41~13032965.574
강**,92020*********,010-*********,jihu*********,13330153.094~13338427.571,대구광역*********,3363846.179~3367998.023
박**,10031*********,010-*********,jongsu*************,91401609.647~91413870.193,울산광역********,13737430.939~13744215.255
박**,03061*********,010-*********,minjijo***************,46002490.694~46015821.818,충청남도 ***********,6730160.999~6734748.557
김**,08112*********,010-*********,sanghogw******************,16973252.224~16979263.81,충청북도 ***********,5613091.11~5618347.621
손**,11101*********,010-*********,haeu*********,34854959.767~34875910.223,대전광역*********,2676330.886~2679153.51
임**,49090*********,010-*********,sunogg*************,54812401.874~54842108.088,서울특별*********,1756671.747~1762897.929
엄**,73030*********,010-*********,minju**********,13844316.488~13874972.303,충청남도 ***********,4561521.274~4563820.776
김**,62052*********,010-*********,hyeonj*************,79080911.984~79101408.08,울산광역시 ***********,7756283.442~7761522.52
배**,12071*********,010-*********,jimin7**************,41372088.714~41396766.525,서울특별********,13028252.41~13032965.574
김**,92120*********,010-*********,dohyeo***********,44970253.79~45005366.962,충청남도 ***********,5244771.275~5248566.847
김**,92102*********,010-*********,ayun*******,50606934.795~50636315.872,경상북도 포*************,15536550.014~15549833.112
이**,07070*********,010-*********,coeyej************,50101687.341~50119444.243,강원도 영*********,6619828.892~6622544.223
윤**,50041*********,010-*********,gweony*************,13836583.401~13844316.488,인천광역*********,9015134.49~9019976.478
황**,02070*********,010-*********,doyun**********,91517939.936~91539581.144,경상남도 ***********,26976532.784~26996498.754
김**,88042*********,010-*********,hyeonji***************,5348049.0~5369208.466,울산광역시 ***********,729372.628~730288.813
김**,02052*********,010-*********,eungyeon*****************,62322826.79~62335132.889,인천광역*********,16870738.82~16897763.579
박**,59010*********,010-*********,lbag@g************,80611681.336~80627448.64,강원도 화**********,891423.153~893741.324
엄**,88061*********,010-*********,yeongs*************,95110162.399~95113553.458,부산광역*********,15121879.075~15135303.744
손**,00100*********,010-*********,subin4*************,64949806.38~64956120.72,경상북도 ***********,14511791.914~14522681.357
이**,70042*********,010-*********,xyan*******,71390518.008~71422009.909,세종특별자치*************,4001174.416~4004383.681
오**,63083*********,010-*********,ggim@y*************,97561770.846~97624130.177,대전광역********,15177545.209~15191557.064
송**,46070*********,010-*********,seoyeo***********,71477949.205~71518828.123,울산광역시 ***********,28178893.832~28193630.119
송**,62101*********,010-*********,ci@yu***********,68958787.561~68990608.962,제주특별자**********,11708651.444~11719402.864
박**,00072*********,010-*********,fgim@j*************,36966167.638~36988160.224,경상북도 포*************,10102378.403~10105050.542
박**,66030*********,010-*********,ai@jus***********,89170422.55~89219449.073,대구광역********,6230007.923~6244997.864
박**,56010*********,010-*********,gimyeong****************,45863451.858~45877780.958,전라남도 ***********,9485826.539~9489840.407
서**,75121*********,010-*********,ryuyeju***************,31249958.2~31306537.908,제주특별자치**************,7904388.04~7906711.638
권**,63090*********,010-*********,migyeo************,24609660.669~24628604.314,광주광역********,1577108.57~1578816.342
최**,08072*********,010-*********,zan******,8891960.816~8905482.8,경기도 연**********,4178636.882~4181133.67
박**,04121*********,010-*********,simseo**************,84105071.67~84153183.974,충청남도*********,1706524.147~1708509.534
이**,81121*********,010-*********,hayuno**************,45803041.418~45815273.465,충청남도 ***********,4242125.354~4244442.848
구**,55022*********,010-*********,uhan@*********,99049637.951~99054643.016,세종특별자치*************,422942.551~426764.453
황**,97121*********,010-*********,ii@i*********,18408037.178~18420817.913,제주특별자***********,4253401.565~4258588.713
이**,86051*********,010-*********,jbag@g***********,4692698.499~4735417.758,제주특별자치**************,685499.32~688342.752
김**,13101*********,010-*********,yeongsu****************,30537382.326~30546612.876,전라남도 ***********,6910318.344~6914713.365
박**,02072*********,010-*********,fi@yuh***********,24903307.324~24943678.877,대전광역********,15019406.731~15021406.778
장**,92061*********,010-*********,ngim@**********,17182857.12~17192382.241,세종특별자치*************,681196.932~682825.1
안**,59123*********,010-*********,ocoe@j*************,8925448.354~8940363.9,전라북도 ***********,4574797.821~4576319.382
김**,87020*********,010-*********,seojun1**************,41956471.59~41975720.564,경상북도 ***********,25549340.077~25559816.955
장**,92041*********,010-*********,junho55***************,7497999.636~7510197.892,세종특별자치**************,1461193.699~1463685.758
이**,91070*********,010-*********,ujingim**************,82430719.232~82435995.505,부산광역********,29669857.277~29673546.663
김**,01050*********,010-*********,gyeonghy*****************,4361495.232~4372797.368,제주특별자치**************,2788457.029~2790559.362
이**,61110*********,010-*********,seosiu@**************,19946469.826~19962687.83,충청북도 청**************,330470.948~331735.354
이**,84052*********,010-*********,jaehoi@**************,7263720.704~7278362.037,경상남도 ***********,1961814.056~1963746.482
박**,62111*********,010-*********,minseo*************,97673641.6~97691548.268,인천광역시*********,42299158.37~42365988.347
박**,84122*********,010-*********,sanghu**************,27290622.078~27322287.423,강원도 춘*********,10026178.591~10027456.605
박**,77040*********,010-*********,jongsug****************,53062710.314~53067324.189,세종특별자치*************,36014271.663~36048064.056
이**,99031*********,010-*********,hyeonu8****************,31359113.496~31383785.69,인천광역시***********,10149682.777~10152682.202
정**,11050*********,010-*********,jeongsu***************,48747416.204~48758905.382,세종특별자치*************,382306.956~383591.235
홍**,68032*********,010-*********,pi@******,45111635.072~45135007.332,경상북도 ***********,5244771.275~5248566.847
이**,04062*********,010-*********,cunjai************,91471435.203~91499730.635,대전광역********,11015845.505~11025916.726
김**,49011*********,010-*********,gimeu***********,20534545.533~20542510.261,제주특별자***********,957097.726~959066.344
최**,80053*********,010-*********,hyeon**********,91717456.8~91724383.005,부산광역시*********,9411699.924~9422261.274
이**,96053*********,010-*********,yjang@*************,8496780.726~8499259.467,세종특별자치*************,280694.571~281215.762
백**,81040*********,010-*********,eunyeo**************,94089461.467~94101854.039,인천광역시*********,19648118.967~19657255.354
이**,74060*********,010-*********,gimjon*************,13439229.398~13454297.633,경상북도 **********,4373247.204~4380615.086
박**,71082*********,010-*********,jbag@g************,7830944.774~7852184.77,서울특별시*********,689746.086~693267.114
한**,05091*********,010-*********,coejuw*************,25706300.734~25741596.671,경상남도 ***********,1711018.597~1712784.77
권**,67030*********,010-*********,yeongho**************,26803690.66~26823102.019,경상북도 **********,10644217.76~10654706.32
최**,83083*********,010-*********,hyeonj************,20348852.07~20382410.972,대전광역*********,1728997.576~1730463.92
한**,44032*********,010-*********,janghye**************,65186125.798~65198605.504,울산광역시***********,7623905.846~7629569.311
김**,91102*********,010-*********,sangce*************,18203645.144~18222893.091,충청북도 ***********,1505511.417~1508596.298
김**,54082*********,010-*********,jiyeo***********,34369821.432~34384687.633,부산광역시*********,1344634.79~1346868.552
윤**,09031*********,010-*********,hyejin9****************,5570018.924~5598282.367,충청북도 청**************,750675.743~751470.47
이**,88120*********,010-*********,yi@g********,86734841.8~86744200.052,경상북도 ***********,19357484.691~19367127.921
최**,60022*********,010-*********,minse*********,39875077.741~39889461.453,서울특별*********,5235677.632~5239028.665
김**,02122*********,010-*********,gimsangh****************,70810093.92~70830692.185,경기도 파**********,7143885.683~7148649.385
김**,98081*********,010-*********,eunseos***************,78487994.481~78541762.95,서울특별*********,38989548.693~39081729.39
윤**,89061*********,010-*********,ccoe*******,80763377.035~80773959.828,제주특별자치**************,32342453.434~32353266.217
김**,98050*********,010-*********,ao@ij*********,57820007.648~57843823.077,경기도 성**********,23812397.701~23825872.44
이**,94071*********,010-*********,ian@ju************,74460086.075~74466156.109,서울특별시*********,23325031.916~23330285.667
이**,44110*********,010-*********,yeongmib****************,72577912.936~72592391.876,강원도 화**********,9455271.796~9460866.509
최**,61101*********,010-*********,donghyeo******************,50203711.759~50231010.998,충청북도 ***********,1821608.891~1829202.942
한**,69122*********,010-*********,gimeun*************,89710121.42~89745827.966,울산광역********,9798194.783~9801658.674
허**,58081*********,010-*********,seongjin*****************,66526098.264~66539862.234,강원도 양*********,21267368.153~21275021.89
김**,03021*********,010-*********,yeweon***********,13844316.488~13874972.303,대구광역********,162143.261~162758.2
김**,76122*********,010-*********,junhogim*****************,48221974.552~48233687.946,대전광역********,4659752.252~4664121.738
박**,47031*********,010-*********,ujing*********,50378888.172~50391471.074,울산광역********,8688643.615~8696796.82
박**,00100*********,010-*********,yujin*********,76596630.838~76625984.48,경상남도 ***********,41954980.477~41974610.564
한**,94090*********,010-*********,ryujeon**************,32661998.372~32689362.371,충청북도 청**************,353347.257~354976.375
김**,65123*********,010-*********,gangyeo****************,52982967.927~53016922.892,부산광역********,27463980.446~27477178.976
황**,82042*********,010-*********,eungyeon****************,42178843.744~42191286.364,부산광역시*********,7388685.226~7391557.577
배**,74051*********,010-*********,nhong@***********,68958787.561~68990608.962,서울특별*********,28849231.924~28877061.413
김**,09021*********,010-*********,vgim@j*************,65932961.469~65952117.786,강원도 양**********,26563945.217~26572862.863
김**,94080*********,010-*********,yunseoco****************,14643243.426~14661565.754,인천광역********,4574797.821~4576319.382
최**,44040*********,010-*********,hyeonjug******************,53340527.962~53358628.084,서울특별*********,7704260.675~7705461.456
이**,52101*********,010-*********,pyang@*************,8851056.853~8880451.675,부산광역********,2218671.426~2221983.756
김**,69101*********,010-*********,cunja**********,2209838.706~2218684.973,경상남도 ***********,455012.039~455648.587
진**,04022*********,010-*********,gimminj**************,93507831.81~93540432.178,강원도 횡**********,57335206.718~57433209.592
장**,89111*********,010-*********,coegwan***************,70461827.37~70473412.945,강원도 삼**********,43511388.112~43519148.285
이**,89120*********,010-*********,pgim@**********,3312255.336~3320483.083,충청남도 ***********,803514.557~804420.013
김**,48122*********,010-*********,qgim@*********,82487261.313~82506089.498,대전광역*********,19341830.581~19357484.691
이**,04021*********,010-*********,jeongsun****************,96069709.552~96081232.165,광주광역********,69572831.823~70847249.392
노**,87021*********,010-*********,fhong@***********,50417267.488~50430375.474,경상남도 ***********,4501715.089~4503838.352
이**,53123*********,010-*********,eunyeong*****************,61620772.25~61629682.107,세종특별자치*************,9159586.875~9163159.843
이**,89041*********,010-*********,gyeong*************,34904413.614~34907686.656,전라북도 ***********,3443096.988~3444242.399
최**,81112*********,010-*********,junseo*************,46728498.33~46740080.454,충청북도 ***********,396995.603~400115.301
김**,92120*********,010-*********,yeongil***************,86274995.258~86311895.902,광주광역********,33945588.067~33960590.02
우**,64070*********,010-*********,ahwan*********,40880451.146~40927308.175,부산광역********,18748952.614~18782229.991
차**,82072*********,010-*********,hayun***********,44864838.841~44900216.24,제주특별자치*************,8774065.137~8776838.349
고**,89013*********,010-*********,dhon********,60822884.104~60831222.218,경기도 가*********,9704694.756~9713550.499
김**,45010*********,010-*********,donghy***********,57726720.816~57762645.147,광주광역********,7048928.537~7050877.08
김**,53051*********,010-*********,yeong**********,44385937.35~44398842.919,전라북도 전************,6470467.851~6472622.961
이**,89090*********,010-*********,seoyeon***************,44248314.365~44250190.278,충청북도 ***********,11172754.435~11174085.742
김**,55043*********,010-*********,bi@b********,86566319.31~86576072.623,부산광역*********,1246056.443~1248261.482
박**,72082*********,010-*********,yeeun4*************,81484316.549~81494907.33,충청남도 ***********,1189236.392~1196092.37
주**,98081*********,010-*********,gimcun***********,45981535.763~46002490.694,울산광역********,805804.198~809414.289
안**,08030*********,010-*********,seongj***********,24410931.91~24453713.877,서울특별*********,2799987.934~2802317.356
이**,72122*********,010-*********,minsu***********,11984096.731~12010766.074,제주특별자***********,1248261.482~1250182.807
홍**,74120*********,010-*********,gimmye***********,37239286.243~37278907.24,광주광역********,9505893.983~9507699.484
고**,88011*********,010-*********,pgim*********,58065996.286~58072554.242,전라북도 ***********,15201014.238~15203344.153
김**,11101*********,010-*********,jieun**********,72338087.36~72352929.777,전라북도 ***********,21194024.594~21209954.635
김**,94022*********,010-*********,hyeons************,71263299.499~71272163.432,대전광역********,606330.848~607683.373
한**,71082*********,010-*********,gangbo**************,89775732.648~89780547.249,광주광역********,15389457.345~15401545.216
김**,87081*********,010-*********,gyeongsu******************,60159138.834~60193619.871,부산광역시 ***********,1353189.098~1355662.94
김**,71062*********,010-*********,yeweon************,52633053.901~52646710.886,대전광역********,30262218.83~30269908.768
김**,85062*********,010-*********,coeji*********,93971709.042~93989028.586,경기도 고**********,20294553.393~20299434.941
이**,13013*********,010-*********,jia51@**************,96618507.371~96629365.884,울산광역********,39366325.75~39400453.083
김**,81102*********,010-*********,jgim*******,9558147.058~9603264.546,서울특별*********,722337.603~724688.725
김**,01052*********,010-*********,ebag@*********,18464697.805~18489962.052,충청북도 ***********,3324851.918~3328015.795
이**,98021*********,010-*********,sumini@**************,81462323.01~81484316.549,광주광역*******,42449197.529~42473667.083
이**,92071*********,010-*********,minseog***************,57109085.378~57122537.904,충청북도 ***********,6885343.682~6886732.17
김**,83121*********,010-*********,sangho**************,87162764.699~87185650.582,서울특별*********,368121.132~371585.252
이**,69092*********,010-*********,jihu16************,48991515.396~49006929.569,충청북도********,10006556.63~10015991.018
박**,62020*********,010-*********,yeongg**************,84641716.2~84651600.376,인천광역*********,43835263.704~43867918.276
황**,89051*********,010-*********,gyeongs****************,20328438.318~20348852.07,경상남도 창원***************,6184647.656~6187926.7
이**,94072*********,010-*********,caseun***********,10591921.118~10594710.062,전라남도 ***********,6541389.38~6547904.964
박**,97110*********,010-*********,seoyun**************,43640764.859~43676883.572,전라남도 ***********,15389457.345~15401545.216
유**,93082*********,010-*********,sangceo****************,63674594.36~63693007.617,경기도 안**********,18097283.646~18106130.766
김**,63052*********,010-*********,jeongsus******************,15372702.083~15391265.344,울산광역********,3467915.209~3469687.063
박**,75022*********,010-*********,bgim@g*************,94928661.157~94943159.8,경상남도 **********,9507699.484~9517154.628
김**,57042*********,010-*********,gimhae***********,51427001.616~51433536.875,전라남도 ***********,6573592.767~6574241.19
김**,53060*********,010-*********,yeongja9****************,50771636.001~50792384.603,서울특별*********,18047308.213~18055324.172
한**,68082*********,010-*********,seongm**************,34667425.879~34671276.324,광주광역*********,9276870.906~9280927.395
손**,07091*********,010-*********,seoyeo***********,86190907.746~86199776.119,부산광역*********,12314415.749~12333406.316
이**,52013*********,010-*********,hyeonj************,63349327.807~63363082.496,인천광역********,7594860.676~7604811.448
김**,52020*********,010-*********,jihugim**************,89364918.51~89377036.358,부산광역시*********,12442954.698~12444977.303
박**,14071*********,010-*********,eungye**************,91252026.63~91272383.868,경상북도********,7571319.676~7575608.036
박**,00042*********,010-*********,coejunye******************,27643250.416~27656049.258,세종특별자치*************,3334036.514~3338617.349
윤**,45052*********,010-*********,oseoyu**************,94795075.472~94819944.083,대전광역********,12661975.02~12672075.386
김**,76020*********,010-*********,seoyeong*****************,74029652.186~74047055.387,대전광역********,6765039.894~6766923.182
이**,77032*********,010-*********,yunji**********,19857627.621~19867789.315,경기도 *******,5517080.232~5523196.02
김**,49111*********,010-*********,seonghun*****************,79264314.877~79280767.734,울산광역********,32488626.31~32506831.09
강**,86022*********,010-*********,cunjac***********,87138210.579~87157048.757,대전광역*********,9581453.985~9583578.609
김**,90101*********,010-*********,gyeongs***************,63799914.045~63818862.213,광주광역*********,42065139.427~42169812.845
장**,07022*********,010-*********,seongsu1****************,68890666.399~68912194.725,세종특별자치*************,11217249.382~11224385.649
장**,63051*********,010-*********,vi@ba*********,49926205.647~49949824.944,인천광역*******,9577080.259~9581453.985
박**,80052*********,010-*********,bo@g*******,4511470.965~4556790.948,전라북도 ***********,1165091.389~1168978.324
이**,82032*********,010-*********,dcoe@y************,11183702.174~11206597.077,충청남도 ***********,3218779.092~3223826.342
김**,97080*********,010-*********,minjaeg***************,69989365.65~70046749.106,경상남도********,21073811.656~21081712.978
최**,66033*********,010-*********,bagminse****************,69933835.501~69964099.625,충청북도 ***********,3930180.216~3931985.924
이**,55021*********,010-*********,ijun*********,10439827.315~10453276.507,울산광역********,829058.663~829752.46
오**,06032*********,010-*********,seongsui****************,94476706.767~94506507.003,경기도 가*********,49580284.654~49643116.965
강**,02032*********,010-*********,vyu******,18841047.541~18855580.533,전라북도 ***********,8810805.032~8817534.659
김**,98062*********,010-*********,byeongce*****************,15403786.603~15433253.363,울산광역*******,2157886.58~2160453.025
주**,88021*********,010-*********,hyeonj************,98308690.668~98316900.543,울산광역*******,1425345.5~1425690.248
이**,47072*********,010-*********,seongho**************,48233687.946~48244329.98,세종특별자치*************,15150028.67~15153925.682
김**,67081*********,010-*********,imis*********,31061244.796~31084915.469,경기도 용**********,17442693.25~17456665.785
이**,87100*********,010-*********,byu@yu************,20393270.268~20416909.604,제주특별자치**************,4222162.347~4229684.904
장**,98060*********,010-*********,seohyeon******************,54253801.576~54276162.474,대전광역********,9551244.515~9564414.755
김**,49011*********,010-*********,jeongna****************,44398842.919~44414284.484,대전광역시*********,4526871.58~4531544.578
이**,52041*********,010-*********,boram*********,93744795.406~93759960.169,울산광역*********,12873788.872~12876319.985
노**,70011*********,010-*********,gimgye************,12618660.94~12629942.296,울산광역********,3609588.399~3611709.511
김**,95122*********,010-*********,gimjon**************,72421084.508~72437222.784,인천광역시*********,48809617.208~48893820.377
권**,12102*********,010-*********,areumhwa*****************,84859441.716~84871818.56,충청남도********,7112830.567~7116755.255
김**,10030*********,010-*********,hyeonj*************,6274097.101~6280687.522,인천광역*********,1159605.551~1160514.59
박**,04111*********,010-*********,osunog@**************,84629426.569~84641716.2,서울특별*********,20979784.922~20989803.903
이**,89042*********,010-*********,coeye*********,76560645.915~76573325.478,경상남도 ***********,35430365.169~35461770.457
박**,74060*********,010-*********,seongji***************,66709354.802~66726145.143,전라남도 곡***********,16216180.173~16221092.796
이**,69100*********,010-*********,lgi*******,56297646.9~56317855.01,경상북도 ***********,36982205.12~37080205.582
김**,49033*********,010-*********,coeseon****************,13266171.522~13273827.261,인천광역*********,4536616.694~4537792.012
안**,01110*********,010-*********,rmun@***********,77458439.201~77461041.455,서울특별*********,7787223.965~7790342.152
김**,01101*********,010-*********,seongm************,84153183.974~84170004.68,제주특별자치*************,25811258.562~25851905.473
이**,59101*********,010-*********,hyeon**********,48279795.607~48312576.78,전라북도 ***********,6899097.465~6910318.344
김**,77011*********,010-*********,junyeong****************,45618574.629~45643351.391,강원도 강**********,804420.013~804791.425
한**,91021*********,010-*********,yeongh*************,34055220.662~34068531.1,대전광역********,7054326.215~7054751.861
장**,55102*********,010-*********,ibag@**********,56487907.875~56505446.221,울산광역********,5267962.779~5271992.59
장**,84080*********,010-*********,hyeon*********,67764303.184~67772226.554,경상남도 ***********,17188364.547~17207943.782
이**,91011*********,010-*********,zi@gi***********,25206798.24~25209786.27,충청남도 ***********,15362186.046~15381713.382
김**,69081*********,010-*********,seungh**************,54503541.873~54517348.174,전라북도 ***********,42299158.37~42365988.347
주**,04082*********,010-*********,ngim@y*************,11859333.194~11886260.399,대전광역********,7966958.082~7970899.105
문**,64070*********,010-*********,ijuweon****************,81269369.985~81287475.498,전라북도 ***********,2036519.032~2041944.494
허**,51071*********,010-*********,gangsugj****************,81404500.603~81426751.184,부산광역*********,51819406.098~51982849.286
서**,88032*********,010-*********,wgim@b***********,3635877.906~3652336.33,광주광역********,383591.235~383970.938
이**,98080*********,010-*********,gimye**********,90690785.667~90710276.132,대전광역*********,22583010.682~22584310.657
손**,07011*********,010-*********,bagju***********,22795056.062~22815580.424,충청남도 ***********,15145768.902~15150028.67
김**,62031*********,010-*********,gimjeo***********,17014214.618~17022971.536,부산광역*********,6670276.234~6677081.92
이**,93121*********,010-*********,songj**********,51927222.074~51939541.644,강원도 삼**********,11582231.934~11588392.446
박**,63041*********,010-*********,mijeo***********,89170422.55~89219449.073,부산광역시*********,7231025.096~7238351.762
김**,85120*********,010-*********,jiyeo**********,8499259.467~8502565.356,세종특별자치*************,503490.341~505001.383
김**,72071*********,010-*********,qhan@***********,88128057.644~88135162.834,울산광역********,22252325.602~22282098.51
이**,80041*********,010-*********,gimjun************,79213521.529~79238760.44,강원도 평**********,7198431.011~7204478.389
박**,07120*********,010-*********,yeongsug****************,92457137.378~92480342.256,경기도 ********,39684808.626~39751793.684
김**,97101*********,010-*********,jiugi***********,92988617.422~93010232.274,충청남도 ***********,25899301.188~25915996.905
김**,55110*********,010-*********,jiweo**********,49402264.388~49422348.796,서울특별*********,13967123.477~13968813.249
우**,96101*********,010-*********,gyeongj****************,49516533.918~49534817.388,전라북도 ***********,1013192.607~1014621.776
이**,92021*********,010-*********,hyeonj************,27207487.916~27224097.487,제주특별자치*************,2648749.824~2651009.782
이**,96050*********,010-*********,songhye**************,80519787.823~80532927.739,서울특별시*********,34172272.406~34203888.262
류**,89070*********,010-*********,miyeong****************,20730253.643~20765102.083,인천광역시 ***********,6505382.147~6510211.001
이**,69092*********,010-*********,jaeho29***************,6036939.153~6068086.139,충청북도 ***********,2235213.384~2238387.359
김**,99090*********,010-*********,gimuji************,36714789.369~36744410.883,경상북도 ***********,2155583.176~2157509.804
김**,68100*********,010-*********,ogjaheo**************,20815240.068~20828782.222,대구광역********,3469687.063~3476352.408
고**,64092*********,010-*********,gyeonghy******************,24006572.1~24013919.399,전라북도 ***********,8399291.703~8404935.365
이**,13100*********,010-*********,jangmi***********,12665679.214~12676486.957,제주특별자***********,2672041.496~2673525.083
김**,03062*********,010-*********,sunog*********,99863619.371~99900084.217,충청북도 ***********,17343700.048~17362579.548
이**,04100*********,010-*********,yunseo6****************,79280767.734~79292326.382,제주특별자***********,36698354.771~36775941.877
김**,58110*********,010-*********,gweonj************,53062710.314~53067324.189,부산광역시*********,14164293.639~14172305.036
김**,44040*********,010-*********,jiu6********,33390216.997~33401625.571,충청남도 ***********,12827923.251~12831393.329
김**,97111*********,010-*********,bagjeo***********,57694412.812~57701929.072,경상남도 ***********,1990559.402~1993213.133
김**,10102*********,010-*********,jaehos**************,82085097.344~82106046.865,충청남도 천*************,2855954.564~2857372.27
박**,54051*********,010-*********,gimseo*************,56353546.145~56367125.622,서울특별*********,33960590.02~34007904.556
박**,81083*********,010-*********,eunjian****************,37947404.191~37960177.762,인천광역시 ***********,3155778.906~3158063.267
권**,98081*********,010-*********,heoeuny****************,77974194.995~77983300.883,경기도 성**********,15021406.778~15026827.708
장**,47050*********,010-*********,yeongmih****************,53295558.525~53301797.033,대전광역********,850743.505~856387.906
오**,92102*********,010-*********,ycoe*********,65852816.039~65872640.4,제주특별자치**************,7485906.996~7488914.596
김**,47050*********,010-*********,sugjaho***************,72988458.057~72998118.773,전라북도********,9791969.316~9798194.783
최**,08041*********,010-*********,psong@**************,9751943.919~9773674.474,부산광역********,2170458.79~2173875.541
윤**,09022*********,010-*********,gimyeo*************,4879218.238~4900897.176,경상남도 창원***************,1178729.319~1179058.368
신**,62080*********,010-*********,seonghy**************,68918182.487~68931222.526,서울특별시**********,8738295.62~8740702.562
이**,81062*********,010-*********,hajihy**************,70234048.718~70244603.628,충청남도 ***********,28593152.954~28612924.409
최**,47020*********,010-*********,ei@yuh***********,61736070.418~61746446.555,전라북도 전*************,833901.832~835094.28
강**,12030*********,010-*********,jieun0************,35430643.907~35434587.852,대구광역********,13021043.354~13024529.759
김**,13091*********,010-*********,junyeo************,14799762.097~14803247.439,제주특별자치**************,10239619.485~10249332.42
이**,10020*********,010-*********,wbag@g************,62533715.216~62546754.94,인천광역*********,8111408.862~8123398.49
김**,47120*********,010-*********,yejii@***********,84170004.68~84186604.731,충청남도 ***********,35430365.169~35461770.457
임**,13022*********,010-*********,jinhog**************,88355264.732~88385875.72,전라남도 ***********,24223665.557~24237253.144
김**,46050*********,010-*********,jeongsug****************,18203645.144~18222893.091,인천광역*********,2587287.22~2587920.334
김**,94010*********,010-*********,iyejin**************,94008177.719~94032880.248,전라남도 ***********,16424707.562~16432835.187
권**,58041*********,010-*********,tbag*********,42438983.442~42447856.057,경상북도 ***********,8409050.0~8420831.821
신**,51060*********,010-*********,sunja86**************,35917099.968~35952035.594,충청북도 단***********,4444164.187~4448025.37
김**,77110*********,010-*********,seong***********,5729217.648~5733253.646,전라북도 ***********,2857372.27~2858790.426
강**,02031*********,010-*********,eungyeon****************,34162681.578~34176027.968,충청북도 ***********,9136307.051~9141087.114
김**,72011*********,010-*********,yeongs***********,47030177.388~47036535.924,광주광역시*********,16243471.354~16249433.41
오**,00102*********,010-*********,yi@*****,17192382.241~17230899.618,강원도 횡**********,11116686.717~11119764.31
이**,05031*********,010-*********,bageunje*****************,41188812.307~41217561.373,울산광역********,17266063.159~17272522.328
김**,82011*********,010-*********,yeongh************,33796505.058~33819578.629,경기도 가*********,7509171.122~7514643.858
황**,75092*********,010-*********,seoyeon3****************,81494907.33~81512279.916,서울특별시**********,6334007.428~6339908.535
이**,85070*********,010-*********,sanghy************,73087328.794~73096730.5,강원도 정**********,4973639.104~4977757.221
김**,73032*********,010-*********,ryusanghy******************,58559314.205~58568624.805,울산광역********,31298604.553~31353804.24
김**,57051*********,010-*********,boram*********,34701673.532~34742666.398,부산광역*********,10802938.194~10808058.298
김**,73122*********,010-*********,gimseo************,49061923.732~49083346.407,경상북도 ***********,6581655.309~6584601.736
박**,89070*********,010-*********,gimyeon***************,93726209.896~93737573.525,대전광역********,38938187.7~38989548.693
김**,87051*********,010-*********,nbag@g*************,89315176.134~89334026.611,충청북도 ***********,22252325.602~22282098.51
이**,79022*********,010-*********,hyeon***********,5663031.9~5675019.912,대구광역********,2056843.806~2057516.973
김**,67090*********,010-*********,icoe@j************,46947131.588~46979268.121,충청북도 ***********,8696796.82~8709274.809
서**,62071*********,010-*********,eunjeong****************,25198143.051~25206798.24,인천광역시*********,3934104.356~3938382.88
박**,50062*********,010-*********,ibag@**********,10924153.14~10950256.359,경상북도 ***********,1785296.337~1787047.176
김**,90071*********,010-*********,hyeji**********,44524794.634~44542862.115,제주특별자치**************,5043019.887~5044797.148
박**,64120*********,010-*********,zgang@**************,78297322.155~78316521.792,전라북도 전************,15021406.778~15026827.708
이**,98111*********,010-*********,yeongil***************,28743134.84~28788682.525,충청남도 ***********,1794635.536~1799871.603
장**,94102*********,010-*********,ijeon***********,72090251.486~72096568.898,충청북도 청**************,27029789.731~27036971.398
김**,55110*********,010-*********,tha*******,7252300.59~7262253.021,서울특별*********,2238387.359~2240255.247
나**,58100*********,010-*********,iyujin@**************,6150924.33~6155510.074,충청북도 ***********,795436.474~796731.871
윤**,90091*********,010-*********,gimyeo*************,2316527.539~2337726.942,인천광역시 ***********,375982.83~376484.294
김**,59042*********,010-*********,iareum***********,20393270.268~20416909.604,충청남도 ***********,3123381.571~3133930.744
강**,13010*********,010-*********,subinso****************,94506507.003~94524233.841,경기도 *******,4015041.272~4016469.254
박**,98120*********,010-*********,uyeong*************,50041922.302~50101687.341,경상북도 ***********,23188720.693~23197547.215
김**,88090*********,010-*********,hanjieu***************,44557804.608~44580695.204,경상남도 ***********,26046213.687~26071400.737
김**,65051*********,010-*********,hyejin0***************,28718652.465~28727389.58,부산광역시*********,8168115.434~8172769.497
류**,79101*********,010-*********,bagyeweo*****************,21427562.586~21454199.376,전라북도 ***********,6553718.977~6559988.456
김**,74091*********,010-*********,seonyeo****************,51765195.808~51769173.826,인천광역********,20174098.74~20198660.502
박**,52110*********,010-*********,jeong***********,35443510.976~35461069.605,울산광역********,8621435.935~8625612.99
박**,97010*********,010-*********,gjeon***********,39727741.594~39743398.232,강원도 춘*********,10015991.018~10021925.605
고**,71051*********,010-*********,hbae*******,88225171.883~88235207.806,울산광역********,6358327.758~6362703.914
최**,84062*********,010-*********,osum*********,79370709.256~79375152.324,경상북도 ***********,21396685.691~21412056.809
허**,47032*********,010-*********,seongsub*****************,21588692.83~21602187.443,경기도 *******,8833416.465~8841140.632
김**,12060*********,010-*********,eunju6*************,94535016.505~94553745.14,경상남도 ***********,51522582.288~51691918.409
김**,60030*********,010-*********,jaehog***********,33441036.962~33458693.279,세종특별자치*************,4167385.678~4171584.667
김**,87111*********,010-*********,seungh*************,11947589.513~11952191.912,충청북도 ***********,1052747.503~1053333.807
이**,62062*********,010-*********,yeji80@**************,41502604.161~41530575.718,대전광역시*********,3119510.59~3123381.571
김**,14120*********,010-*********,zgwe********,95963607.015~96017161.885,충청북도 청**************,27775137.095~27786190.542
장**,62011*********,010-*********,jinho*********,42513470.441~42533819.207,전라남도 ***********,10414603.104~10417256.398
정**,44100*********,010-*********,minseog9****************,78753357.122~78757391.713,충청북도 ***********,6353945.78~6355531.275
이**,47051*********,010-*********,seungmin*****************,46887853.19~46916386.18,광주광역********,14913312.205~14918201.833
이**,65103*********,010-*********,hongeunje******************,78214371.55~78230511.462,전라북도 ***********,28268822.566~28333035.271
이**,71032*********,010-*********,hyeonu************,89025491.658~89041575.892,부산광역시**********,29074592.544~29139115.213
김**,00062*********,010-*********,gimjin***********,73994074.019~73997133.38,대구광역********,14318241.941~14329173.806
김**,61052*********,010-*********,ieunji@***************,66272591.635~66295765.569,울산광역********,22949901.2~22966372.591
김**,52110*********,010-*********,ugim********,72592391.876~72613168.25,경상북도 **********,134674.583~135614.03
손**,72070*********,010-*********,gimjeo************,21684780.702~21698378.173,충청북도********,1138256.141~1140878.972
심**,75092*********,010-*********,isumi*********,42144382.507~42162869.836,부산광역시**********,2971514.121~2976019.947
주**,77122*********,010-*********,ijunho*************,9821289.724~9875965.966,전라북도 ***********,973389.754~973672.0
최**,68070*********,010-*********,igim@y*************,74466156.109~74491773.446,충청남도 천**************,1762897.929~1768037.4
최**,85020*********,010-*********,egim@y*************,59492419.656~59522362.976,세종특별자치**************,19864605.089~19882108.322
황**,60041*********,010-*********,gimjih*************,96458536.339~96464861.216,충청북도 ***********,330470.948~331735.354
황**,08032*********,010-*********,seunghye*****************,27582454.764~27601851.072,경기도 포**********,4051362.872~4057159.106
김**,52030*********,010-*********,bmun@r*************,2140362.098~2173928.382,충청북도 ***********,1252649.499~1253124.338
이**,87021*********,010-*********,eunyeo*************,8778446.354~8851056.853,충청북도 ***********,3324851.918~3328015.795
오**,66101*********,010-*********,jungsu***********,87709850.268~87737123.346,경상북도 ***********,10421919.794~10426855.399
안**,14082*********,010-*********,yeongc*************,40178337.933~40183719.962,서울특별*********,13095423.286~13099479.25
양**,60102*********,010-*********,eunseo*************,90527568.934~90563821.829,서울특별*********,31112232.662~31123982.333
류**,85111*********,010-*********,oseongj**************,92125269.416~92139390.527,제주특별자치**************,8948566.132~8951341.324
조**,99032*********,010-*********,sunja32***************,39948054.747~39965734.169,전라남도 ***********,15164669.617~15170593.606
이**,58053*********,010-*********,sanghun**************,7092667.428~7115086.792,대구광역*********,508548.66~510259.986
김**,75112*********,010-*********,gimjun**************,97499608.825~97514591.663,경상남도 ***********,45140141.037~45282660.19
황**,82012*********,010-*********,eunyeo***********,42863077.161~42872896.429,대전광역********,22192728.694~22252325.602
서**,91021*********,010-*********,ejang@**************,51347938.021~51356041.504,서울특별시***********,12872384.276~12873788.872
조**,97010*********,010-*********,imis*********,94903921.902~94912903.259,대구광역시 ***********,39429201.066~39452721.403
김**,72091*********,010-*********,mseong***********,6462362.001~6479615.976,강원도 삼**********,374562.833~375982.83
최**,98070*********,010-*********,gimseong*****************,20547052.16~20557847.839,울산광역********,2005838.586~2007536.492
심**,00102*********,010-*********,baghye***********,38541231.625~38559314.628,경기도 광주************,7255674.301~7262744.697
오**,05072*********,010-*********,zbag@y*************,62028989.214~62057544.997,대전광역********,886635.472~888407.08
지**,83120*********,010-*********,gimbora***************,94553745.14~94578262.022,부산광역시*********,8765677.84~8772738.387
이**,56030*********,010-*********,minsu*********,66877257.378~66884175.17,전라남도 ***********,6644973.049~6660803.488
권**,78030*********,010-*********,gwangsu5*****************,40178337.933~40183719.962,경상북도 **********,10553967.365~10563998.69
조**,58052*********,010-*********,jeongung*****************,83943347.163~83959721.894,경상북도 ***********,20645175.037~20652659.589
송**,01092*********,010-*********,jeongsun*****************,18356027.952~18386429.458,경상북도 ***********,1736269.456~1737061.043
이**,02030*********,010-*********,boramna****************,98027675.842~98060915.517,전라남도 **********,12028230.068~12033807.112
이**,67071*********,010-*********,byeong*************,11310439.832~11348344.904,경상남도 ***********,2347723.272~2350223.341
문**,02120*********,010-*********,sunjas***********,75789152.139~75825884.206,대전광역*********,19069757.788~19077499.276
하**,53051*********,010-*********,qgim@**********,25543780.936~25545482.504,광주광역********,3516382.5~3518349.378
최**,10101*********,010-*********,minjaeja****************,87698633.334~87709850.268,전라남도 ***********,28625443.2~28650480.518
심**,94020*********,010-*********,ibag@y************,55101459.144~55112751.419,서울특별*********,3090137.3~3093798.146
이**,54031*********,010-*********,mijeon***********,78377877.336~78400199.796,인천광역*********,25187779.826~25200460.116
권**,52091*********,010-*********,jeongs***********,41273850.066~41305839.025,경상남도 **********,1353189.098~1355662.94
서**,87103*********,010-*********,ogim@***********,59013256.398~59049525.209,제주특별자치**************,28727863.084~28747898.378
김**,68090*********,010-*********,baghayu**************,28650828.27~28677702.776,서울특별*********,8860526.946~8864273.693
허**,05033*********,010-*********,hbag@j************,49167962.915~49187274.634,경상북도 포*************,7371953.235~7375975.48
강**,97122*********,010-*********,iyeongm****************,81177289.26~81202634.902,인천광역*********,33917107.539~33945588.067
문**,67120*********,010-*********,yanghyeon******************,94868903.329~94873100.874,인천광역*********,14480972.13~14491416.071
한**,99030*********,010-*********,seoyeong*****************,79280767.734~79292326.382,세종특별자치*************,39958955.99~40069949.71
박**,72012*********,010-*********,gangyeon*****************,80678123.216~80706156.49,경상남도 ***********,50959074.208~50983585.654
윤**,57091*********,010-*********,seogyeon*****************,75841224.887~75862815.437,전라북도 ***********,3836041.074~3838209.004
남**,93101*********,010-*********,gimse**********,28139744.496~28167915.531,인천광역시*********,11282386.05~11287875.607
김**,70030*********,010-*********,minju**********,75895578.761~75907380.848,서울특별*********,47420690.693~47486349.429
나**,62032*********,010-*********,junho25**************,22795056.062~22815580.424,강원도 평**********,7659924.258~7661952.026
김**,60012*********,010-*********,rgim@***********,16195909.346~16206800.33,강원도 평창***********,1062810.202~1066482.211
최**,14050*********,010-*********,myeongsu******************,95521025.257~95525484.079,대구광역시 ***********,25783497.536~25811258.562
박**,07051*********,010-*********,yeongsun*****************,96644145.34~96672182.723,충청남도 천**************,23508869.824~23565181.479
이**,66052*********,010-*********,gimjiye***************,5934141.078~5939033.62,전라남도 ***********,1017350.41~1018884.524
이**,67042*********,010-*********,gimog*********,43596986.862~43606513.694,광주광역********,14851261.85~14856179.057
김**,12112*********,010-*********,jeongs**************,81765788.496~81788240.817,강원도 홍*********,4343459.035~4348303.656
홍**,03070*********,010-*********,ryudoyu****************,43818730.472~43852102.261,부산광역시*********,8251208.664~8256972.396
김**,46121*********,010-*********,vmin@j*************,62598992.523~62615876.069,충청북도 ***********,1158264.042~1159605.551
이**,87101*********,010-*********,iyeji**********,89910826.084~89912997.064,경상북도 ***********,2807686.971~2812015.398
윤**,85110*********,010-*********,vi@jus***********,74069618.575~74082693.908,전라남도 ***********,30519432.259~30546211.076
서**,71022*********,010-*********,mryu@***********,27224097.487~27236386.612,부산광역시**********,7301248.947~7314387.908
서**,72060*********,010-*********,ygang@**************,3478365.254~3488559.446,전라남도 ***********,588421.159~589055.676
이**,84040*********,010-*********,ji@g*********,21263077.69~21278850.159,전라남도 ***********,1349442.946~1350949.442
박**,46092*********,010-*********,areum*********,95901376.637~95919974.584,충청북도 ***********,12932987.125~12938784.827
안**,82120*********,010-*********,oha*******,92732926.134~92750217.941,세종특별자치*************,18318564.689~18323265.4
김**,52071*********,010-*********,myeongsu******************,94734179.764~94753019.912,강원도 정**********,8776838.349~8780472.242
한**,87100*********,010-*********,jinug*********,82514851.56~82526158.793,제주특별자***********,17663199.304~17696538.464
임**,67063*********,010-*********,eunyeong****************,54176780.069~54201282.872,경기도 양**********,14951414.885~14964134.195
성**,57070*********,010-*********,bi@ic**********,29467932.593~29471260.906,충청북도 ***********,1755548.474~1756671.747
임**,06110*********,010-*********,imjinh***********,40466671.22~40503344.146,인천광역*********,4657770.83~4659752.252
이**,57123*********,010-*********,jiweon************,25545482.504~25570602.277,광주광역*********,6466511.194~6470467.851
최**,13062*********,010-*********,hyeons***********,57156624.158~57169827.093,강원도 *******,632697.599~633788.27
송**,62012*********,010-*********,ti@yuh***********,84386014.075~84402752.334,대전광역********,35101863.439~35154661.363
이**,48081*********,010-*********,myeongsu******************,29181780.987~29189405.88,울산광역********,8376291.57~8379375.354
심**,70032*********,010-*********,uhe*******,10109111.084~10118831.674,경상남도********,703712.483~704594.082
김**,96101*********,010-*********,bagyeo**************,47936378.775~47948190.708,충청북도 ***********,4233069.15~4238406.282
정**,87010*********,010-*********,minjic**************,14995976.538~15033509.361,경기도 성**********,2732696.251~2736421.229
남**,63032*********,010-*********,ohaeun************,61822318.13~61867452.8,광주광역*********,37552870.894~37581475.582
최**,68100*********,010-*********,gimjihy***************,18569992.663~18580106.93,서울특별시**********,8903979.572~8908227.593
최**,49051*********,010-*********,gimyew*************,74388882.444~74395259.169,충청남도 ***********,16796106.2~16801902.834
임**,03040*********,010-*********,coejun**************,67422677.922~67449313.368,대전광역********,1747423.221~1751385.758
최**,79030*********,010-*********,wgang@*************,94640093.487~94651269.028,세종특별자치*************,1476309.296~1478798.448
김**,08022*********,010-*********,yeeun***********,96112306.292~96127658.762,경상북도 ***********,36266178.945~36315179.445
이**,68041*********,010-*********,subin07**************,12289402.24~12304192.131,울산광역시 ***********,3208960.044~3211648.743
김**,05061*********,010-*********,bsong***********,6853293.351~6877037.582,인천광역시 ***********,3170624.948~3173068.728
이**,52092*********,010-*********,eunseo0***************,79591613.328~79616649.912,서울특별*********,5767310.239~5773901.197
김**,83012*********,010-*********,json*******,38019576.165~38051692.787,충청남도 ***********,7908244.987~7911086.145
곽**,93111*********,010-*********,seungm***********,7424023.228~7447360.692,제주특별자치*************,1713517.601~1717437.468
조**,95110*********,010-*********,myeongj***************,57913577.976~57940035.4,울산광역********,2150153.803~2152131.272
송**,82042*********,010-*********,miyeon***********,92578593.782~92581690.584,경기도 용**********,14057855.719~14065023.038
김**,62040*********,010-*********,minjun************,53731813.318~53737298.755,세종특별자치*************,4768043.702~4769769.495
이**,85102*********,010-*********,yeongc*************,56353546.145~56367125.622,대전광역********,10738124.292~10750351.15
박**,10030*********,010-*********,obag@***********,76246292.724~76263539.984,전라남도 ***********,3900914.775~3902251.492
윤**,93122*********,010-*********,jihu57***********,59982682.865~60008496.494,광주광역********,8980981.388~8988344.39
정**,73010*********,010-*********,caeweon0****************,4252432.871~4265181.12,대구광역********,117476.544~122197.909
이**,59082*********,010-*********,gimjun************,65334828.775~65369779.562,전라남도*********,2282249.145~2284206.189
심**,91111*********,010-*********,sujing************,34076933.817~34102402.789,경상북도 ***********,3049923.734~3053962.256
구**,97020*********,010-*********,eunjugi****************,47749270.208~47761374.284,광주광역********,25745144.352~25770769.875
김**,73102*********,010-*********,sgim@*********,71349716.218~71369573.633,서울특별시*********,8215265.593~8226414.538
이**,54101*********,010-*********,gimseohy*****************,25251347.787~25259445.284,광주광역********,4766646.106~4768043.702
김**,01111*********,010-*********,gimeunju****************,99159957.872~99162978.293,인천광역시 ***********,12917226.188~12925893.023
정**,96061*********,010-*********,gimjunse****************,12525296.232~12529537.623,강원도 양**********,726596.361~727233.75
김**,86070*********,010-*********,hanse***********,24166235.824~24176990.568,강원도*******,4360813.4~4365107.585
이**,54071*********,010-*********,gimjeo**************,81726292.085~81732782.785,부산광역*********,18973005.737~18985971.991
이**,61110*********,010-*********,xi@******,65756941.714~65799622.539,인천광역시 ***********,4786046.837~4800307.4
장**,89030*********,010-*********,hyeon***********,75885646.384~75895578.761,경상북도 ***********,37607711.149~37647199.634
김**,74092*********,010-*********,cim*******,98208726.091~98233326.032,전라남도 ***********,43132897.33~43237097.548
이**,63070*********,010-*********,yeongsu****************,5693429.988~5711124.74,대구광역********,104967.113~105407.94
최**,77090*********,010-*********,seungmin******************,81659994.456~81688992.084,강원도 홍***********,19254640.074~19262809.802
박**,14040*********,010-*********,jinu********,68132143.251~68151901.926,경상남도 ***********,10127219.659~10134169.97
문**,02052*********,010-*********,gimseoy***************,93666558.062~93669629.563,충청북도 ***********,3557172.374~3559888.275
이**,07041*********,010-*********,minjii*************,79995788.55~80005269.398,경상남도 ***********,2847351.871~2850108.194
강**,05051*********,010-*********,qgo@ju************,78650734.419~78670245.688,제주특별자치*************,7724534.087~7729731.354
이**,10110*********,010-*********,geonugi****************,86321837.73~86325539.051,경기도 *******,15302608.717~15306263.336
최**,74021*********,010-*********,gimdoh***********,41411637.044~41447476.122,제주특별자치**************,8948566.132~8951341.324
우**,93072*********,010-*********,igyeong**************,15477940.021~15485587.102,광주광역*********,417158.259~419562.2
김**,93051*********,010-*********,jeongs***********,30487918.054~30496266.155,강원도 삼**********,11063185.74~11068009.343
조**,87041*********,010-*********,jihyegi***************,69811655.323~69840726.345,경상남도 ***********,39130677.906~39150590.918
김**,12071*********,010-*********,cunja*********,34257994.58~34264382.549,광주광역*******,11757531.476~11764662.583
김**,95072*********,010-*********,imins***********,79004444.48~79025338.681,대구광역********,13285135.41~13290378.291
이**,66013*********,010-*********,coeseo***********,80706156.49~80742659.815,경기도 안**********,35296571.449~35345255.974
이**,56031*********,010-*********,ryujungs****************,38673852.317~38683961.744,세종특별자치*************,24987589.48~24997316.563
최**,77010*********,010-*********,yeongho6****************,4849349.626~4879218.238,서울특별*********,517561.061~518527.418
김**,14081*********,010-*********,tmin@**********,31659473.999~31702918.256,대전광역********,200192.506~201460.13
안**,04082*********,010-*********,yeongs***********,60717087.482~60742106.7,울산광역********,431036.536~433766.607
홍**,10030*********,010-*********,hyeonjeon******************,77974194.995~77983300.883,광주광역********,5545036.356~5547987.84
이**,65120*********,010-*********,gimsangh*****************,30713226.025~30726945.422,세종특별자치*************,3496628.186~3497913.401
김**,86081*********,010-*********,hanjun***********,95329394.07~95331428.594,인천광역********,11088460.798~11097266.441
정**,50010*********,010-*********,yunseoyu****************,53822639.209~53842034.37,전라북도********,2488017.934~2491077.297
배**,60020*********,010-*********,yeong***********,42549096.119~42566238.84,경상북도 **********,8625612.99~8632769.423
백**,46060*********,010-*********,yeongji***************,29159099.228~29173227.792,경기도 안*********,2595893.453~2599766.325
이**,99012*********,010-*********,han******,54581849.199~54595595.145,충청북도 ***********,22837259.322~22848353.483
박**,48020*********,010-*********,jungs**********,71159809.635~71195032.643,서울특별*********,20545426.427~20552972.578
이**,70071*********,010-*********,vseo@***********,75057959.62~75108826.879,세종특별자치*************,4334338.47~4339875.267
김**,63012*********,010-*********,jiyeongg*****************,50896198.917~50919590.864,부산광역*********,29558243.537~29577239.74
이**,54121*********,010-*********,jongsu*************,58426815.429~58442292.661,부산광역*********,9350743.629~9355420.736
박**,98100*********,010-*********,qgim*******,37003943.765~37011934.015,경기도 *******,5659521.802~5663123.9
김**,50010*********,010-*********,gimyeo**************,11023528.852~11032706.181,충청북도 ***********,1303872.01~1306127.14
서**,52041*********,010-*********,minjun************,69497353.61~69566876.693,인천광역*********,4639652.163~4641004.028
문**,86053*********,010-*********,ygim@**********,58814909.669~58844857.86,울산광역********,9373965.248~9379642.4
황**,48102*********,010-*********,fi@*****,60847090.288~60857643.852,전라북도 전*************,8365599.487~8376291.57
김**,03050*********,010-*********,khwang**************,95202126.941~95214363.144,서울특별*********,7850360.854~7856653.346
박**,47033*********,010-*********,rgang**********,99563033.718~99600827.915,울산광역********,9113526.741~9123394.916
이**,69010*********,010-*********,hyeonje***************,39691566.694~39717241.197,울산광역시 ***********,13451098.071~13454416.776
김**,73111*********,010-*********,doyuni@**************,59793951.083~59807687.856,부산광역********,4709978.486~4713292.076
이**,48051*********,010-*********,dgang**********,61646976.316~61672650.783,광주광역********,8376291.57~8379375.354
김**,88071*********,010-*********,jeongsun****************,84982735.928~84992780.62,충청북도 ***********,37552870.894~37581475.582
오**,47051*********,010-*********,ujinb*********,20863841.013~20883225.809,인천광역시 ***********,11699649.955~11703117.203
류**,96031*********,010-*********,seunghyeo******************,71666542.718~71709269.953,인천광역*********,295625.554~296257.625
박**,73011*********,010-*********,seongh*************,87737123.346~87763602.068,전라북도 ***********,2081960.869~2083221.549
양**,55122*********,010-*********,coesan************,8076020.645~8083908.51,광주광역********,2379822.896~2384432.118
류**,79042*********,010-*********,gangy***********,48084231.37~48125065.458,충청남도 천**************,24260311.495~24267752.701
박**,09090*********,010-*********,qgim@s*************,99162978.293~99185687.333,경상남도 ***********,32464931.184~32488626.31
이**,07081*********,010-*********,seohyeo***************,58670037.076~58684473.008,울산광역시 ***********,1042844.164~1046374.558
배**,97121*********,010-*********,yeongja***************,4239652.181~4240982.949,경상북도 ***********,661963.802~664907.58
김**,07010*********,010-*********,seongs*************,42613785.64~42634417.507,전라북도 ***********,2888433.882~2890595.54
강**,00070*********,010-*********,wgim@g***********,3426129.239~3448666.985,충청북도 ***********,615261.241~621328.435
신**,44042*********,010-*********,ngim@g*************,99049637.951~99054643.016,강원도 철**********,31123982.333~31129615.65
김**,94081*********,010-*********,pcoe@**********,29486990.389~29504703.648,제주특별자치*************,10073567.201~10078164.472
김**,53051*********,010-*********,kbaeg***********,7992153.177~8022434.678,전라남도 진***********,130114.771~131671.184
김**,05101*********,010-*********,yeong***********,88478541.23~88530366.515,대구광역시*********,8803278.888~8806788.789
엄**,49030*********,010-*********,csong@**************,55818368.58~55867925.731,광주광역********,20915820.175~20922564.33
정**,65031*********,010-*********,sunog*********,26177461.611~26217781.499,세종특별자치*************,541662.483~542039.514
하**,06080*********,010-*********,bagsu*********,33960199.851~34009050.384,제주특별자치**************,1417319.427~1420394.023
이**,78122*********,010-*********,anseo***********,77361695.99~77365931.577,강원도 화**********,3639086.342~3643498.523
김**,13100*********,010-*********,goseo**********,21629645.948~21638693.304,부산광역시**********,2804703.712~2806190.95
차**,94071*********,010-*********,sumin96***************,89476930.334~89479997.002,강원도 화**********,38633790.295~38704079.061
강**,84090*********,010-*********,wgim@j************,9954217.377~9969536.592,전라북도********,7094264.222~7096493.36
이**,88122*********,010-*********,ii@b*******,80986304.11~81001613.864,경상남도 ***********,8491643.074~8494924.059
오**,86052*********,010-*********,myeongsu******************,87568390.249~87585975.121,인천광역*********,29673546.663~29699493.683
허**,49042*********,010-*********,jeongho9*****************,57534960.107~57577638.656,광주광역********,11273464.54~11279606.535
김**,81072*********,010-*********,jeongho**************,22833605.471~22878693.082,충청북도 청**************,9169938.851~9173259.914
엄**,99111*********,010-*********,ihyej**********,97514591.663~97536817.135,경기도 *******,44780917.74~44837361.95
장**,12123*********,010-*********,igyeo***********,74029652.186~74047055.387,세종특별자치*************,7021289.701~7023452.322
김**,14060*********,010-*********,gimeunj***************,83149392.144~83167641.7,제주특별자***********,24051619.787~24075786.724
전**,98092*********,010-*********,migyeong*****************,80896912.744~80921022.54,전라북도 ***********,8900319.376~8901179.764
이**,04122*********,010-*********,subingi***************,28818158.334~28822601.23,전라북도 ***********,18692676.244~18719442.354
김**,13100*********,010-*********,lmun*******,70524094.581~70543212.08,경상남도 ***********,6376868.133~6383857.456
이**,71051*********,010-*********,boram2*************,24738425.724~24758090.699,대구광역********,9751479.253~9756816.501
서**,55052*********,010-*********,bagjeong*****************,60468567.542~60510929.877,부산광역시*********,9251016.256~9254794.751
이**,78122*********,010-*********,byeong**************,84319202.741~84335437.467,부산광역*********,9865218.58~9871908.011
한**,99111*********,010-*********,yeongsun*****************,2076886.258~2106728.314,서울특별*********,277674.219~279948.7
김**,77102*********,010-*********,jinho0***********,9914121.286~9926539.21,경상북도 ***********,4415178.628~4418413.253
박**,05020*********,010-*********,coemi**********,75152458.122~75161984.412,부산광역시**********,34203888.262~34238732.666
심**,62102*********,010-*********,sugjagi***************,42114371.195~42144382.507,경상북도 ***********,3350875.621~3354178.713
우**,00101*********,010-*********,gimjunh****************,87222838.017~87227887.12,세종특별자치*************,24099253.667~24122240.226
이**,12102*********,010-*********,seohyeon******************,84067735.937~84096662.545,제주특별자치**************,2134713.145~2135654.557
김**,11112*********,010-*********,ijiye*********,64386760.947~64400609.472,충청남도 **********,26433651.18~26466379.961
이**,49101*********,010-*********,junyeon****************,8315279.139~8336687.928,세종특별자치*************,726276.195~726596.361
김**,47072*********,010-*********,minsu5*************,7497999.636~7510197.892,경상남도 **********,881892.851~883554.814
심**,63090*********,010-*********,gimseon***************,28807122.625~28818158.334,서울특별*********,2146742.778~2149009.526
남**,62022*********,010-*********,ogjaya*************,21698378.173~21712226.981,대전광역*********,4191033.032~4195541.334
강**,64112*********,010-*********,seoyun**************,92684364.435~92708738.173,경기도 포**********,2079714.4~2081960.869
김**,84060*********,010-*********,sangh***********,16539213.968~16545540.404,충청북도 ***********,2399448.907~2404451.504
박**,50102*********,010-*********,qsi*******,99275711.092~99285505.557,충청남도 ***********,1289118.416~1292187.478
김**,47070*********,010-*********,gimyeong******************,57122537.904~57139998.27,충청북도 ***********,8856675.454~8860526.946
이**,70101*********,010-*********,jeongsu****************,29883516.641~29905530.291,충청북도 ***********,20294553.393~20299434.941
김**,08022*********,010-*********,jangju**************,22369660.762~22393503.499,경기도 연**********,3282856.472~3286906.236
김**,81040*********,010-*********,jihu21************,9113318.168~9164515.244,울산광역시 ***********,526682.591~528530.564
이**,82120*********,010-*********,qmun@***********,59433330.096~59454360.011,충청남도 천**************,1744191.525~1744885.724
이**,93050*********,010-*********,yeju*********,42343880.268~42365983.455,전라북도 ***********,3175190.252~3177646.978
이**,81052*********,010-*********,cgim*******,72447212.551~72468313.052,대구광역********,8751874.078~8757094.26
김**,53040*********,010-*********,zi@******,78767130.831~78787299.795,제주특별자***********,10962278.902~10966995.0
이**,77011*********,010-*********,yeongs***********,18751117.894~18768272.133,서울특별********,8653333.85~8660224.433
이**,64110*********,010-*********,fgim@**********,75922717.387~75934889.287,광주광역*********,37372809.65~37454294.103
이**,04081*********,010-*********,jiu11@**************,12904738.537~12937062.031,경상북도 봉***********,4467447.959~4469891.187
남**,86090*********,010-*********,gimyeweo****************,48720529.6~48731446.036,경상북도 ***********,593816.08~596011.873
박**,56061*********,010-*********,jiabag@**************,25622739.587~25658474.55,강원도 정**********,4962278.16~4970365.09
김**,10090*********,010-*********,vi@jus***********,3620145.472~3635877.906,충청북도 ***********,624877.806~628698.952
정**,57102*********,010-*********,munsum*************,47643667.358~47696682.51,부산광역*********,4150258.549~4152940.8
박**,45121*********,010-*********,coedonghy******************,81372290.34~81385532.218,충청북도 ***********,33594923.526~33635798.163
남**,52092*********,010-*********,junhy***********,98386301.229~98408294.517,세종특별자치*************,37736465.526~37788793.606
진**,81062*********,010-*********,jeonghu**************,43991808.622~44021523.363,전라북도 ***********,16231934.64~16239450.223
김**,63081*********,010-*********,yunyu**********,46402803.756~46416315.716,충청남도 ***********,23835666.309~23850920.468
김**,11040*********,010-*********,oseo@s***********,15536459.643~15542387.714,전라남도 ***********,4619368.683~4623801.62
신**,93060*********,010-*********,gimar**********,32291411.208~32325607.799,경상남도 창원***************,1042844.164~1046374.558
윤**,53120*********,010-*********,seongmin******************,52891261.48~52899566.83,광주광역********,22664001.766~22674797.036
박**,45020*********,010-*********,uryu@**********,71068223.059~71075147.772,광주광역********,22902127.662~22949901.2
문**,00121*********,010-*********,jeongsig*****************,46282456.285~46311292.713,울산광역********,5524110.259~5526648.858
박**,72031*********,010-*********,geonu*********,60088231.664~60119631.239,충청북도 ***********,8354055.616~8365599.487
이**,82100*********,010-*********,seoyeo**************,50636315.872~50697660.339,경기도 *******,9234478.446~9238439.786
권**,03090*********,010-*********,cgim@*********,27864728.94~27877055.554,제주특별자***********,5997315.165~5998235.361
김**,80050*********,010-*********,xhwang*************,95092279.598~95110162.399,서울특별*********,38479692.774~38545954.035
김**,62010*********,010-*********,seoyeon**************,9897488.98~9898697.004,대전광역********,2336366.405~2337804.403
한**,00022*********,010-*********,jeongung****************,63205878.798~63247717.408,강원도 원**********,6401581.23~6404003.202
김**,04010*********,010-*********,jeongho9****************,68151901.926~68159101.352,전라남도 ***********,5933550.554~5935703.08
이**,96112*********,010-*********,yeong***********,50356938.315~50370436.436,충청남도 ***********,24258965.447~24260311.495
홍**,52090*********,010-*********,gimminju****************,46979268.121~46991183.688,경상북도 ***********,24237253.144~24241705.94
박**,60120*********,010-*********,hagwangs****************,25514920.598~25543780.936,인천광역********,7963924.826~7966958.082
허**,99100*********,010-*********,yunseo3****************,43176163.043~43191002.442,경기도 광**********,6116815.542~6121510.28
최**,72062*********,010-*********,coeminju****************,61036610.768~61050016.027,제주특별자치*************,12268445.523~12275262.991
김**,52021*********,010-*********,mo@jus***********,59059452.84~59065689.504,세종특별자치*************,7882598.054~7884955.34
김**,46062*********,010-*********,yunca***********,49187274.634~49201986.86,전라남도 ***********,7101713.379~7103961.057
이**,48022*********,010-*********,baghyeons*******************,18751117.894~18768272.133,세종특별자치*************,856387.906~860711.095
김**,56111*********,010-*********,minseog**************,17852861.638~17875171.872,전라북도 ***********,4464103.708~4467447.959
김**,63062*********,010-*********,jeongs**************,81712546.396~81726292.085,광주광역********,21930074.741~21943014.374
이**,86121*********,010-*********,sugja**********,94415892.2~94423279.733,경상북도 ***********,53512024.388~53575237.979
강**,45112*********,010-*********,gimjiyeo*****************,48661801.934~48671623.208,인천광역시 ***********,3447512.637~3452604.757
이**,51112*********,010-*********,ygim@y*************,49949824.944~49985153.451,부산광역********,2935917.702~2938524.642
이**,08122*********,010-*********,coedoyu****************,61005068.128~61020444.612,충청남도 ***********,12798567.92~12804822.316
이**,73080*********,010-*********,jgim*******,95835830.57~95845251.801,제주특별자치**************,7579803.722~7584313.702
박**,04102*********,010-*********,wgang@**************,51769173.826~51789954.469,세종특별자치*************,2390307.189~2393084.423
이**,91013*********,010-*********,jihui***********,18589438.0~18606413.352,대구광역********,207005.306~207274.432
박**,59080*********,010-*********,eyang**********,48731446.036~48747416.204,전라북도 전*************,12240294.024~12268445.523
김**,70031*********,010-*********,qi@co*********,72073625.866~72090251.486,전라남도 ***********,11863961.982~11871970.211
이**,99102*********,010-*********,sanghyeo****************,10155553.829~10157271.555,세종특별자치*************,1083005.012~1083364.617
하**,85110*********,010-*********,yeongc***********,30487918.054~30496266.155,대전광역********,11074507.417~11081337.625
김**,95082*********,010-*********,gimju***********,88677075.415~88704454.147,울산광역********,13644917.096~13656818.219
하**,03121*********,010-*********,jihuni@**************,25622739.587~25658474.55,전라북도 ***********,5875489.442~5877909.765
김**,57021*********,010-*********,jiyeong6****************,9406315.572~9449380.684,대전광역*******,6743773.797~6750106.88
오**,65111*********,010-*********,ubag@*********,22041788.98~22058757.742,경상북도 **********,1938619.616~1940182.049
김**,88031*********,010-*********,jongsu***********,25866438.017~25898074.848,경상북도 포*************,10639066.827~10641797.298
박**,78030*********,010-*********,gimare**************,54652384.25~54681361.174,충청남도 논***********,4339875.267~4341841.574
김**,12110*********,010-*********,gimhyeo**************,90386529.398~90408849.47,전라북도 ***********,2999264.36~3002401.054
윤**,62072*********,010-*********,jihungi***************,35067646.306~35084658.125,대전광역********,1654717.762~1657871.675
류**,56072*********,010-*********,dsong@*************,71083475.815~71103702.63,강원도 횡**********,18513011.714~18525193.047
하**,54091*********,010-*********,baeggeo****************,42771475.686~42804803.984,부산광역*********,6677081.92~6685786.926
배**,61041*********,010-*********,minji6*************,62709033.8~62737793.703,부산광역*********,5059148.155~5059918.134
김**,94042*********,010-*********,sangh***********,79182394.414~79190985.009,전라남도 ***********,3315595.445~3316994.166
박**,50100*********,010-*********,ubag@j***********,19346076.726~19388163.272,서울특별*********,1511975.482~1513520.681
류**,58092*********,010-*********,vgweon@**************,21623307.198~21629645.948,울산광역시 ***********,3861648.951~3862315.296
오**,52120*********,010-*********,yeongh***********,12883139.744~12904738.537,강원도 횡**********,2609421.824~2613022.96
이**,69110*********,010-*********,miyeon************,59249647.455~59267358.835,충청남도********,19780161.015~19795694.938
서**,06090*********,010-*********,gyeongs***************,75389508.469~75410764.976,제주특별자치*************,10585690.882~10588344.631
서**,06080*********,010-*********,seohy***********,29224124.887~29246491.377,서울특별시**********,1542346.654~1545189.318
박**,02121*********,010-*********,gimseoye*****************,99275711.092~99285505.557,전라남도 ***********,54353513.757~54485753.924
이**,56081*********,010-*********,ujang**********,61366093.304~61379153.178,서울특별********,22584310.657~22593938.28
최**,67090*********,010-*********,seongmi**************,73140764.744~73159766.716,충청북도 ***********,4291388.916~4302471.013
이**,87022*********,010-*********,fcoe@**********,65284937.563~65296174.952,인천광역시 ***********,8420831.821~8430917.38
이**,08102*********,010-*********,gwagse*************,39101442.918~39112790.671,울산광역********,5839028.749~5843252.818
구**,47031*********,010-*********,iogs********,40961849.439~40964207.146,대구광역*********,5494679.971~5499930.486
최**,82052*********,010-*********,ji@ju***********,33295958.62~33313445.538,부산광역*********,2893971.38~2894898.79
오**,72031*********,010-*********,seong***********,74422905.579~74440572.517,대구광역시*********,14478644.457~14480972.13
남**,01070*********,010-*********,caeweo**************,85493373.058~85502505.853,대구광역********,3259939.751~3261778.98
이**,94050*********,010-*********,yeongs***********,61672650.783~61709469.52,전라북도 ***********,29247559.57~29287290.227
이**,50103*********,010-*********,coehaeu****************,43084901.746~43102453.064,전라북도 ***********,2091921.358~2095159.744
이**,96060*********,010-*********,yunsang****************,8891960.816~8905482.8,인천광역*********,184887.715~187722.605
최**,69100*********,010-*********,ii@ya***********,91746890.876~91763350.356,경기도 *******,15907584.935~15925799.706
김**,67033*********,010-*********,seongs*************,94101854.039~94127849.61,광주광역*********,5738901.312~5744193.48
지**,74082*********,010-*********,jeongsu6****************,59717334.673~59723976.954,충청남도 ***********,34461915.946~34479780.768
김**,53111*********,010-*********,sinyeo***********,90047195.938~90085012.252,인천광역********,24038693.794~24040464.978
김**,77042*********,010-*********,jeonggwan******************,34667425.879~34671276.324,강원도 원**********,128977.923~130114.771
손**,02080*********,010-*********,minseoggi******************,45076125.117~45089556.843,부산광역********,14988425.684~15011514.933
김**,75060*********,010-*********,bseo@g************,91471435.203~91499730.635,광주광역********,26225906.377~26233844.507
허**,09122*********,010-*********,jangare****************,86766717.589~86778004.155,세종특별자치*************,24651139.378~24706912.355
문**,67091*********,010-*********,jeongsu****************,76407025.495~76424398.45,광주광역********,11588392.446~11597517.532
조**,79031*********,010-*********,sanghu***********,18289049.565~18293630.14,인천광역*******,2579088.008~2580079.207
박**,52040*********,010-*********,kjo******,15257316.923~15263690.238,인천광역********,2086091.883~2089188.475
차**,72061*********,010-*********,eunyeo***********,26852318.122~26864046.645,제주특별자***********,10808058.298~10811919.445
허**,89101*********,010-*********,jieuni@**************,32912028.511~32924036.389,경기도 *******,1719615.908~1722103.747
이**,69052*********,010-*********,byeongce****************,75161984.412~75189928.77,울산광역시 ***********,21870016.581~21873285.446
박**,89040*********,010-*********,ean******,16195909.346~16206800.33,경기도 수**********,3795299.869~3796062.415
곽**,10072*********,010-*********,jihye3************,74082693.908~74093716.296,경기도 고***********,29949034.947~29967222.256
김**,93020*********,010-*********,coesa**********,15100851.955~15124389.798,경상남도 ***********,8306187.689~8310572.638
박**,88030*********,010-*********,iogja@**************,97252007.1~97273915.19,울산광역********,6325476.158~6331462.595
김**,08111*********,010-*********,yujin0************,65557615.902~65570310.326,경기도 수**********,17089528.939~17113468.48
김**,55021*********,010-*********,zyun*******,23135861.397~23176948.774,충청북도 청**************,3818536.631~3820227.288
황**,97020*********,010-*********,hyeonu**************,24955073.754~24962608.894,광주광역********,9390791.723~9397759.4
김**,90083*********,010-*********,kgu******,92392910.824~92416759.299,광주광역*******,25323080.157~25367327.498
김**,11090*********,010-*********,sugj*********,96338575.784~96348444.15,부산광역시*********,17642282.946~17651210.349
김**,65042*********,010-*********,jihuj**********,30546612.876~30569777.458,경상남도 ***********,8960570.252~8966398.347
최**,88092*********,010-*********,seomyeon******************,88704454.147~88759652.356,세종특별자치*************,24598264.143~24602445.746
김**,14122*********,010-*********,seonye************,75602331.265~75618004.12,부산광역********,8841140.632~8844508.737
차**,51090*********,010-*********,gyeong*************,94166417.506~94198628.549,세종특별자치*************,3630943.486~3631945.818
장**,09081*********,010-*********,eungye************,57617745.152~57629960.278,경기도 *******,1070371.505~1073769.636
박**,59072*********,010-*********,lhwan***********,35084658.125~35088367.267,강원도 인*********,1371813.881~1373460.368
장**,53031*********,010-*********,ebag*******,47524813.354~47555767.49,경상북도 ***********,22518536.439~22524829.206
장**,07082*********,010-*********,yeongilg****************,31757455.491~31760333.027,부산광역시 ***********,5080272.827~5082555.355
최**,86072*********,010-*********,ijimin@**************,14995976.538~15033509.361,대전광역********,9976109.038~9981915.894
김**,86112*********,010-*********,sanghob****************,50231010.998~50257155.117,전라남도 ***********,8208812.2~8211220.174
김**,88091*********,010-*********,gimjeon***************,91573663.581~91579143.392,부산광역*********,9105031.222~9113526.741
송**,53110*********,010-*********,seonyeo***************,57442937.295~57460454.759,서울특별시**********,4325625.535~4326921.989
김**,76101*********,010-*********,myeongja****************,78713592.784~78718293.04,대구광역시 ***********,30459415.156~30501576.274
문**,12022*********,010-*********,jbag@j*************,70983715.435~71001685.6,대전광역********,26493576.429~26503032.633
김**,63020*********,010-*********,seungmin*****************,17470224.502~17496134.627,강원도 영*********,1467763.9~1468368.746
우**,46010*********,010-*********,ibag@g***********,66222834.747~66247664.355,경기도 고**********,5004296.312~5006674.371
송**,66090*********,010-*********,cunja***********,84750073.376~84758130.597,인천광역시*********,7129176.307~7134745.793
하**,08092*********,010-*********,doyun***********,27236386.612~27273755.797,전라남도 **********,660087.859~661963.802
김**,49122*********,010-*********,seojun*************,41465209.606~41479341.536,경기도 성**********,17075609.28~17089528.939
김**,61112*********,010-*********,jujeon**************,68890666.399~68912194.725,대구광역시 ***********,24215401.578~24223665.557
김**,46070*********,010-*********,zgim@y*************,56018081.418~56026767.571,세종특별자치*************,6734748.557~6737586.944
성**,64081*********,010-*********,seungmi****************,71338072.52~71349716.218,충청북도 ***********,2939048.708~2939412.74
김**,72120*********,010-*********,eunjeo**************,92920421.024~92930721.546,광주광역********,44314414.958~44337256.048
손**,94011*********,010-*********,sanghu*************,12120248.446~12139590.336,대구광역*********,1919079.032~1920880.357
서**,81030*********,010-*********,jimi*********,65534789.318~65557615.902,제주특별자***********,9756816.501~9760281.595
김**,69111*********,010-*********,ganghye**************,88438395.521~88478541.23,울산광역시 ***********,2269492.419~2272063.052
이**,72042*********,010-*********,ijiye*********,53168457.806~53182939.513,대구광역*********,15434634.711~15443842.18
이**,72040*********,010-*********,minsu8*************,34893851.96~34904413.614,광주광역********,5927260.685~5930509.895
이**,88052*********,010-*********,dcoe*********,88056036.067~88086177.55,전라북도 ***********,56857948.282~56972036.131
김**,94092*********,010-*********,yeonghwa*****************,27143810.18~27155631.409,경상남도 창**************,4332200.16~4334338.47
김**,51030*********,010-*********,nbag@*********,46174721.283~46195579.84,대구광역*********,5652314.18~5654084.552
이**,64102*********,010-*********,zgim@y************,7684094.912~7692111.408,인천광역*********,1933233.191~1934462.694
이**,98120*********,010-*********,gyeongja*****************,68752877.966~68779175.802,광주광역*********,9219365.925~9234478.446
최**,78060*********,010-*********,minsu*********,47737817.615~47749270.208,충청남도 천*************,4065115.221~4068662.56
김**,85101*********,010-*********,miyeon*************,2236792.094~2260356.32,세종특별자**********,268259.654~268451.096
김**,09102*********,010-*********,misug2**************,8408235.81~8439525.954,대전광역*********,1831903.222~1833054.717
고**,09063*********,010-*********,bagyeong******************,71146860.969~71159809.635,대구광역********,570774.822~571986.82
이**,65012*********,010-*********,ajang@**************,84758130.597~84783435.074,충청남도 ***********,6756737.283~6760721.519
김**,60061*********,010-*********,ryugeon***************,37003943.765~37011934.015,울산광역********,16351164.938~16359715.059
이**,09082*********,010-*********,miyeon************,23970831.533~24006572.1,전라북도 ***********,140966.712~141225.472
김**,68042*********,010-*********,ugim@*********,78846839.698~78869648.349,인천광역시*********,57335206.718~57433209.592
오**,56030*********,010-*********,ijeongn****************,8063063.042~8076020.645,충청북도 청**************,1884895.979~1889430.45
우**,79090*********,010-*********,simyeeu****************,47299734.766~47320881.554,서울특별*********,15177545.209~15191557.064
성**,72072*********,010-*********,xgwe*********,57502072.256~57534960.107,경상남도 ***********,17887236.06~17895644.68
류**,90120*********,010-*********,seong**********,44946602.341~44955736.238,부산광역*********,5843252.818~5855966.711
박**,96050*********,010-*********,subini**************,40293714.073~40297033.732,광주광역********,2910612.252~2912982.659
박**,71022*********,010-*********,fgim@j*************,46282456.285~46311292.713,경상남도 ***********,7704260.675~7705461.456
김**,45042*********,010-*********,yejii@**************,83912219.564~83936804.256,서울특별*********,33018453.772~33085284.739
이**,61081*********,010-*********,jeonghy****************,67142366.246~67161483.496,강원도 양**********,4871415.878~4873682.498
박**,04051*********,010-*********,miyeo***********,14858097.893~14890501.018,광주광역********,6225127.336~6230007.923
윤**,65012*********,010-*********,sangc***********,33470003.917~33482862.21,경기도 ********,5359451.589~5361120.053
최**,50090*********,010-*********,lo@g*********,51999192.434~52023622.58,대구광역********,11356603.889~11381254.238
박**,01071*********,010-*********,pgim@g***********,4985826.624~4989685.794,경기도 *******,2495723.827~2496982.53
문**,67091*********,010-*********,mi@*****,86778004.155~86825222.68,충청남도 천**************,49643116.965~49749978.391
김**,99102*********,010-*********,gweonh***********,51919762.894~51927222.074,부산광역********,9968934.33~9976109.038
이**,71062*********,010-*********,gimmyeo***************,38683961.744~38710348.576,충청북도 단***********,19546230.814~19563762.877
김**,66121*********,010-*********,jinu*********,90882471.21~90931537.88,제주특별자***********,2593142.44~2595893.453
권**,50111*********,010-*********,haseong***************,72273112.929~72316653.568,충청남도 ***********,6846159.18~6846601.512
김**,62040*********,010-*********,yeongh************,19720221.129~19751861.337,전라남도 ***********,1289118.416~1292187.478
이**,80032*********,010-*********,hanyeo***********,92008079.862~92023052.373,경상남도 ***********,37736465.526~37788793.606
백**,02070*********,010-*********,bagseun****************,69605747.197~69631362.559,충청북도 청**************,12972711.533~12974365.779
지**,64082*********,010-*********,ogja63***********,59166153.228~59188434.76,전라남도 ***********,866951.166~867259.497
이**,03012*********,010-*********,iminjun***************,11450666.558~11469024.456,전라남도 ***********,1851836.837~1853756.29
김**,79042*********,010-*********,ri@jus***********,77809356.485~77861919.764,울산광역********,28485890.231~28499168.804
백**,96020*********,010-*********,rgim@***********,98287690.706~98308690.668,충청북도 ***********,18031059.469~18040278.099
이**,88042*********,010-*********,jiyeon4***************,94615792.282~94640093.487,서울특별*********,48446097.469~48481660.288
김**,70082*********,010-*********,gimhye*************,68170554.904~68218865.452,제주특별자치**************,5953822.98~5960144.214
안**,70103*********,010-*********,cgim@***********,80040183.6~80050288.085,충청북도 ***********,14630793.224~14632800.549
최**,11070*********,010-*********,qbag@h************,5557535.04~5563218.671,서울특별*********,491280.083~491882.226
조**,63072*********,010-*********,jihu10***********,67736919.397~67764303.184,충청북도 ***********,37788793.606~37859653.85
이**,55011*********,010-*********,oson*******,5158704.054~5163283.284,부산광역********,3811287.432~3818536.631
이**,59121*********,010-*********,heosan*************,5557535.04~5563218.671,강원도 *******,312479.388~313440.206
양**,79071*********,010-*********,junse**********,94040762.276~94047154.45,울산광역********,3257337.462~3258416.88
김**,48090*********,010-*********,seohyeo****************,22127412.408~22150597.019,서울특별********,2918663.9~2923863.819
박**,91013*********,010-*********,jeongja****************,56742446.423~56767901.388,충청북도 ***********,6475068.54~6481188.614
이**,10021*********,010-*********,gimmin***********,78586696.025~78599676.516,울산광역********,46467616.995~46553459.085
박**,12031*********,010-*********,cju@y***********,60896048.222~60909508.929,광주광역********,7174696.134~7175885.121
이**,57013*********,010-*********,ijunhye***************,74191496.864~74211242.801,대구광역********,20514267.942~20545426.427
장**,92061*********,010-*********,jeongh**************,91318266.95~91344514.621,부산광역시*********,3185234.273~3190536.766
송**,07102*********,010-*********,jeongsun*****************,29294626.99~29319211.23,충청북도 ***********,3264932.64~3272699.58
배**,74042*********,010-*********,seohye***********,94260945.334~94264401.761,세종특별자치*************,41373193.291~41550943.136
송**,03051*********,010-*********,jiu30@**************,16471769.527~16480686.22,광주광역*********,2301698.191~2305484.805
최**,74122*********,010-*********,sumi*********,87609144.063~87650708.776,경상남도 ***********,13835317.829~13840893.306
백**,92052*********,010-*********,qgim@y*************,51487046.239~51516784.771,부산광역*********,5791514.826~5800659.056
오**,85072*********,010-*********,iogja@**************,62230056.244~62251858.084,전라북도 ***********,45632564.181~45918513.64
이**,47021*********,010-*********,jeongsig*****************,60413232.579~60418035.121,세종특별자치*************,20405133.699~20414597.772
박**,72041*********,010-*********,gyeongs**************,23934622.739~23964393.262,대전광역*******,10673384.355~10684087.178
박**,50061*********,010-*********,jinho*********,21909262.76~21912955.591,서울특별시*********,2732696.251~2736421.229
김**,68111*********,010-*********,dohyeon****************,39823199.425~39828052.023,세종특별자치*************,1956955.082~1960177.545
오**,72041*********,010-*********,iseo********,82625092.492~82642805.77,강원도 *******,36802911.875~36834641.772
김**,58091*********,010-*********,bageunj****************,26388766.183~26407674.08,세종특별자치*************,6890003.848~6890791.206
윤**,56073*********,010-*********,mijeong0****************,17602927.782~17611337.359,세종특별자치*************,452731.196~453326.376
김**,84042*********,010-*********,fgim@*********,6516613.276~6523158.263,부산광역*********,2091312.941~2091921.358
김**,12100*********,010-*********,yeongm***********,84915686.63~84940684.522,충청북도 청**************,40461769.786~40499470.94
서**,09070*********,010-*********,kgim@y*************,69237694.47~69269491.498,울산광역시 ***********,14134958.122~14147845.667
조**,76052*********,010-*********,sunogs*************,83149392.144~83167641.7,서울특별*********,2858790.426~2859379.481
이**,76041*********,010-*********,sangh**********,58874684.715~58889145.31,전라남도 ***********,12218535.722~12225228.844
문**,96030*********,010-*********,sangho4***************,76779035.481~76797563.266,광주광역********,23112684.709~23129473.407
박**,46121*********,010-*********,coeseo***********,82322992.738~82354420.869,경상남도 ***********,4685783.812~4688852.747
송**,74070*********,010-*********,seong***********,7529329.166~7531825.64,대전광역*******,600174.657~601695.937
최**,68123*********,010-*********,jeongn***********,85025421.134~85041261.138,충청남도 ***********,12820079.837~12827923.251
김**,49122*********,010-*********,baeyeon***************,35552948.414~35571800.545,대구광역********,10792743.451~10797562.54
박**,99010*********,010-*********,muneun**************,49254346.388~49261169.553,경상북도 ***********,30368161.976~30407256.86
이**,45080*********,010-*********,seongs************,10275658.296~10282366.204,대전광역*********,3158063.267~3160073.705
심**,83091*********,010-*********,yeongsu**************,19784110.397~19791889.424,울산광역********,1180562.18~1189236.392
김**,67033*********,010-*********,gimeu**********,86714820.467~86734841.8,인천광역시 ***********,9163159.843~9169938.851
홍**,88061*********,010-*********,sujin***********,34604650.903~34621855.109,대구광역시 ***********,7023452.322~7025179.964
이**,62010*********,010-*********,pjeon***********,90180845.862~90208195.018,세종특별자치*************,5580934.393~5587591.196
손**,02061*********,010-*********,ti@yu**********,99600827.915~99608995.562,울산광역********,56052635.181~56174826.506
조**,76022*********,010-*********,myeongsu****************,28357342.476~28369219.822,세종특별자**********,604913.027~605885.771
김**,06051*********,010-*********,sunjano**************,99459934.899~99466676.908,제주특별자***********,22348035.836~22368545.345
서**,06010*********,010-*********,ogja56***********,60591202.762~60608680.212,충청북도 청**************,5309045.839~5311546.034
양**,06051*********,010-*********,bagyeju****************,19456658.901~19468653.896,강원도 *******,4713292.076~4718814.67
김**,66121*********,010-*********,hyejin************,7894966.269~7906759.829,인천광역********,4341841.574~4343459.035
이**,59082*********,010-*********,sanghung******************,71319308.067~71321796.791,경상북도 포*************,13298874.405~13307869.316
문**,80010*********,010-*********,jiyeo**********,70961900.716~70976436.576,대구광역********,30101648.454~30129638.891
박**,69022*********,010-*********,ryubor**************,48312576.78~48326480.775,제주특별자치**************,30168097.504~30223404.386
최**,47061*********,010-*********,iseony***********,6811699.719~6828112.92,부산광역*********,1313726.811~1315409.796
박**,56120*********,010-*********,ji@a********,59589928.559~59615944.944,제주특별자*********,5754416.304~5755972.855
김**,84043*********,010-*********,seungmi***************,27601851.072~27616070.0,대구광역********,1342674.63~1343921.134
김**,07011*********,010-*********,gimmins****************,28414915.655~28490739.504,광주광역********,6457017.392~6462599.996
고**,01070*********,010-*********,oi@so**********,62512861.212~62533715.216,인천광역시 ***********,12215833.807~12218535.722
이**,76101*********,010-*********,hwangye**************,80784195.589~80802107.193,서울특별시*********,33205991.8~33218878.778
오**,49031*********,010-*********,gimseo***********,30817854.654~30829530.086,충청남도 ***********,6961321.605~6966145.796
배**,96030*********,010-*********,rgim*******,81712546.396~81726292.085,전라북도 ***********,16502327.24~16523447.471
이**,00030*********,010-*********,hjo@*********,11801253.737~11827171.8,제주특별자치*************,1521755.924~1523366.641
박**,60050*********,010-*********,imin*********,32122115.049~32174258.299,부산광역시*********,14439075.875~14449962.962
이**,08011*********,010-*********,bna@g*********,41530575.718~41546783.052,서울특별*********,2255485.158~2256872.882
홍**,77070*********,010-*********,hyeonsug*****************,67460388.858~67474853.714,전라북도 ***********,4537792.012~4538626.978
노**,60120*********,010-*********,seunghyeo******************,60281073.792~60302197.518,경기도 *******,27320227.96~27326195.802
임**,54092*********,010-*********,wgim@**********,31932152.558~31948382.761,경상북도 포*************,17859818.551~17887236.06
이**,10111*********,010-*********,yejun64***************,7447360.692~7453410.44,울산광역********,1706524.147~1708509.534
김**,10120*********,010-*********,yeongsu**************,42566238.84~42605217.786,충청북도 ***********,16249433.41~16253175.265
김**,62092*********,010-*********,ansunog***************,78171160.518~78187941.847,대전광역********,12483740.449~12493750.75
박**,65091*********,010-*********,yeongm*************,76197478.37~76214731.914,대전광역*********,2930371.281~2930706.732
이**,08110*********,010-*********,bagseong****************,17707426.9~17731611.643,인천광역*********,3521724.43~3524753.45
차**,94062*********,010-*********,hyeonjug******************,56742446.423~56767901.388,충청남도 계***********,10971377.784~10988348.255
김**,70032*********,010-*********,ygim@**********,23577421.595~23609061.924,경상남도 ***********,5822331.28~5822918.107
조**,89013*********,010-*********,iryu@*********,45660975.965~45684026.68,경상북도 ***********,12886770.581~12891674.894
고**,54021*********,010-*********,minjii@**************,52483434.106~52496519.73,경기도 *******,18640155.027~18653041.404
오**,12022*********,010-*********,yeong***********,19121470.709~19135109.058,울산광역********,2702033.831~2704116.874
이**,74102*********,010-*********,jaehyeon******************,50560407.724~50606934.795,전라북도********,21943014.374~21953959.675
권**,97030*********,010-*********,eunju7***********,58465610.149~58467851.591,인천광역********,18429631.595~18437876.204
박**,15011*********,010-*********,jeong***********,32499657.982~32505907.017,인천광역********,4718814.67~4729005.69
이**,69041*********,010-*********,qgim@***********,35027552.313~35042457.675,대전광역********,10585690.882~10588344.631
김**,63100*********,010-*********,lgim*********,77383168.727~77402669.054,제주특별자치**************,12105068.531~12106429.278
이**,84053*********,010-*********,jimin***********,93407798.441~93438399.718,제주특별자치**************,3750245.926~3752677.365
송**,78050*********,010-*********,jangsa**************,45684026.68~45687772.647,전라북도 ***********,3114777.052~3119510.59
이**,49120*********,010-*********,jongsui**************,66295765.569~66333705.745,경상남도 창원***************,14709306.728~14711500.476
김**,03061*********,010-*********,ui@j*******,90796169.836~90801839.905,부산광역*********,8095741.91~8100146.144
이**,83071*********,010-*********,ina@h*********,28906941.893~28929253.43,인천광역*********,9141087.114~9142858.725
김**,68091*********,010-*********,eomjeon***************,73816215.842~73842742.674,전라북도 ***********,19087089.765~19103503.604
이**,74112*********,010-*********,ii@m*********,52123163.838~52131399.954,제주특별자치**************,33472477.317~33519950.961
권**,99053*********,010-*********,sgim@g*************,16276499.319~16299809.852,울산광역시 ***********,3354178.713~3362513.26
최**,09110*********,010-*********,geonu***********,18881016.841~18919753.283,충청북도 ***********,4394462.417~4398525.912
민**,02062*********,010-*********,sanghu***********,38611396.311~38614888.312,경상북도 ***********,13466944.933~13480931.199
최**,73121*********,010-*********,hyejing****************,33228442.09~33265821.888,서울특별*********,2076224.641~2076776.661
유**,57042*********,010-*********,dgim@j*************,94089461.467~94101854.039,전라남도 ***********,22070557.798~22077671.335
김**,52032*********,010-*********,usong*********,38500440.371~38525782.224,대구광역********,913721.395~916089.976
안**,45070*********,010-*********,mji@i*********,69332846.299~69367838.861,대전광역********,26922316.771~26939179.325
김**,57042*********,010-*********,doyung***********,52542974.619~52583074.26,제주특별자**********,11620569.637~11627412.756
김**,52100*********,010-*********,hongsangc******************,70400143.678~70410497.549,전라남도 ***********,33097582.779~33158769.36
김**,11092*********,010-*********,jieun*********,22764572.042~22795056.062,충청북도 ***********,5523196.02~5524110.259
김**,10061*********,010-*********,ci@******,91928314.735~91943019.347,제주특별자치*************,656068.405~656561.646
김**,02122*********,010-*********,areum***********,3949488.637~3954992.776,전라북도 ***********,1590920.944~1593962.017
윤**,81120*********,010-*********,ygim@***********,91691945.107~91717456.8,충청남도 ***********,2682072.878~2688100.818
박**,05032*********,010-*********,caeweo************,80512404.6~80514556.797,강원도 평**********,14500353.869~14507200.822
장**,63030*********,010-*********,kbaeg@**************,30386591.086~30406619.552,강원도 홍**********,11304154.15~11308846.034
김**,81041*********,010-*********,seungm***********,83664054.609~83705330.429,충청남도 ***********,34452836.764~34461915.946
강**,92092*********,010-*********,jieun11***************,56600797.536~56627693.014,충청남도 ***********,5306139.042~5309045.839
이**,70101*********,010-*********,yeongg**************,5061815.432~5081260.528,인천광역시 ***********,2083221.549~2086091.883
노**,49082*********,010-*********,gujeon***********,41082445.687~41088453.959,대구광역시*********,7708299.979~7710570.95
이**,91122*********,010-*********,seoyu***********,88871783.176~88905815.47,강원도 양**********,33097582.779~33158769.36
김**,78070*********,010-*********,sangho**************,17450138.854~17470224.502,광주광역********,1494663.587~1497210.422
서**,62070*********,010-*********,imogj***********,25992506.832~26017136.831,인천광역********,2307802.383~2310763.402
박**,07090*********,010-*********,jangjae****************,10509701.472~10527237.908,강원도*******,1815277.699~1817086.291
권**,58040*********,010-*********,seungmi****************,85118675.408~85131802.91,충청북도 ***********,3684086.774~3687543.584
황**,51111*********,010-*********,ybag*******,48260732.169~48279795.607,제주특별자***********,7697199.599~7700706.92
장**,83121*********,010-*********,jeongs*************,35521570.018~35524154.764,충청북도********,2129607.469~2129727.885
최**,77073*********,010-*********,jihyeo***********,6173078.485~6195315.329,세종특별자**********,963672.378~967018.527
고**,45112*********,010-*********,ji@******,82642805.77~82655004.274,대구광역시 ***********,9926608.589~9932788.812
배**,56072*********,010-*********,yuneuns***************,15352454.228~15372702.083,세종특별자치*************,6835635.925~6838612.774
황**,51112*********,010-*********,hanminse*****************,77494119.972~77507077.126,제주특별자치**************,7836563.836~7846667.666
한**,96101*********,010-*********,rgim*******,39367633.5~39386305.971,강원도 춘**********,1523922.42~1524858.583
이**,62112*********,010-*********,gimmije****************,67682706.95~67710219.656,인천광역시 ***********,22169783.067~22190055.476
박**,06093*********,010-*********,ui@yu***********,47259317.639~47265767.792,경상남도 **********,3965955.514~3972057.195
한**,44042*********,010-*********,bjan*******,26313639.648~26346559.133,전라남도 ***********,5309045.839~5311546.034
박**,93062*********,010-*********,tgim*******,6129263.478~6133908.253,세종특별자**********,993950.53~995596.153
이**,64060*********,010-*********,seongh************,55899081.258~55907507.235,전라남도 ***********,5484836.65~5487243.389
김**,61080*********,010-*********,iseongh***************,91451151.342~91471435.203,세종특별자치*************,13788620.365~13798457.069
박**,52100*********,010-*********,xgim@j*************,70473412.945~70478816.466,세종특별자치*************,727233.75~728727.058
고**,85032*********,010-*********,minse***********,42191286.364~42206067.447,충청북도 ***********,4213653.255~4222162.347
박**,10031*********,010-*********,ihayun@**************,77907912.64~77946337.568,충청북도 청**************,4691063.533~4693903.072
한**,95102*********,010-*********,hanseon***************,67300102.822~67313172.834,부산광역*********,19689315.254~19694916.791
장**,63052*********,010-*********,gimyeju***************,5048964.9~5057347.49,전라북도 ***********,1331198.539~1332628.464
박**,52061*********,010-*********,anhayu************,74286378.589~74314379.022,경기도 김**********,8394198.121~8399291.703
이**,64120*********,010-*********,boram*********,3557876.344~3566066.7,경기도 *******,373684.481~374562.833
한**,82092*********,010-*********,ksin@y************,12509763.032~12525296.232,전라북도 ***********,2152131.272~2154190.273
이**,87051*********,010-*********,bagseoh***************,83071942.411~83076696.15,전라북도 ***********,15529829.198~15536550.014
홍**,79021*********,010-*********,eunse**********,8460515.666~8472582.83,세종특별자치*************,1095213.551~1097912.284
이**,98011*********,010-*********,gyeong***********,14965766.018~14990262.579,인천광역시 ***********,5380332.434~5389448.326
박**,95022*********,010-*********,iyeong**************,65311217.856~65325870.505,광주광역********,10821549.725~10824250.334
김**,09103*********,010-*********,gyeongs**************,71539277.05~71540895.163,대전광역********,6983339.947~6989103.286
박**,59112*********,010-*********,subin19**************,98094418.91~98099438.518,인천광역*********,64961160.083~65401296.739
양**,04031*********,010-*********,iseoyeo****************,98858803.765~98881194.601,전라남도 ***********,31890169.888~31964587.045
안**,60122*********,010-*********,gimhyeon****************,68516156.401~68526266.443,대전광역*********,28720532.186~28727863.084
이**,78080*********,010-*********,junyeong*****************,38019576.165~38051692.787,전라남도********,13967123.477~13968813.249
이**,77061*********,010-*********,seoyun1***************,94965838.286~94978323.43,경기도 남***********,5927260.685~5930509.895
김**,77032*********,010-*********,minjae4***************,90616738.812~90629196.08,경상북도 ***********,34007904.556~34036119.213
이**,98060*********,010-*********,songb**********,21864133.427~21868925.11,전라남도 담************,5253431.226~5262321.592
김**,13053*********,010-*********,janguj**************,55037855.7~55077068.201,충청북도 청**************,15519006.218~15519850.826
조**,04070*********,010-*********,hco*******,22086363.092~22101633.459,대전광역********,7206956.554~7210507.818
서**,04122*********,010-*********,jeongh**************,15491727.81~15499591.974,대구광역시*********,3444242.399~3447512.637
최**,73052*********,010-*********,gueu*********,47470400.029~47524813.354,충청남도 천**************,4159527.817~4162804.942
박**,53020*********,010-*********,ujin*********,93540432.178~93558760.058,부산광역*********,14240539.448~14245035.155
김**,96021*********,010-*********,kjang*********,46744164.694~46762278.005,부산광역********,5296880.015~5298080.448
백**,71061*********,010-*********,wi@i*********,73475339.226~73499973.32,충청남도 보***********,42562510.256~42632169.664
김**,68010*********,010-*********,jeongung****************,77642013.838~77668416.19,충청남도 ***********,26544057.786~26563945.217
박**,97022*********,010-*********,gimjiyeo*****************,43713322.556~43741228.878,대전광역********,9801658.674~9803850.404
박**,68120*********,010-*********,seonghyeo******************,87185650.582~87196033.41,세종특별자치*************,2446919.879~2449833.712
박**,99070*********,010-*********,yujinb************,63135453.414~63159924.994,충청북도 진***********,19682893.272~19689315.254
심**,14021*********,010-*********,bagyej************,81547270.189~81572514.996,대구광역********,48146440.586~48290414.566
허**,76103*********,010-*********,ngim*******,49837677.523~49869917.748,경상남도 ***********,6276905.837~6281219.306
박**,75011*********,010-*********,jieun24**************,80773959.828~80784195.589,경상북도 ***********,7141578.216~7143885.683
안**,69030*********,010-*********,seonyeo***************,84598650.557~84617802.587,전라북도 ***********,10608603.311~10618522.576
서**,52110*********,010-*********,bagji***********,32535849.852~32556787.77,광주광역********,8728597.745~8738295.62
김**,01021*********,010-*********,ocoe@**********,57485325.928~57495703.558,경기도 *******,28960330.577~28987297.2
김**,68060*********,010-*********,tsim@j*************,4593654.594~4621368.322,인천광역*********,337885.301~339565.839
장**,09113*********,010-*********,jiweon************,99436021.4~99449221.103,세종특별자치*************,10300629.095~10305369.497
이**,77030*********,010-*********,yunse**********,22317241.885~22340865.772,강원도 삼**********,3313642.526~3315595.445
장**,93102*********,010-*********,nomin*********,33401625.571~33411717.316,세종특별자치*************,12161702.346~12170161.616
윤**,69112*********,010-*********,gimsangh****************,77668416.19~77687551.519,대전광역*******,9010563.42~9015134.49
주**,83110*********,010-*********,mi@gim************,35892666.009~35903792.699,광주광역*********,7054751.861~7058480.294
한**,94010*********,010-*********,coejun**************,21761647.406~21788384.815,경상남도 ***********,2712672.128~2715224.848
송**,61050*********,010-*********,boram9*************,65519475.758~65534789.318,울산광역*******,11410155.809~11413412.614
박**,73102*********,010-*********,ieunye*************,41897723.491~41924111.741,충청남도 ***********,14065023.038~14073035.721
김**,05092*********,010-*********,sgim@y************,5337205.936~5348049.0,충청남도 ***********,1614330.92~1624301.108
최**,67011*********,010-*********,hwanggy**************,68107168.938~68132143.251,세종특별자치*************,27130876.93~27137071.064
안**,81090*********,010-*********,coeyeji****************,66938281.502~66983688.488,광주광역*******,20324035.558~20335305.326
이**,89021*********,010-*********,gimmin*************,8506016.92~8511726.0,전라북도 ***********,4774990.501~4786046.837
김**,00120*********,010-*********,seoyeo**************,61709469.52~61720156.667,경상북도 ***********,12016443.95~12021873.11
김**,95010*********,010-*********,gimhaeu****************,98757064.747~98793368.898,경기도 수**********,13406562.199~13414132.026
김**,65070*********,010-*********,igyeon*************,39813280.695~39823199.425,경상남도 창************,11053755.507~11063185.74
민**,90061*********,010-*********,yeongsu**************,87650708.776~87666504.972,전라북도 ***********,19238065.954~19254640.074
이**,85080*********,010-*********,jinhogi**************,44727350.293~44748557.722,경상북도 ***********,10101234.616~10102378.403
정**,07120*********,010-*********,yeeunj**************,46450601.27~46459869.445,세종특별자치*************,13448738.752~13451098.071
김**,63102*********,010-*********,hyeonjiy*****************,26791572.52~26803690.66,전라남도 진***********,3838209.004~3843082.653
최**,04031*********,010-*********,coeseung*****************,51225054.94~51250193.369,대구광역시*********,29247559.57~29287290.227
김**,91121*********,010-*********,minseog****************,6712520.777~6715952.586,부산광역*********,734569.479~736019.306
이**,00052*********,010-*********,jeongs**************,3779958.907~3781473.206,세종특별자치*************,2112867.259~2115086.135
김**,60120*********,010-*********,junhog***********,39843258.997~39860672.186,대구광역********,2227864.204~2229293.656
임**,92120*********,010-*********,fno*******,24410931.91~24453713.877,울산광역*******,3239629.158~3242259.142
권**,93092*********,010-*********,ibag@y*************,42605217.786~42613785.64,대전광역********,12883953.41~12886770.581
김**,81112*********,010-*********,sonsangc*****************,41321971.574~41340930.542,경기도 안**********,1055327.432~1058714.329
김**,55101*********,010-*********,gbag@y************,4350418.234~4361495.232,대구광역*********,815579.733~816831.159
박**,90032*********,010-*********,gimjiy***********,79264314.877~79280767.734,대전광역********,4469891.187~4471174.387
이**,61010*********,010-*********,gimsa***********,84408331.664~84429689.587,경상남도 ***********,43905066.809~43956968.211
김**,45071*********,010-*********,gimge***********,28934412.469~28973943.371,광주광역********,2202472.718~2204362.078
최**,89071*********,010-*********,jeonghyi****************,28843356.935~28856531.538,경상남도 ***********,6818783.042~6825526.924
최**,73082*********,010-*********,gjo@g*********,97203395.227~97233797.806,광주광역********,11287875.607~11290847.0
이**,49050*********,010-*********,hyeonjeo*****************,62390299.062~62420202.106,대전광역********,24886414.318~24937766.868
이**,71010*********,010-*********,hyeonj***********,68665862.15~68680558.78,서울특별*********,809414.289~810942.806
임**,70071*********,010-*********,yeeun***********,90945417.324~90953761.478,대구광역시*********,27209961.819~27243679.366
최**,04081*********,010-*********,seunghyeo******************,77668416.19~77687551.519,서울특별*********,3869001.376~3873537.419
이**,04052*********,010-*********,hyeonu7***************,79117258.548~79149285.747,서울특별시*********,4769769.495~4771069.578
서**,95103*********,010-*********,djeon@**************,29675920.856~29691209.81,충청남도 ***********,15706763.25~15718678.815
이**,79052*********,010-*********,lgo@*******,88905815.47~88910472.841,울산광역********,1486032.052~1488114.096
손**,54080*********,010-*********,vgang**********,35338675.98~35355607.78,제주특별자치**************,12876319.985~12881863.537
구**,10012*********,010-*********,jihye*********,47379692.085~47391450.776,인천광역********,8333431.235~8336873.618
한**,49071*********,010-*********,seongj***********,70637891.182~70675043.705,경기도 수**********,3579394.25~3581810.831
김**,04061*********,010-*********,seongj***********,57351764.656~57358488.371,광주광역*******,2989002.383~2990393.316
박**,79111*********,010-*********,iyun@y*************,39213069.336~39233672.416,대전광역********,12444977.303~12450864.148
김**,03013*********,010-*********,zgim@**********,79213521.529~79238760.44,대전광역*********,1250182.807~1252066.979
서**,65080*********,010-*********,jeong***********,94215717.974~94256748.557,인천광역시 ***********,70847249.392~71720301.204
윤**,08122*********,010-*********,yeweo**********,33960199.851~34009050.384,경상남도 ***********,16677946.95~16689207.547
윤**,80103*********,010-*********,gyeon***********,69919021.982~69933835.501,인천광역*********,7973559.494~7974656.489
나**,47060*********,010-*********,jhwang**************,39053246.936~39057209.56,제주특별자치*************,2329579.635~2331046.274
노**,95012*********,010-*********,minjun5****************,7617290.427~7658450.427,경상북도 ***********,1428663.397~1430175.628
서**,64120*********,010-*********,yeong***********,80187292.988~80191986.592,울산광역********,1787047.176~1789746.465
허**,81022*********,010-*********,sgim@**********,41884904.565~41897723.491,세종특별자치*************,10152682.202~10155788.387
안**,86080*********,010-*********,hyeon***********,62546754.94~62570735.526,충청남도 ***********,8330536.365~8333431.235
정**,57112*********,010-*********,jeonghu***************,27224097.487~27236386.612,제주특별자***********,9879509.683~9884075.642
한**,49040*********,010-*********,yheo@***********,77983300.883~78032403.115,경기도 양**********,42502990.312~42518907.604
박**,69082*********,010-*********,gimsangh*****************,9783305.005~9807904.967,강원도*******,2397842.663~2398563.489
김**,50101*********,010-*********,gyeongja******************,16825719.468~16865775.124,전라북도 ***********,5441491.749~5444004.545
홍**,03060*********,010-*********,gimgye**************,96403472.121~96430394.888,경상남도 ***********,54610420.808~55013560.946
최**,54010*********,010-*********,gwangsuj******************,34532115.935~34604650.903,인천광역시*********,2173875.541~2175629.204
김**,99022*********,010-*********,jungs*********,95010004.196~95031996.528,울산광역시***********,9309258.608~9316364.94
진**,51090*********,010-*********,kjin*******,44376208.935~44385937.35,경상남도 ***********,11802304.984~11813528.002
이**,05042*********,010-*********,ymin********,86311895.902~86321837.73,부산광역*********,2570885.876~2575786.138
김**,85011*********,010-*********,pbag@j*************,47591415.024~47618405.906,대구광역시 ***********,12170161.616~12174686.467
서**,77091*********,010-*********,jongs*********,16865775.124~16879995.421,경기도 파**********,1510822.074~1511975.482
강**,74081*********,010-*********,gimseo***********,16545540.404~16580281.937,부산광역시*********,7651366.757~7655144.356
노**,50111*********,010-*********,seohyeon****************,43122260.594~43147776.832,서울특별*********,2100156.466~2101822.254
송**,94081*********,010-*********,jaehyeon*****************,18268648.362~18289049.565,부산광역시*********,9495864.704~9505893.983
심**,76020*********,010-*********,jeonghun****************,20650060.078~20669140.62,부산광역시*********,7592284.156~7594860.676
황**,97070*********,010-*********,dheo@g***********,27181698.6~27207487.916,광주광역********,10502428.878~10504797.89
김**,73050*********,010-*********,gimseony******************,47723080.516~47737817.615,전라남도 ***********,21097225.033~21109189.807
최**,56100*********,010-*********,sgim@***********,2268438.068~2279715.052,충청남도 ***********,113432.04~117182.851
조**,71022*********,010-*********,jieu*********,3544231.71~3557876.344,울산광역********,2591706.31~2593142.44
김**,73061*********,010-*********,iseun***********,55939525.05~55963536.394,경기도 수**********,18907151.978~18911843.86
김**,72060*********,010-*********,eseo*******,51078075.451~51086129.992,광주광역********,3511491.917~3515664.638
서**,94110*********,010-*********,minjun***********,73913347.308~73928756.658,대전광역********,24937766.868~24944230.866
김**,79071*********,010-*********,gimdong**************,47205331.168~47213644.313,경기도 성**********,6394721.355~6400245.237
서**,74012*********,010-*********,eunjeo***********,76474474.246~76500815.308,부산광역*********,28755394.097~28760675.866
박**,14081*********,010-*********,gimsun***********,57169827.093~57211549.89,전라남도 ***********,2486014.346~2488017.934
김**,57020*********,010-*********,yeong**********,11798554.331~11801253.737,대구광역********,1264506.96~1265816.054
남**,82052*********,010-*********,jimin2***********,51546543.234~51564772.492,전라북도 ***********,4664121.738~4666706.891
심**,96012*********,010-*********,migyeong****************,27207487.916~27224097.487,울산광역********,9383123.91~9386083.117
윤**,73050*********,010-*********,yeongh*************,57122537.904~57139998.27,강원도 고**********,715079.11~721807.833
김**,62021*********,010-*********,seoyu*********,37543088.946~37556154.164,경상북도 포*************,5663123.9~5667351.112
최**,91010*********,010-*********,yeonghyi*****************,69021672.465~69072705.234,대전광역*********,21479212.614~21498315.69
장**,82092*********,010-*********,junhyeog*****************,78436674.007~78452705.936,충청남도 ***********,41550943.136~41594343.505
신**,06082*********,010-*********,pcoe*******,9994303.808~10000150.282,대전광역*********,1124392.148~1126525.563
강**,58080*********,010-*********,gcoe*******,45025219.138~45061981.258,세종특별자치*************,18558406.043~18568573.052
문**,48090*********,010-*********,oseo*******,4372797.368~4380411.304,제주특별자***********,839274.507~839636.384
손**,60061*********,010-*********,jhwang**************,28139744.496~28167915.531,대구광역시**********,18578261.542~18591193.862
박**,49011*********,010-*********,tcoe*********,52752054.776~52775408.452,경상남도 ***********,9618581.038~9627487.678
김**,65090*********,010-*********,jinu35*************,13219945.229~13228475.877,경상남도 ***********,6146720.933~6151581.772
강**,99051*********,010-*********,jihye**********,39773112.786~39780598.343,충청남도 ***********,18719442.354~18748952.614
황**,89062*********,010-*********,coeseung*****************,38862466.151~38890742.016,부산광역*********,3614995.636~3620964.638
안**,55122*********,010-*********,jiweon*************,62322826.79~62335132.889,세종특별자치*************,14099658.868~14103649.419
김**,11011*********,010-*********,jihun***********,93595508.039~93637058.407,대구광역********,24767068.747~24787230.981
박**,93020*********,010-*********,yeweonco****************,68570999.308~68575678.298,경상북도 ***********,35345255.974~35377745.484
장**,95091*********,010-*********,caeweo***********,50980398.17~51017093.0,대전광역*********,337674.395~337885.301
최**,90100*********,010-*********,jang*********,87887776.104~87895164.423,전라남도 ***********,23991826.175~24024203.161
손**,05030*********,010-*********,pgim@**********,25992506.832~26017136.831,서울특별시***********,549460.733~551325.633
김**,68010*********,010-*********,qi@******,55249285.056~55265096.836,광주광역*********,34883851.996~34938102.335
김**,99082*********,010-*********,yunseoye*****************,79042067.139~79053822.037,경상북도 **********,25503899.897~25531880.577
윤**,11041*********,010-*********,hayuni@***************,83959721.894~83969393.338,경상북도 ***********,15936830.716~15946107.464
윤**,97041*********,010-*********,kgim@j************,57651844.603~57670056.781,인천광역*********,8914727.48~8921809.444
김**,97080*********,010-*********,ujini@***********,63885668.785~63911668.107,대전광역********,9925295.218~9926608.589
홍**,76051*********,010-*********,sanghu************,37901014.971~37918100.302,충청북도 ***********,11041515.636~11048483.72
김**,91050*********,010-*********,gimseong*****************,11450666.558~11469024.456,충청북도 ***********,270869.57~272132.619
최**,84060*********,010-*********,sonji**********,99252947.034~99272346.118,전라북도 ***********,28998186.161~29032409.848
이**,59080*********,010-*********,juweon************,86676255.609~86687004.708,강원도 강**********,45538879.398~45632564.181
홍**,67112*********,010-*********,minsu*********,65296174.952~65311217.856,전라남도 ***********,20552972.578~20578449.803
남**,81121*********,010-*********,cunja***********,76873782.038~76929595.832,세종특별자치*************,45282660.19~45304228.384
이**,14102*********,010-*********,jiyeong****************,65407179.424~65428423.327,경상남도 **********,9342719.328~9347110.861
김**,91010*********,010-*********,xjang@***********,87795645.5~87805762.776,광주광역********,41194195.48~41267875.926
강**,97090*********,010-*********,shan@*********,74588962.42~74616522.273,세종특별자치*************,11511522.032~11521720.799
노**,71030*********,010-*********,goyuj***********,12778847.369~12798088.327,경상남도 ***********,1737061.043~1739139.613
김**,53061*********,010-*********,gimseo************,61036610.768~61050016.027,전라남도 ***********,11764662.583~11768663.543
이**,72062*********,010-*********,gimyeo************,44849233.852~44864838.841,광주광역********,3609588.399~3611709.511
한**,80081*********,010-*********,jihyeo***********,80022944.615~80040183.6,전라남도 ***********,13962913.546~13967123.477
문**,65112*********,010-*********,yujin5**************,89309018.439~89315176.134,경상남도 ***********,28914505.844~28939450.747
김**,07081*********,010-*********,junyeo***********,55981100.861~55994431.771,전라남도*******,31214685.14~31229183.325
김**,74052*********,010-*********,jieun62***************,44849233.852~44864838.841,경기도 성**********,2820242.76~2822773.611
이**,66120*********,010-*********,dohyeo************,57651844.603~57670056.781,전라북도 **********,34732508.977~34754205.25
이**,67111*********,010-*********,dohyeo**************,38830116.198~38862466.151,광주광역********,2900447.041~2901209.853
김**,66100*********,010-*********,gimcun**************,64056832.984~64076951.415,전라남도 ***********,18323265.4~18334847.131
이**,78060*********,010-*********,igyeo***********,65209792.059~65238379.068,부산광역*********,27860971.216~27872568.251
이**,94091*********,010-*********,gimjih***********,56682800.024~56704828.114,경상북도 ***********,27463980.446~27477178.976
박**,81122*********,010-*********,jieungi**************,85232600.642~85252275.031,강원도 양*********,38916255.361~38938187.7
류**,45050*********,010-*********,doyun62***************,56103592.731~56111359.327,대구광역********,12113797.176~12117338.903
이**,67080*********,010-*********,iogj*********,4735417.758~4787744.145,강원도 영***********,2440904.27~2445155.713
송**,95121*********,010-*********,iyeong**************,95226996.308~95292141.969,대구광역********,7347511.801~7353833.771
이**,09100*********,010-*********,wgim@b***********,27366773.759~27376943.194,강원도 ********,10597871.367~10600157.244
장**,73051*********,010-*********,areumi**************,79173323.46~79182394.414,경상남도 ***********,31581623.238~31669366.39
박**,98101*********,010-*********,ci@yu***********,99349894.093~99360364.108,울산광역********,7367057.076~7371953.235
노**,81122*********,010-*********,baggyeo****************,56412278.414~56426899.748,대구광역*********,16291388.76~16314071.374
이**,54102*********,010-*********,gimjunh****************,76140356.809~76161191.646,전라북도 ***********,15325884.878~15334275.342
나**,03092*********,010-*********,bbag@***********,66222834.747~66247664.355,대구광역********,1947497.44~1949647.185
김**,69101*********,010-*********,hyeonu***********,34990263.341~35001440.903,충청남도 ***********,5499930.486~5508058.319
김**,61102*********,010-*********,di@i*********,51516784.771~51525583.258,서울특별*********,32580310.518~32620204.457
이**,46030*********,010-*********,oo@c********,61160754.683~61174993.544,강원도 영**********,13258274.996~13264199.536
안**,82041*********,010-*********,ihay*********,24587305.27~24609660.669,세종특별자**********,8621435.935~8625612.99
권**,70102*********,010-*********,vhong*********,70943582.392~70961900.716,제주특별자치**************,34444323.656~34452836.764
김**,53111*********,010-*********,dohyeon****************,95331428.594~95352187.287,세종특별자치**************,55013560.946~55189970.879
남**,14053*********,010-*********,eunye***********,15933609.919~15943637.889,제주특별자치*************,3367998.023~3377409.096
황**,52062*********,010-*********,gimjie*************,26703869.815~26734632.825,세종특별자치*************,3740582.49~3742232.641
이**,98110*********,010-*********,gwangs***********,61135017.411~61160754.683,서울특별*********,14500353.869~14507200.822
김**,97070*********,010-*********,fbag@hw**************,26691271.718~26703869.815,전라북도 ***********,10808058.298~10811919.445
이**,97122*********,010-*********,seoj*********,86175246.946~86183098.195,경상북도********,10351646.376~10360290.397
김**,05042*********,010-*********,seonghy**************,75221453.84~75260307.395,부산광역시*********,15097985.578~15104267.128
김**,63052*********,010-*********,hyeonju****************,15919677.718~15933609.919,대전광역*******,412034.847~413731.748
이**,64011*********,010-*********,honghyej*****************,61746446.555~61800442.333,서울특별*********,9163159.843~9169938.851
이**,45072*********,010-*********,gimjuns****************,21659846.874~21684780.702,대전광역*********,4261005.693~4261438.856
황**,73120*********,010-*********,seongjin******************,82449635.294~82462058.159,전라북도 ***********,6444232.173~6448997.3
김**,54071*********,010-*********,coeeun************,84232677.77~84255625.669,대구광역*********,5899213.364~5902797.326
박**,82041*********,010-*********,minja*********,67313172.834~67319586.808,울산광역********,9887407.691~9892690.666
이**,08101*********,010-*********,eunjigan****************,72613168.25~72620181.048,부산광역시*********,12529116.534~12545695.429
이**,75123*********,010-*********,jeongs************,48366829.726~48380329.04,서울특별*********,19300607.343~19315230.731
고**,57100*********,010-*********,nammij**************,82673042.065~82679990.767,전라북도 ***********,14090302.466~14099658.868
이**,81071*********,010-*********,rgim@j*************,26424949.75~26442400.297,강원도 횡***********,1817086.291~1818808.24
김**,02032*********,010-*********,bagyeon**************,51391877.728~51399679.417,경상남도 ***********,7884955.34~7887134.247
이**,93053*********,010-*********,myeongj***************,44608678.589~44637845.217,인천광역시*********,9599451.182~9604261.452
박**,53082*********,010-*********,juweon8****************,78983728.312~78993082.467,충청북도 청**************,29633170.925~29656272.257
김**,13030*********,010-*********,hyeons**************,3566066.7~3573721.57,충청북도 ***********,455012.039~455648.587
박**,65050*********,010-*********,gimhae**************,49061923.732~49083346.407,부산광역*********,250084.522~251593.708
최**,05052*********,010-*********,coeyeon**************,74069618.575~74082693.908,부산광역********,26233844.507~26250607.689
박**,08060*********,010-*********,ti@g*******,15796652.779~15805446.248,대구광역********,726276.195~726596.361
김**,52073*********,010-*********,cunja45***************,36444204.303~36451722.802,세종특별자치*************,9944478.488~9948651.889
양**,63120*********,010-*********,suminc*************,80040183.6~80050288.085,세종특별자치**************,664907.58~666665.667
오**,86050*********,010-*********,coegwa***********,17824896.39~17842820.1,강원도 삼**********,1111499.841~1112935.839
김**,44100*********,010-*********,gimjong**************,30780265.163~30798972.512,서울특별*********,2895671.095~2897344.629
이**,03080*********,010-*********,coeminj***************,24698974.712~24717130.857,제주특별자치*************,373387.854~373684.481
이**,47062*********,010-*********,sangh***********,40964207.146~40970209.614,부산광역*********,19389353.53~19400896.582
이**,09112*********,010-*********,jeongsu***************,5061815.432~5081260.528,부산광역********,633788.27~638916.618
김**,87091*********,010-*********,osujin@**************,26764032.39~26773624.513,세종특별자치*************,13532354.65~13536032.258
고**,95100*********,010-*********,jgim@i***********,95845251.801~95873511.781,광주광역********,290041.128~290962.354
김**,67071*********,010-*********,bagmyeo**************,73373729.325~73422083.605,경상북도 **********,15753557.397~15760119.399
배**,62121*********,010-*********,ihyeo***********,24955073.754~24962608.894,충청북도 ***********,4037722.061~4040425.638
이**,99042*********,010-*********,yeongja****************,58955372.19~58973658.567,광주광역********,7120837.988~7126570.281
이**,71022*********,010-*********,gan@ju************,5226703.856~5235099.724,부산광역********,2002296.194~2005838.586
손**,49100*********,010-*********,jiyeo***********,25221804.355~25229228.211,울산광역********,2305484.805~2306735.518
이**,89050*********,010-*********,joyeon************,94873100.874~94878849.224,광주광역********,3009253.368~3013549.039
이**,56022*********,010-*********,gweonjuny******************,16267529.4~16276499.319,울산광역********,6011876.922~6019850.528
주**,81031*********,010-*********,gimeu***********,16346362.152~16364784.162,울산광역********,4162804.942~4165339.275
류**,09021*********,010-*********,seongj************,79411924.242~79423637.26,경상북도 ***********,3798486.938~3802076.575
한**,99070*********,010-*********,jieunha**************,57716280.933~57726720.816,울산광역********,16763450.848~16780354.13
박**,44111*********,010-*********,seohyeon*****************,87070212.104~87087950.013,전라남도 ***********,14292994.763~14306289.563
이**,99051*********,010-*********,njang@**************,23470625.806~23480911.425,강원도 홍**********,3524753.45~3529285.162
윤**,96072*********,010-*********,seonye**************,5654062.557~5658228.635,울산광역********,1682806.533~1683909.042
박**,78082*********,010-*********,jangse************,67449313.368~67453362.839,광주광역********,22524829.206~22532762.351
한**,06101*********,010-*********,iyun@y*************,36101599.91~36107891.436,광주광역********,3409030.646~3412627.824
한**,13072*********,010-*********,jugyeon***************,69170262.068~69191614.469,전라북도 ***********,18399539.12~18408672.736
나**,79082*********,010-*********,ljang@************,48312576.78~48326480.775,충청북도 청*************,14640717.055~14658729.278
손**,99092*********,010-*********,mijeon*************,79708175.744~79746671.747,경기도 수*********,26804104.363~26819763.987
임**,69121*********,010-*********,sunja88***************,23964393.262~23970831.533,충청남도 ***********,3218779.092~3223826.342
김**,61050*********,010-*********,minjae73****************,93828201.272~93836670.027,세종특별자치*************,9627487.678~9633391.131
이**,76022*********,010-*********,shon********,32903167.376~32909907.093,서울특별*********,4331008.459~4332200.16
김**,13112*********,010-*********,gimsan*************,70244603.628~70279532.176,경상남도 창**************,28747898.378~28755394.097
윤**,93030*********,010-*********,zna@*******,63173160.5~63190851.737,울산광역********,13024529.759~13026888.466
김**,95093*********,010-*********,jinhon***********,49226397.966~49254346.388,광주광역********,5004296.312~5006674.371
이**,58020*********,010-*********,gimjong****************,39780598.343~39787370.076,충청남도 ***********,19767408.677~19780161.015
김**,14072*********,010-*********,gimgeo**************,20567700.695~20571355.685,대전광역********,4016469.254~4022631.32
서**,71112*********,010-*********,gi@******,88277507.334~88286298.726,강원도 강**********,51982849.286~52024473.797
권**,10030*********,010-*********,yejun**********,17611337.359~17614735.9,대구광역********,12386149.366~12390930.164
손**,60060*********,010-*********,jaehoyu***************,50738230.066~50771636.001,충청남도 계***********,9397759.4~9405316.515
오**,11042*********,010-*********,myeongsu****************,36935719.882~36966167.638,경상남도 ***********,896386.389~900596.092
이**,82062*********,010-*********,yejin75***************,2443758.376~2466432.24,충청북도 ***********,938715.492~940489.302
박**,81010*********,010-*********,gangyej****************,41682499.486~41719721.303,충청북도 ***********,6622544.223~6624663.886
이**,49052*********,010-*********,jongsu**************,65599844.568~65637770.108,전라북도 ***********,12863723.146~12872384.276
손**,65010*********,010-*********,bagmigyeo******************,63527870.623~63558981.192,강원도 *******,495008.8~496547.464
김**,72040*********,010-*********,gimhyeon*****************,43818730.472~43852102.261,전라북도********,11230400.892~11235484.351
진**,55040*********,010-*********,jeonghy***************,78614026.482~78635378.93,충청남도 ***********,5637680.523~5641426.624
최**,60100*********,010-*********,coejun************,28047099.343~28061441.097,서울특별시*********,19882108.322~19890818.603
곽**,13062*********,010-*********,gimjeong****************,96484677.366~96499461.155,세종특별자치*************,54219338.254~54353513.757
최**,94112*********,010-*********,hyeonj************,26145041.862~26149340.122,경기도 김***********,491882.226~493334.793
강**,92122*********,010-*********,junhye************,68526266.443~68542089.311,인천광역*********,30546211.076~30558537.79
김**,60031*********,010-*********,juweoni**************,94383517.156~94384567.409,경기도 수**********,2537500.696~2540234.465
배**,92062*********,010-*********,lbag*******,49949824.944~49985153.451,제주특별자치**************,7058480.294~7062165.574
이**,81072*********,010-*********,hyeonje****************,75433816.351~75447986.092,경상남도 ***********,27396996.867~27433233.98
서**,81090*********,010-*********,iyeongsu****************,32122115.049~32174258.299,강원도 홍**********,10854683.321~10855454.46
권**,44080*********,010-*********,jiweon0***************,9940143.965~9954217.377,제주특별자치*************,1311013.852~1311909.447
고**,01041*********,010-*********,ljang@**************,66272591.635~66295765.569,경기도 *******,4111790.096~4115440.582
박**,68080*********,010-*********,eunjeong*****************,35783119.502~35799353.246,세종특별자치*************,5006674.371~5013720.657
최**,90091*********,010-*********,vseo@***********,3846241.159~3858554.15,서울특별*********,2371206.938~2373202.937
고**,07060*********,010-*********,seongm**************,58467851.591~58475197.422,경기도 성**********,3151361.16~3153030.76
이**,60072*********,010-*********,wgim*******,98838564.696~98858803.765,경기도 성*********,20692442.521~20705283.521
박**,76021*********,010-*********,zson********,35320762.31~35338675.98,경상북도 ***********,1708509.534~1711018.597
김**,80062*********,010-*********,qjeo*********,36856406.636~36875101.546,광주광역********,210810.772~211949.41
류**,89082*********,010-*********,bagseo************,36195713.585~36215599.599,제주특별자치*************,3953749.861~3955540.522
김**,53051*********,010-*********,anuji***********,29978661.646~30009696.671,광주광역*********,14632800.549~14633755.6
배**,02082*********,010-*********,eunseo1****************,14087244.088~14102207.538,서울특별*********,1698506.144~1700117.211
이**,55080*********,010-*********,sonyunse****************,4628300.308~4639298.087,대전광역*********,3133930.744~3138295.286
권**,01021*********,010-*********,isun*********,79995788.55~80005269.398,강원도 횡**********,7409662.0~7412041.043
조**,83110*********,010-*********,seongmin******************,55123727.474~55136837.806,전라남도 ***********,4353197.774~4354797.091
김**,93033*********,010-*********,vno@h*********,72273112.929~72316653.568,울산광역********,4845751.006~4848267.332
허**,04060*********,010-*********,seoyungi****************,49896777.266~49926205.647,광주광역시*********,19949439.522~19968068.168
김**,00070*********,010-*********,jimingi***************,92648258.214~92664498.425,전라남도 ***********,27888053.01~27906128.368
권**,03053*********,010-*********,ogim@y*************,29486990.389~29504703.648,울산광역시 ***********,3438798.546~3442245.441
오**,65110*********,010-*********,eunjeong*****************,55292412.972~55319692.638,광주광역*******,10956315.318~10962278.902
김**,51073*********,010-*********,ban@*********,42721796.163~42744011.852,경기도 고**********,15464942.382~15477965.011
최**,83112*********,010-*********,cna*******,6195315.329~6220816.289,대구광역*********,2232989.96~2235213.384
한**,81050*********,010-*********,sunog*********,67032097.282~67054972.076,제주특별자**********,20775312.809~20782308.098
김**,10080*********,010-*********,sugja5**************,86032496.179~86045394.93,충청북도 ***********,26626723.103~26671457.557
최**,90042*********,010-*********,junhoc***********,58917059.685~58925175.429,경상남도 ***********,10797562.54~10802938.194
서**,86082*********,010-*********,coeseo*************,9087004.628~9106705.443,전라남도 ***********,371585.252~372358.287
한**,58071*********,010-*********,vju@ju***********,90332868.675~90363645.669,경상북도 ***********,51057410.078~51114855.716
곽**,50050*********,010-*********,eim@*********,87412774.01~87417135.312,서울특별*********,18507464.01~18513011.714
장**,87020*********,010-*********,yunyuns****************,84696293.027~84713395.024,제주특별자***********,7426635.835~7434349.932
김**,77071*********,010-*********,migyeon***************,57258360.802~57311593.144,제주특별자치**************,3223826.342~3229831.64
김**,68021*********,010-*********,gangji***********,39233672.416~39239230.5,강원도 *******,14082247.805~14087954.254
김**,06080*********,010-*********,minji*********,33819578.629~33844764.115,강원도 양***********,3433717.968~3436484.406
김**,50113*********,010-*********,yujini@**************,30514117.595~30537382.326,강원도 양**********,1574852.892~1577108.57
이**,79081*********,010-*********,minseog1****************,50190180.633~50203711.759,세종특별자치*************,16179044.016~16190337.335
이**,51051*********,010-*********,seohyeon******************,67069691.429~67093149.022,울산광역********,8881047.762~8888232.242
이**,86101*********,010-*********,ijunh***********,35917099.968~35952035.594,서울특별*********,5879797.051~5881088.445
장**,64091*********,010-*********,namyeong******************,30924213.726~30966119.313,세종특별자치*************,20337876.743~20342679.093
박**,77083*********,010-*********,jihun***********,32245348.608~32253179.234,강원도 인**********,754556.055~755869.978
김**,11070*********,010-*********,vbaeg@**************,5337205.936~5348049.0,경상남도 ***********,995596.153~997844.344
민**,95030*********,010-*********,seonghye****************,52023622.58~52040873.488,인천광역*********,17788987.81~17793752.476
최**,78112*********,010-*********,eunjiry****************,72808711.147~72815908.463,광주광역*********,5919235.192~5923453.819
김**,12122*********,010-*********,jieun***********,86930797.343~86951773.385,세종특별자치*************,52024473.797~52144719.416
이**,49050*********,010-*********,cmin@y************,97246316.939~97252007.1,경상북도 ***********,32934426.925~32979840.526
김**,65112*********,010-*********,icunj**********,73928756.658~73944785.538,제주특별자치**************,6325476.158~6331462.595
김**,46070*********,010-*********,kgim*******,48841251.77~48854231.077,경상남도 ***********,7143885.683~7148649.385
오**,10092*********,010-*********,ugim@g************,36388934.274~36421964.09,서울특별********,22112446.269~22147570.16
이**,49101*********,010-*********,gimsuji***************,5181053.792~5201493.025,서울특별*********,531976.359~534518.709
김**,60051*********,010-*********,ryugyeo**************,3781473.206~3825923.349,강원도 인*********,2459237.108~2461839.632
최**,44030*********,010-*********,vbag@**********,79616649.912~79628810.539,충청북도 ***********,12623187.497~12628420.68
김**,72012*********,010-*********,nbag@***********,89334026.611~89364918.51,경상북도 ***********,15950154.506~15958895.491
최**,10030*********,010-*********,kyang@**************,58261262.268~58277606.275,서울특별*********,8394198.121~8399291.703
최**,78043*********,010-*********,fan@*********,54201282.872~54212736.017,전라남도 ***********,4935307.295~4936854.1
김**,77082*********,010-*********,donghyeo******************,3268556.386~3287579.659,경상남도 진***********,133550.084~134674.583
김**,84070*********,010-*********,ai@son***********,95352187.287~95356636.11,강원도 양*********,14776020.256~14814674.418
김**,14073*********,010-*********,jeonghun*****************,77369339.528~77383168.727,충청북도 ***********,33645722.451~33692286.915
김**,97071*********,010-*********,sunjagi***************,79584068.416~79591613.328,서울특별*********,16100567.878~16112810.128
박**,94011*********,010-*********,haeungi****************,97822778.02~97847356.617,충청북도 ***********,7460068.33~7463691.634
이**,00091*********,010-*********,bagyeji****************,35671960.101~35700133.296,강원도 횡**********,5181316.502~5184917.466
오**,95110*********,010-*********,jseo@y*************,55197936.316~55202197.614,전라북도 ***********,28101177.597~28110847.832
김**,72101*********,010-*********,coebor**************,93487668.468~93507831.81,부산광역시*********,41127705.702~41194195.48
박**,88020*********,010-*********,seunghye******************,47259317.639~47265767.792,광주광역*******,20049073.199~20056063.04
김**,86091*********,010-*********,igim@i************,79292326.382~79317446.706,서울특별*********,45459875.5~45477749.993
안**,78011*********,010-*********,ugim@j*************,37292954.683~37305295.198,부산광역시 ***********,4594374.82~4597976.268
오**,86071*********,010-*********,sgim@y*************,58107657.19~58121960.735,세종특별자**********,1906167.422~1912658.697
홍**,94043*********,010-*********,gbag@y*************,15949110.773~15961400.588,경상남도 ***********,1545189.318~1548927.539
이**,97072*********,010-*********,hayu*********,29150607.821~29159099.228,서울특별*********,2126163.284~2126910.508
안**,58042*********,010-*********,yunhyej****************,63934947.843~63942547.064,서울특별*********,31057951.535~31075094.638
양**,13063*********,010-*********,ijiwe***********,4511470.965~4556790.948,부산광역시*********,856387.906~860711.095
최**,08111*********,010-*********,minjun*************,68159101.352~68163492.672,충청북도 ***********,2534206.968~2535243.976
김**,49080*********,010-*********,jiyeong***************,3369653.715~3377137.021,강원도 화*********,1327122.516~1328729.58
노**,57011*********,010-*********,jia98***********,6171354.828~6173078.485,강원도 *******,456195.565~458862.01
이**,12050*********,010-*********,minseog****************,99328095.657~99349894.093,대구광역********,8565959.456~8567145.55
한**,78030*********,010-*********,junyeo************,25898074.848~25916397.778,강원도 영*********,983450.047~985422.75
김**,45052*********,010-*********,dohyeo**************,49475925.088~49482181.742,서울특별*********,11597517.532~11606088.761
이**,95080*********,010-*********,jaehy***********,70580952.763~70620117.174,경상남도 창**************,11568863.861~11572100.377
남**,02112*********,010-*********,minseo6**************,88605760.602~88628191.37,경기도 *******,18602656.072~18605021.293
이**,83110*********,010-*********,icoe@j*************,2443758.376~2466432.24,강원도 *******,281215.762~285205.198
김**,74071*********,010-*********,bagj*********,20587510.854~20609407.694,대구광역시 ***********,5296880.015~5298080.448
홍**,96020*********,010-*********,sangce************,21502641.278~21523198.049,경상북도********,9948651.889~9959011.408
김**,98111*********,010-*********,obag@**********,61915031.393~61955881.31,경상북도 ***********,29871473.31~29901653.883
서**,46111*********,010-*********,gimsu**********,9898697.004~9911263.722,경상북도 ***********,4011034.155~4012619.023
김**,86032*********,010-*********,yeongj************,8523010.581~8538122.384,강원도 횡**********,268451.096~269836.683
문**,81012*********,010-*********,coeyeon**************,95000833.827~95010004.196,서울특별*********,1327122.516~1328729.58
이**,97011*********,010-*********,dhwang************,62998060.341~63011352.054,대전광역********,5517080.232~5523196.02
최**,99040*********,010-*********,tcoe@j*************,60281073.792~60302197.518,충청남도 ***********,722337.603~724688.725
황**,58091*********,010-*********,gyeongh**************,85414166.309~85417456.197,인천광역*********,30599788.548~30682254.886
류**,56012*********,010-*********,baghyeonj******************,86321837.73~86325539.051,경상북도 ***********,11972385.86~11981711.842
장**,90041*********,010-*********,minjunb***************,84740525.554~84744866.867,경상북도 ***********,12648336.831~12658269.773
백**,56120*********,010-*********,gi@i********,94960130.248~94962852.049,서울특별*********,12759362.867~12771025.945
홍**,03060*********,010-*********,seoyun0****************,19751861.337~19784110.397,인천광역시 ***********,459086.079~461069.127
이**,74062*********,010-*********,gi@m********,43785941.253~43818730.472,경기도 안**********,4651540.5~4657770.83
문**,75071*********,010-*********,gyeonghyi******************,66183277.489~66200317.058,전라남도 **********,4754502.58~4757773.771
유**,79010*********,010-*********,jeongs***********,19042185.426~19044460.861,전라남도********,3377409.096~3380525.452
백**,73072*********,010-*********,gyeon***********,36311700.972~36337053.978,제주특별자치*************,9339668.74~9340848.4
김**,00033*********,010-*********,junseogi****************,96193795.442~96235155.73,전라남도 ***********,27137071.064~27209961.819
김**,66043*********,010-*********,fgim@j*************,68912194.725~68918182.487,부산광역*********,22368545.345~22381790.48
안**,56021*********,010-*********,kjo@ju************,44900216.24~44946602.341,전라북도 ***********,860711.095~862649.94
박**,85102*********,010-*********,yejigi*************,56063068.481~56074132.525,전라북도 ***********,4898646.352~4905284.483
배**,54072*********,010-*********,ghong@**************,27366773.759~27376943.194,강원도 *******,2890595.54~2893971.38
박**,83101*********,010-*********,ui@he***********,31702918.256~31747568.459,대전광역********,5441491.749~5444004.545
박**,79012*********,010-*********,vseo@*********,89479997.002~89491631.907,세종특별자**********,19987185.258~19991781.098
류**,06090*********,010-*********,ieunje*************,71772770.719~71789598.407,충청북도 ***********,38316566.888~38421240.728
김**,90042*********,010-*********,seojuno***************,71458459.041~71465440.622,전라북도 ***********,3724561.335~3726717.495
박**,49081*********,010-*********,eunju**********,40589426.172~40613863.925,강원도 양**********,15045495.989~15059894.171
이**,52022*********,010-*********,ojeon***********,85759799.019~85771985.96,대전광역********,2018622.928~2020582.133
이**,88101*********,010-*********,donghyeon******************,53642934.199~53679675.747,서울특별*********,4771069.578~4774990.501
김**,96090*********,010-*********,junse*********,38746117.752~38766724.5,부산광역시*********,12409910.595~12428456.035
차**,84100*********,010-*********,hyeonj**************,20716379.346~20730253.643,충청북도 ***********,4909641.084~4914058.27
윤**,12120*********,010-*********,minjae**************,50378888.172~50391471.074,충청남도 보***********,10327084.572~10330081.573
김**,52011*********,010-*********,hji@s*********,29749938.326~29789398.25,대구광역*********,15401545.216~15412245.877
한**,00100*********,010-*********,bagsuj************,90665762.423~90690785.667,전라남도 ***********,2107142.571~2112867.259
김**,48110*********,010-*********,ti@jus***********,40708046.498~40727564.538,광주광역*******,19201058.588~19211526.258
박**,10121*********,010-*********,yeong***********,75912782.177~75922717.387,인천광역시*********,31123982.333~31129615.65
이**,51031*********,010-*********,doyunje****************,22948583.144~22966861.125,대전광역********,135614.03~136175.776
김**,66022*********,010-*********,jbag*******,28906941.893~28929253.43,강원도 인*********,2457788.213~2459237.108
주**,52021*********,010-*********,gimmi**********,5515748.812~5531564.78,울산광역********,624388.338~624877.806
최**,59120*********,010-*********,yeongceo*****************,4380411.304~4407188.592,경상북도 ***********,829058.663~829752.46
임**,53051*********,010-*********,bagdoyu***************,80425395.401~80437067.07,충청북도 ***********,2280513.874~2282249.145
류**,98041*********,010-*********,seongh************,7692111.408~7702115.26,울산광역********,4184647.06~4187364.755
이**,00110*********,010-*********,seoyeong*****************,63116218.68~63135453.414,제주특별자치*************,13374853.867~13381507.881
김**,59122*********,010-*********,yeonghw***************,9926539.21~9928952.59,강원도 원**********,2199510.608~2201122.086
김**,08122*********,010-*********,migyeon***************,31948382.761~31959024.246,대전광역*********,7554597.714~7564672.392
윤**,93071*********,010-*********,gyeongs***************,28490739.504~28510637.236,경상남도********,152423.351~152815.8
장**,48031*********,010-*********,bagsang****************,68396501.281~68403577.81,전라남도 ***********,12852100.142~12863723.146
성**,62042*********,010-*********,ii@gi***********,19436235.361~19445144.344,충청북도 ***********,8437613.815~8447415.435
장**,71022*********,010-*********,hyeons***********,66295765.569~66333705.745,경기도 수**********,36048064.056~36058932.488
이**,09011*********,010-*********,myeongs**************,23010334.272~23024348.551,울산광역********,4508374.384~4516160.758
윤**,57072*********,010-*********,jaehye*************,33482862.21~33485338.757,경기도 이**********,4541052.706~4544417.717
김**,86100*********,010-*********,cunjago@*****************,39399023.146~39420824.746,전라남도 **********,4808454.16~4811681.169
김**,59041*********,010-*********,eunjeon**************,77720858.323~77733718.299,세종특별자치*************,34203888.262~34238732.666
김**,75122*********,010-*********,uan@i**********,16310709.895~16323535.386,전라북도 ***********,273257.294~273853.978
지**,92030*********,010-*********,ogim*********,99212157.029~99247780.749,충청북도 ***********,3864291.4~3869001.376
박**,44040*********,010-*********,sunjag***********,61800442.333~61822318.13,대전광역********,12631551.31~12640686.113
박**,78032*********,010-*********,baeeunse****************,11886260.399~11919345.622,대구광역********,3108134.789~3112032.689
전**,55042*********,010-*********,yeji03@**************,12872142.628~12883139.744,대전광역*********,773255.404~774509.73
윤**,01012*********,010-*********,seoyeo*************,34068531.1~34076933.817,세종특별자치*************,23089799.481~23112684.709
홍**,80112*********,010-*********,gweonje***************,41813981.895~41831173.467,충청북도 ***********,6697266.399~6700237.391
서**,52122*********,010-*********,yeongs**************,99272346.118~99275711.092,인천광역********,58464212.793~58779862.545
이**,48010*********,010-*********,haeungi****************,32418109.042~32442411.976,충청남도 ***********,15356385.246~15362186.046
고**,51092*********,010-*********,junho**********,21868925.11~21894858.289,인천광역********,2050581.982~2053147.09
민**,65012*********,010-*********,xjang**********,55899081.258~55907507.235,부산광역시*********,12368507.186~12376813.889
이**,03062*********,010-*********,hwangsi***************,34417412.712~34446621.204,서울특별*********,8285363.458~8286587.553
최**,98071*********,010-*********,xi@yuh***********,71226191.814~71242340.55,인천광역시 ***********,17371069.285~17380951.552
이**,98042*********,010-*********,yji@ju***********,21638693.304~21650113.375,경기도*******,207274.432~209503.258
김**,45071*********,010-*********,seohye***********,55701138.86~55728243.437,경상북도 포*************,18364840.991~18372244.378
이**,83101*********,010-*********,ogsun33**************,51086129.992~51091647.518,충청북도 청**************,9430196.846~9435122.752
김**,03072*********,010-*********,namji**********,19996948.466~20021348.64,충청남도 ***********,704594.082~710501.43
김**,66042*********,010-*********,gyeongja****************,92796076.234~92840425.308,전라북도 ***********,13297289.096~13298874.405
한**,59061*********,010-*********,minsu**********,82322992.738~82354420.869,울산광역********,25682515.529~25745144.352
이**,12041*********,010-*********,jihu81@**************,12629942.296~12665679.214,서울특별시*********,3595203.523~3597293.47
장**,05050*********,010-*********,yeweo*********,99054643.016~99070264.62,인천광역시 ***********,64410167.772~64961160.083
안**,95011*********,010-*********,bagjiy************,21788384.815~21796399.708,전라북도 ***********,5513631.202~5517080.232
김**,54102*********,010-*********,gusangh**************,51546543.234~51564772.492,울산광역********,19767408.677~19780161.015
김**,06122*********,010-*********,seongji**************,18311025.161~18327841.069,전라남도 ***********,5093766.887~5094599.913
이**,78032*********,010-*********,ihon********,29159099.228~29173227.792,광주광역********,10953525.074~10956315.318
배**,93123*********,010-*********,junhye***********,81732782.785~81750844.117,서울특별시**********,2851353.146~2852472.764
윤**,47030*********,010-*********,yeongsu**************,12502758.517~12509763.032,전라북도 ***********,6383857.456~6386813.02
최**,56121*********,010-*********,xcoe@**********,46781145.094~46788185.164,대전광역*********,2362637.825~2365242.052
한**,00120*********,010-*********,hwangji***************,36290299.709~36311700.972,부산광역********,2895671.095~2897344.629
성**,57062*********,010-*********,coeeun*************,70378720.496~70400143.678,전라북도 ***********,24840595.294~24847006.045
박**,07012*********,010-*********,jihui***********,22253310.226~22265412.562,대전광역*********,1274752.709~1277281.927
최**,52061*********,010-*********,jeonghy***************,98067926.06~98094418.91,충청남도 부***********,62584319.965~64263069.946
송**,11060*********,010-*********,jeongjaj****************,76170048.874~76186003.424,전라남도 ***********,3399250.461~3399817.509
홍**,74032*********,010-*********,migyeong******************,46728498.33~46740080.454,전라북도 ***********,10190430.6~10200547.407
이**,11091*********,010-*********,mijeon**************,12509763.032~12525296.232,충청북도 ***********,6198174.505~6211092.912
김**,45091*********,010-*********,ji@i*******,47811251.111~47836882.622,경기도 성**********,11757531.476~11764662.583
최**,54120*********,010-*********,gyeong**************,71909039.463~71916343.238,대구광역시*********,27093738.643~27107666.433
김**,91080*********,010-*********,gyeong**************,99449221.103~99459934.899,경상남도 창원***************,43081038.912~43132897.33
문**,95052*********,010-*********,yeongceo*****************,92253116.219~92273757.044,경상북도 ***********,883554.814~886635.472
고**,75010*********,010-*********,psong@***********,28234417.506~28245181.409,대구광역********,10052490.574~10065019.516
배**,86052*********,010-*********,yejini**************,27730053.913~27765438.05,울산광역********,12675735.542~12692749.392
김**,65012*********,010-*********,dgi*******,89025491.658~89041575.892,대전광역********,9760281.595~9770782.66
조**,53112*********,010-*********,jimin97***************,89829251.625~89854890.598,전라북도 ***********,60402299.283~60672131.529
박**,55021*********,010-*********,yeongs************,33265821.888~33295958.62,충청남도 ***********,1580547.914~1583993.122
강**,04082*********,010-*********,seonghyeo******************,12010766.074~12043791.719,경상북도 ***********,4110586.107~4111790.096
이**,56032*********,010-*********,gimsu**********,35483497.282~35515642.965,대전광역*******,6631377.082~6639867.451
김**,70011*********,010-*********,boram2**************,44762884.966~44774008.093,충청북도 ***********,7283576.501~7289954.04
노**,47032*********,010-*********,baggeon**************,28788682.525~28807122.625,전라북도 ***********,9809551.34~9818464.626
김**,67061*********,010-*********,jiagi**********,65074372.41~65084134.355,서울특별*********,12836992.581~12846206.717
김**,80080*********,010-*********,zi@ba**********,16267529.4~16276499.319,세종특별자치*************,4541052.706~4544417.717
김**,52060*********,010-*********,gimjeon**************,71292655.555~71303335.998,제주특별자치**************,413731.748~416214.703
김**,45122*********,010-*********,cajin*********,77402669.054~77416054.923,대구광역********,34036119.213~34044967.978
최**,12122*********,010-*********,gweony**************,50417267.488~50430375.474,경상북도 포*************,382306.956~383591.235
한**,95081*********,010-*********,hongseung********************,74616522.273~74623766.163,경상북도 ***********,4623801.62~4626012.945
이**,64040*********,010-*********,miyeon*************,92781390.552~92796076.234,대구광역********,19315230.731~19323495.63
김**,81061*********,010-*********,yryu@**********,19554146.948~19575935.752,세종특별자치**************,10392660.553~10397517.973
이**,47112*********,010-*********,hyeonju**************,97006355.304~97015322.596,부산광역시*********,36644406.599~36698354.771
황**,81041*********,010-*********,jeongsu***************,93696636.89~93702609.634,경상남도 ***********,8319108.187~8320082.168
고**,48051*********,010-*********,yunjeo************,40437733.248~40455303.742,경상남도 ***********,4931571.122~4935307.295
민**,56092*********,010-*********,seongj*************,62444283.888~62487980.595,세종특별자치*************,10015991.018~10021925.605
박**,72012*********,010-*********,jaeho**********,48811271.188~48841251.77,광주광역********,3859546.184~3861648.951
김**,90061*********,010-*********,jeongs***********,34838454.012~34854959.767,서울특별*********,6618285.788~6619828.892
최**,01072*********,010-*********,baejeo***********,29008276.215~29038011.806,울산광역*******,1272701.828~1273657.053
구**,04080*********,010-*********,wi@yu**********,48758905.382~48775623.09,충청북도 청*************,15325884.878~15334275.342
조**,64110*********,010-*********,jiui@y*************,83664054.609~83705330.429,대전광역*********,36058932.488~36064366.029
김**,85011*********,010-*********,bagsan************,5546809.251~5557535.04,서울특별*********,456195.565~458862.01
박**,88021*********,010-*********,haneungye******************,38364859.86~38377114.79,인천광역시*********,3476352.408~3480180.705
이**,74080*********,010-*********,seojun***********,33710257.227~33721221.742,세종특별자치*************,792386.649~795436.474
박**,45100*********,010-*********,seungm************,81263269.75~81269369.985,제주특별자치**************,40167990.877~40285698.697
김**,69020*********,010-*********,mgim@s***********,25898074.848~25916397.778,강원도 원**********,8348160.904~8351056.104
이**,96022*********,010-*********,byeongce******************,16675452.869~16691859.145,충청북도 ***********,6355531.275~6358327.758
이**,75110*********,010-*********,sunogg*************,32855856.461~32877886.44,울산광역********,9254794.751~9265715.822
안**,67090*********,010-*********,ti@gwe************,91153503.24~91167504.926,전라북도 전************,14090302.466~14099658.868
이**,67022*********,010-*********,ogweon**************,77264555.638~77275897.914,충청남도 ***********,43830893.264~43835263.704
조**,95092*********,010-*********,iyeongj****************,78767130.831~78787299.795,부산광역*********,6193091.923~6198174.505
이**,84121*********,010-*********,jiury***********,32754276.84~32789765.146,경상북도 ***********,17229904.284~17240316.462
이**,91081*********,010-*********,qi@g*********,36101599.91~36107891.436,세종특별자치*************,670292.803~673064.561
이**,88082*********,010-*********,iyejun@**************,45567854.106~45591440.688,대전광역*********,10797562.54~10802938.194
김**,53092*********,010-*********,bagbo*********,39636056.073~39654623.184,강원도 홍*********,7380439.606~7388685.226
서**,98032*********,010-*********,egim*******,68632613.342~68650829.627,충청남도 ***********,24501654.4~24515483.834
이**,95120*********,010-*********,jihun***********,33729310.1~33735778.51,대구광역********,19578316.379~19606690.81
성**,94091*********,010-*********,tmun@s***********,40964207.146~40970209.614,대전광역********,1150352.72~1152354.438
이**,82063*********,010-*********,igeo********,16597788.102~16613370.554,대전광역********,3170624.948~3173068.728
최**,70121*********,010-*********,subin*********,83757827.676~83779396.624,충청북도 청**************,33399296.266~33410371.181
한**,78010*********,010-*********,yeongsun****************,92648258.214~92664498.425,인천광역********,16058012.285~16077613.05
한**,67042*********,010-*********,yeongjin*****************,22164949.889~22198775.9,충청북도 ***********,1637615.941~1639073.698
김**,68011*********,010-*********,yeongs*************,17614735.9~17621955.789,대전광역시*********,137310.845~138723.09
권**,92072*********,010-*********,hi@******,25374754.794~25405435.566,경상북도********,3926251.164~3927819.842
김**,77062*********,010-*********,hongye*************,4372797.368~4380411.304,전라남도 ***********,1146400.558~1149187.392
김**,80053*********,010-*********,minjae**************,40945881.78~40961849.439,충청북도 청**************,701174.088~702561.591
송**,58051*********,010-*********,dgim*******,61050016.027~61070000.709,대구광역*********,1688922.413~1689428.44
이**,51101*********,010-*********,hyeon***********,14229547.04~14236205.064,대전광역*********,4238406.282~4242125.354
허**,01040*********,010-*********,eunju**********,11958150.053~11984096.731,충청북도 ***********,1411179.68~1411774.517
윤**,64082*********,010-*********,lhan********,74662424.748~74686038.782,충청남도 ***********,46271917.006~46372819.772
김**,88041*********,010-*********,ijunh***********,47885627.102~47909904.019,충청북도 ***********,681196.932~682825.1
이**,03112*********,010-*********,iseohyeo****************,75586183.836~75602331.265,서울특별*********,29410056.718~29432928.605
김**,07050*********,010-*********,sujin31****************,15321420.26~15350590.927,충청북도 ***********,7171044.596~7174696.134
황**,53061*********,010-*********,egan********,72620181.048~72665001.421,강원도*******,8012051.008~8014655.594
남**,69020*********,010-*********,gimuji**************,38470992.174~38477615.446,서울특별시**********,5210837.569~5213850.371
김**,84122*********,010-*********,yeongm*************,61509576.222~61540112.472,충청북도 ***********,3426400.096~3433717.968
이**,53041*********,010-*********,fgim@g**************,78230511.462~78253290.383,제주특별자치*************,46271917.006~46372819.772
강**,88121*********,010-*********,bagdoh***********,77687551.519~77700734.7,부산광역*********,780151.63~782469.608
안**,95031*********,010-*********,ogang@*************,20028479.091~20063814.138,제주특별자치*************,11691075.856~11694941.316
김**,14022*********,010-*********,jeongs*************,45159419.123~45193884.709,울산광역시 ***********,1262534.425~1264506.96
안**,00080*********,010-*********,seong*********,30726945.422~30746102.172,대전광역*********,5102822.165~5107963.146
양**,82091*********,010-*********,di@*****,53329644.902~53340527.962,세종특별자치**************,17981535.429~17993761.483
송**,93092*********,010-*********,zhong@*************,76947377.165~76961625.838,경기도 용**********,6490447.899~6493514.861
김**,90112*********,010-*********,jeongun***************,94524233.841~94535016.505,세종특별자치*************,7100022.03~7101713.379
장**,90111*********,010-*********,sunja29**************,42452400.141~42466248.44,전라남도 ***********,6873122.077~6883115.741
김**,69090*********,010-*********,hyeonu***********,89950515.083~89965955.235,전라북도 ***********,7196004.203~7198431.011
박**,75040*********,010-*********,hyeon***********,93473217.832~93487668.468,충청남도 ***********,7019729.886~7021289.701
홍**,01073*********,010-*********,seongsug*****************,15176732.786~15212702.4,충청남도 천**************,4651540.5~4657770.83
김**,90112*********,010-*********,nbag*********,92882735.2~92889581.95,부산광역시**********,10478550.546~10480966.238
안**,78080*********,010-*********,sumin**********,21075442.6~21091259.129,서울특별시*********,3177646.978~3181002.945
박**,94072*********,010-*********,bora*********,75410764.976~75417473.124,전라북도 **********,28473516.286~28485890.231
박**,06063*********,010-*********,yeonghy**************,29332952.491~29355133.444,울산광역********,761537.066~764161.894
이**,90070*********,010-*********,mgim@**********,77416054.923~77438014.92,제주특별자치**************,4921401.11~4924161.303
심**,05120*********,010-*********,jeongja**************,97757926.806~97764649.302,대전광역*********,8609397.113~8611819.28
백**,49082*********,010-*********,minseo5***************,82282686.269~82294454.051,경기도 성**********,6457017.392~6462599.996
김**,55100*********,010-*********,eunjeon***************,72487982.122~72516205.093,광주광역********,5760173.417~5764300.923
주**,46051*********,010-*********,sinar**********,29355133.444~29388066.932,광주광역********,1900361.284~1901016.734
김**,08042*********,010-*********,iminj**********,7453410.44~7492228.06,경상남도 ***********,3333118.343~3334036.514
김**,95021*********,010-*********,igim@**********,14595662.905~14643243.426,경상북도 **********,3829383.485~3831316.777
김**,59031*********,010-*********,migyeong******************,16879995.421~16911061.458,제주특별자치**************,7991159.776~8000054.206
문**,99112*********,010-*********,ego******,16958517.494~16967368.683,전라북도 ***********,4759975.863~4763807.238
오**,66121*********,010-*********,gimeuns****************,42879016.429~42928634.47,경상남도 ***********,4771069.578~4774990.501
남**,90052*********,010-*********,eunjeo************,91272383.868~91296750.582,광주광역*********,23277561.863~23294746.415
김**,53061*********,010-*********,hwangbyeo******************,5675019.912~5679577.962,대전광역********,549460.733~551325.633
조**,07052*********,010-*********,isangh************,21684780.702~21698378.173,전라북도 군***********,1280259.81~1281553.891
서**,78101*********,010-*********,gimjaeh***************,93998232.118~94008177.719,울산광역********,13193934.418~13200067.383
이**,95081*********,010-*********,jeongsu***************,5105809.8~5118510.614,인천광역********,2560655.203~2566844.804
송**,84022*********,010-*********,wsin*********,13300054.666~13305670.839,세종특별자치*************,4759975.863~4763807.238
장**,98110*********,010-*********,seohaeu**************,88286298.726~88305456.808,강원도 강**********,3758443.902~3761287.103
권**,58110*********,010-*********,hyeonu2****************,11206597.077~11218324.1,전라남도 ***********,394827.97~395413.811
김**,78121*********,010-*********,yeeun**********,43606513.694~43640764.859,부산광역********,2679698.685~2681695.18
이**,93022*********,010-*********,yeongsus****************,50041922.302~50101687.341,전라남도 ***********,29502753.384~29514361.653
손**,95043*********,010-*********,hyeonje****************,61646976.316~61672650.783,경상북도 ***********,4704329.751~4706859.819
황**,52111*********,010-*********,myeong*************,78171160.518~78187941.847,경기도 *******,29139115.213~29180861.064
이**,11101*********,010-*********,areumg**************,73353510.776~73373729.325,인천광역*********,10421919.794~10426855.399
민**,81112*********,010-*********,donghyeo*****************,9898697.004~9911263.722,충청북도 진************,3380908.374~3381910.414
김**,13070*********,010-*********,jaeh*********,84783435.074~84804897.906,대전광역********,2140480.626~2142254.036
이**,83040*********,010-*********,ihayun************,84825851.204~84845835.392,인천광역********,31075094.638~31112232.662
김**,63010*********,010-*********,gujiyeon****************,79249486.176~79259919.705,경상북도 ***********,12891674.894~12917226.188
강**,14062*********,010-*********,jeongogs******************,11536314.254~11554635.751,부산광역시*********,875661.962~878134.71
정**,79082*********,010-*********,wgim@***********,56810797.223~56857181.92,전라남도 ***********,5710082.459~5712539.32
김**,90012*********,010-*********,mgim@***********,4628300.308~4639298.087,울산광역시 ***********,1775150.85~1776571.57
김**,61061*********,010-*********,gimeungy******************,39153870.134~39213069.336,대전광역********,15296841.892~15302608.717
김**,90101*********,010-*********,jiyeon**************,46311292.713~46323531.893,경기도 *******,7629569.311~7630126.268
엄**,77070*********,010-*********,xba*******,11922183.105~11938828.149,경기도 ********,4251492.734~4253401.565
김**,80080*********,010-*********,sunjaba****************,11077512.586~11109622.594,대구광역시*********,2738533.215~2740667.85
양**,63082*********,010-*********,doyunan***************,64754287.068~64773003.308,광주광역********,29811189.053~29851460.766
최**,78070*********,010-*********,yhwang@**************,27543508.475~27563200.653,경기도 남***********,17620684.48~17627487.837
김**,45051*********,010-*********,misug59***************,79568280.771~79584068.416,경기도 이***********,11627412.756~11634056.208
한**,70011*********,010-*********,yeeunc************,70293268.015~70340087.724,대전광역*********,15559209.609~15567278.213
김**,13111*********,010-*********,junhob*************,8511726.0~8523010.581,광주광역********,888407.08~891423.153
박**,45030*********,010-*********,ogja*********,50012136.693~50041922.302,제주특별자치*************,31878830.076~31890169.888
윤**,50101*********,010-*********,hyeons***********,26838538.599~26852318.122,울산광역********,3670672.068~3673036.134
이**,02110*********,010-*********,yeongi**************,79634478.061~79663563.204,서울특별*********,15505103.583~15513636.217
강**,72072*********,010-*********,yejun50****************,93820663.09~93828201.272,전라북도 ***********,39943250.536~39958955.99
이**,10033*********,010-*********,jeongung****************,75922717.387~75934889.287,광주광역********,21870016.581~21873285.446
박**,05111*********,010-*********,bagmigye*****************,23840009.458~23848895.024,경기도 용**********,11925590.105~11927971.985
류**,10081*********,010-*********,yungyeon*****************,80284807.033~80290440.335,전라북도 ***********,8000054.206~8008921.73
이**,44033*********,010-*********,jeonghu***************,55508995.569~55539666.521,울산광역********,10102378.403~10105050.542
김**,47012*********,010-*********,kgweon*************,32565506.304~32603265.668,강원도 정**********,4857779.199~4867637.133
김**,53092*********,010-*********,useo@r**************,49372773.424~49388974.359,경기도 고***********,7148649.385~7154030.958
서**,67090*********,010-*********,yeongc*************,82741251.995~82859165.773,세종특별자치*************,797264.204~799430.53
한**,91042*********,010-*********,oi@yuh***********,93010232.274~93018882.656,부산광역*********,18295589.716~18307904.678
최**,53052*********,010-*********,seongsu***************,82506089.498~82514851.56,전라북도 ***********,18863773.824~18873400.775
최**,78101*********,010-*********,bagjungs****************,14415125.392~14446817.051,충청남도 ***********,5523196.02~5524110.259
최**,82062*********,010-*********,ojang@*************,38477615.446~38500440.371,경상남도 ***********,9340848.4~9342719.328
정**,10090*********,010-*********,jiyeongs******************,57211549.89~57249819.296,인천광역********,5860710.736~5864281.789
백**,78022*********,010-*********,gojeo***********,89001243.857~89017351.2,울산광역********,44422114.676~44489112.827
김**,78012*********,010-*********,myeongs***************,85213407.093~85232600.642,서울특별*********,18457100.439~18469398.084
김**,72083*********,010-*********,mijeong7****************,28533071.889~28545706.865,경기도 용인*************,309566.509~311155.728
김**,72112*********,010-*********,yeong*********,20567700.695~20571355.685,세종특별자치*************,1413387.977~1413940.936
김**,50062*********,010-*********,hwangmi****************,95873511.781~95876972.275,부산광역********,36460896.645~36504059.48
문**,03063*********,010-*********,dgim@*********,72328376.002~72338087.36,경상북도 ***********,902594.464~904039.305
송**,90120*********,010-*********,tgim@***********,49422348.796~49448525.627,대구광역시*********,11606088.761~11615440.48
박**,53110*********,010-*********,junho*********,65884885.179~65912721.221,충청북도 ***********,4484278.991~4486604.419
최**,76012*********,010-*********,sumingi****************,37031820.932~37085118.919,경상북도 **********,1793501.943~1794635.536
안**,47061*********,010-*********,minse**********,71321796.791~71338072.52,경상남도 ***********,2397842.663~2398563.489
유**,73082*********,010-*********,tcoe*******,77238161.734~77264555.638,전라남도 ***********,16379341.447~16385563.701
오**,59091*********,010-*********,rhong@*************,23723349.07~23732365.924,울산광역*******,514488.83~516854.402
권**,68122*********,010-*********,gimmyeon****************,2994747.421~3022438.938,대전광역*********,1538836.162~1539888.952
이**,66093*********,010-*********,yeeung*************,84740525.554~84744866.867,충청남도 ***********,7948248.731~7956561.261
박**,56071*********,010-*********,abag*******,61070000.709~61096868.37,부산광역시*********,14594627.05~14602524.705
이**,85042*********,010-*********,jaehye**************,26369391.28~26388766.183,전라남도 ***********,10309635.112~10312465.285
박**,85061*********,010-*********,ijihu@*************,75907380.848~75912782.177,제주특별자치**************,2275487.942~2277479.62
손**,45021*********,010-*********,migye***********,60078112.771~60088231.664,경기도 *******,3347013.3~3350875.621
서**,46012*********,010-*********,fi@******,47168603.569~47180660.004,경기도 포***********,1467763.9~1468368.746
한**,62081*********,010-*********,geonu67***************,59481749.467~59492419.656,대구광역시**********,23508869.824~23565181.479
양**,03060*********,010-*********,yeongceo*****************,72068361.726~72073625.866,광주광역********,15864813.787~15867834.571
이**,71091*********,010-*********,xbae@j*************,35524154.764~35552948.414,제주특별자***********,5905461.244~5908458.164
장**,88031*********,010-*********,jeongung******************,49167962.915~49187274.634,전라남도 ***********,4339875.267~4341841.574
최**,53080*********,010-*********,baghyeon****************,62011698.306~62028989.214,경상북도 ***********,1970282.359~1972707.264
안**,67022*********,010-*********,hyeonji****************,88534520.828~88547027.732,부산광역*********,6024700.569~6026855.25
하**,89040*********,010-*********,mgim@**********,40708046.498~40727564.538,경상북도 ***********,11708651.444~11719402.864
김**,73060*********,010-*********,seongs***********,81113911.032~81159225.678,제주특별자치**************,34238732.666~34264419.582
양**,72071*********,010-*********,hayun22***************,82161145.52~82171108.373,충청북도 ***********,24847006.045~24865654.938
김**,71042*********,010-*********,junseo2****************,39042183.748~39053246.936,경상남도 ***********,6251689.231~6257435.424
백**,49082*********,010-*********,heosa**********,7573344.89~7578338.111,울산광역********,2586499.013~2587287.22
이**,46110*********,010-*********,gimhye*************,68685682.89~68698810.702,대전광역********,8336873.618~8348160.904
김**,97071*********,010-*********,seunghyeo******************,91717456.8~91724383.005,전라북도 ***********,25308052.121~25323080.157
김**,87011*********,010-*********,minjae************,87666504.972~87698633.334,대구광역********,2740667.85~2742566.09
김**,91102*********,010-*********,yeongmi**************,29467932.593~29471260.906,경상북도 ***********,17138439.787~17150029.286
강**,81091*********,010-*********,ui@ju***********,18966319.176~18988351.994,서울특별*********,9435122.752~9439628.589
하**,05040*********,010-*********,mi@n********,65652112.006~65680421.46,충청남도 ***********,3261778.98~3262855.635
이**,00121*********,010-*********,sgim@**********,59807687.856~59822258.112,광주광역********,10627926.511~10633033.003
김**,65062*********,010-*********,seungh*************,59065689.504~59075092.21,서울특별*********,23782491.315~23801444.058
김**,82112*********,010-*********,iogja@*************,2480386.754~2508930.807,전라남도 ***********,802201.841~803514.557
장**,93013*********,010-*********,bagjeo***********,44961688.553~44970253.79,충청북도 ***********,11424940.352~11437858.832
서**,99112*********,010-*********,yejis**********,73785887.167~73788785.01,제주특별자***********,10378874.28~10383090.795
한**,94071*********,010-*********,hyeji*********,2790849.53~2797498.171,대전광역********,306627.497~307222.716
김**,84040*********,010-*********,jihyeo**************,3519764.434~3531324.239,인천광역시*********,242081.13~243458.718
최**,13030*********,010-*********,dohye***********,52881503.4~52891261.48,경상남도 ***********,565155.638~566442.804
오**,01121*********,010-*********,jeongho****************,28357342.476~28369219.822,경상남도 ***********,6888903.161~6890003.848
김**,97072*********,010-*********,bjeong***********,59166153.228~59188434.76,전라북도 ***********,25200460.116~25204223.79
김**,65110*********,010-*********,dyun*********,27913936.724~27933066.818,인천광역시 ***********,5232502.999~5235677.632
김**,66052*********,010-*********,seongm***********,55994431.771~56018081.418,울산광역*******,9397759.4~9405316.515
김**,97022*********,010-*********,lgwe*********,58889145.31~58901042.978,부산광역********,10753388.637~10754367.53
홍**,07031*********,010-*********,vhwa*********,62011698.306~62028989.214,인천광역시*********,38316566.888~38421240.728
고**,68052*********,010-*********,hongmins****************,56542397.678~56557010.876,경상남도 ***********,7050877.08~7054326.215
이**,11050*********,010-*********,jeongsunh*******************,47470400.029~47524813.354,부산광역*********,9670146.09~9675376.592
배**,97042*********,010-*********,hanhaeu****************,74514436.48~74563052.655,세종특별자치*************,13398202.925~13406562.199
박**,45122*********,010-*********,gimsun************,58442292.661~58465610.149,울산광역********,12831393.329~12836992.581
김**,87011*********,010-*********,ggim@**********,10141306.157~10155553.829,충청북도 **********,3807584.23~3811287.432
문**,74052*********,010-*********,ugim@***********,63481285.922~63502044.611,광주광역********,5708159.518~5710082.459
김**,01081*********,010-*********,acoe@y*************,13662322.572~13701170.264,경상남도 ***********,8803278.888~8806788.789
안**,93090*********,010-*********,naeunjeo****************,58225313.261~58261262.268,서울특별*********,23476409.772~23491459.422
김**,85011*********,010-*********,munyeo***********,66351866.208~66372186.07,세종특별자치*************,8716050.187~8720487.689
홍**,82112*********,010-*********,juogs***********,71861179.257~71869428.826,전라남도 ***********,770215.632~772337.403
김**,69091*********,010-*********,janggeo***************,95919974.584~95935092.792,제주특별자치**************,50348367.228~50392603.065
나**,71061*********,010-*********,jeongs************,52056522.474~52069603.05,인천광역시*********,8808019.729~8810805.032
한**,94081*********,010-*********,boramc************,9875965.966~9892095.298,서울특별*********,578767.314~579808.786
강**,49072*********,010-*********,myeongsu*****************,89618832.522~89645971.776,경상남도 ***********,2778031.235~2781541.067
이**,48033*********,010-*********,jeong***********,87227887.12~87265780.043,대구광역********,7485906.996~7488914.596
이**,45120*********,010-*********,misuggi***************,69436194.804~69457896.917,서울특별시**********,36064366.029~36140174.077
서**,83021*********,010-*********,ejo@ju************,23880558.542~23902322.832,충청남도 **********,3020045.15~3021385.952
김**,58122*********,010-*********,coej*********,21364452.746~21369078.288,전라북도 ***********,11876954.983~11885149.007
김**,83122*********,010-*********,gimha**********,86831145.806~86840476.489,충청남도 ***********,6160033.334~6164856.405
박**,65102*********,010-*********,cajeo**********,31545067.586~31560029.798,세종특별자치*************,6362703.914~6366295.384
김**,85113*********,010-*********,gimgyeo****************,60413232.579~60418035.121,세종특별자치*************,20011459.296~20019930.725
이**,98081*********,010-*********,gangsuno****************,6877037.582~6896227.67,세종특별자치*************,3331405.347~3333118.343
김**,86100*********,010-*********,gyeongs****************,86545119.219~86554934.981,세종특별자치*************,19238065.954~19254640.074
고**,84011*********,010-*********,seoseon***************,34456899.635~34478432.014,제주특별자치*************,590863.154~591988.56
김**,05111*********,010-*********,cheo@j*************,61292919.198~61308910.911,부산광역*********,28035285.78~28101177.597
김**,87061*********,010-*********,sangho**************,47770104.106~47774693.988,경상남도 ***********,19323495.63~19341830.581
손**,91090*********,010-*********,yeongho****************,88056036.067~88086177.55,대구광역*********,3035053.96~3036562.534
이**,86091*********,010-*********,wi@b********,51949697.526~51957852.196,경상남도 창원***************,25095953.541~25116825.865
양**,54032*********,010-*********,siui@g************,61509576.222~61540112.472,전라남도 ***********,2802317.356~2804703.712
지**,13120*********,010-*********,wca@ju************,13613004.106~13633646.851,경상북도********,2225744.241~2227389.864
이**,60111*********,010-*********,eunju5************,44542862.115~44557804.608,경기도 연**********,8888232.242~8896939.032
김**,91122*********,010-*********,jihugi*************,64808153.197~64857331.889,충청남도 천*************,2255485.158~2256872.882
이**,04100*********,010-*********,yeongsu***************,69769807.88~69790993.143,인천광역*********,22079732.43~22086989.385
오**,51102*********,010-*********,byeongc****************,93933045.408~93957979.742,제주특별자치**************,11031993.969~11037614.894
이**,74112*********,010-*********,bora*********,20267370.648~20289706.282,전라북도 전************,12209738.725~12215833.807
전**,65060*********,010-*********,eson@**********,89069240.65~89092178.898,전라북도 ***********,36266178.945~36315179.445
고**,10061*********,010-*********,sumin**********,70620117.174~70637891.182,강원도 홍*********,14571280.328~14579739.798
김**,07021*********,010-*********,yeong*********,52225362.641~52229825.742,경상북도 ***********,20511788.758~20514267.942
박**,98101*********,010-*********,cgim@*********,39598299.793~39636056.073,세종특별자치*************,5613091.11~5618347.621
송**,90092*********,010-*********,seongjin*****************,92058178.092~92061068.307,전라남도 ***********,9316364.94~9319403.904
박**,50030*********,010-*********,jeongsig*****************,56475977.296~56487907.875,울산광역********,7746819.77~7756283.442
김**,07113*********,010-*********,yeongsu**************,64904910.906~64909988.64,전라북도 ***********,21530267.208~21535997.435
김**,74101*********,010-*********,yeongil**************,70790848.0~70810093.92,서울특별*********,19228981.245~19232702.291
서**,98042*********,010-*********,mgim@y*************,7566439.938~7573344.89,전라남도 ***********,2535243.976~2535902.227
김**,47041*********,010-*********,yeweo**********,77907912.64~77946337.568,대전광역********,11131249.791~11143110.941
송**,80072*********,010-*********,ji@yu***********,54432044.865~54435366.316,강원도 *******,24040464.978~24051619.787
이**,52111*********,010-*********,iseoju************,2191386.388~2209838.706,광주광역********,105407.94~106026.659
김**,57020*********,010-*********,hansumi****************,97643213.744~97673641.6,제주특별자***********,23165306.942~23178782.618
박**,80021*********,010-*********,di@ba***********,92879606.574~92882735.2,경상북도 포*************,667316.014~669084.391
고**,76111*********,010-*********,jangjon***************,71567548.022~71574068.148,전라남도 ***********,35536640.426~35592488.222
김**,54102*********,010-*********,hjang@**************,44311153.966~44325356.83,경상남도 ***********,13539781.18~13547385.12
김**,69092*********,010-*********,misug37**************,99086510.754~99145178.927,인천광역*********,7062165.574~7067762.452
황**,03020*********,010-*********,gangjih***************,22022623.022~22027832.918,울산광역시 ***********,5408135.434~5416152.105
이**,05042*********,010-*********,gimeunse****************,22878693.082~22904763.624,충청북도 청**************,16334877.298~16341719.783
김**,59030*********,010-*********,yeweo**********,97312640.627~97319771.185,부산광역*********,52655974.058~52786984.026
장**,96110*********,010-*********,jaehyeon*****************,92331900.596~92350452.909,전라남도 ***********,1570857.305~1573676.124
양**,03042*********,010-*********,jeongj***********,27543508.475~27563200.653,제주특별자**********,1306127.14~1310078.301
이**,77082*********,010-*********,fjeon**********,85850541.283~85862846.009,제주특별자치*************,19968068.168~19979900.812
민**,66040*********,010-*********,seongmin****************,42994438.96~43015131.487,전라북도 전*************,1643781.832~1644837.2
손**,07020*********,010-*********,sujin45**************,48959310.563~48991515.396,전라북도 **********,5205208.268~5210837.569
이**,59020*********,010-*********,jeong***********,7617290.427~7658450.427,제주특별자치**************,1587144.36~1588873.025
김**,66090*********,010-*********,gweonmye******************,70340087.724~70378720.496,울산광역시 ***********,6886732.17~6888032.324
전**,67092*********,010-*********,hyeonjeon*******************,74588962.42~74616522.273,충청남도 ***********,3313642.526~3315595.445
김**,95092*********,010-*********,myeongja*****************,19158364.042~19198313.71,광주광역********,1802724.358~1804778.427
정**,69091*********,010-*********,gimj*********,97691548.268~97716522.511,대전광역*********,5935703.08~5940774.836
김**,62081*********,010-*********,jeong***********,64987244.325~65029984.682,제주특별자***********,224305.477~224741.456
윤**,13073*********,010-*********,junhye**************,48518658.49~48540517.611,인천광역시*********,15135303.744~15141843.837
안**,54110*********,010-*********,jaehyeon****************,85493373.058~85502505.853,대전광역*******,3930180.216~3931985.924
장**,97091*********,010-*********,jiyeong****************,99000632.307~99017511.661,부산광역*********,44576577.05~44780917.74
박**,46070*********,010-*********,sujin**********,53509096.527~53538410.066,광주광역********,8908227.593~8911288.238
이**,82120*********,010-*********,ihyeonj****************,69641240.284~69659909.508,부산광역시*********,10472876.085~10475081.34
김**,14091*********,010-*********,yeongceo*****************,36010333.041~36020182.683,충청북도 ***********,14738311.51~14747719.229
김**,14042*********,010-*********,seonyeo****************,78466860.584~78487994.481,충청북도 ***********,15434634.711~15443842.18
김**,67052*********,010-*********,gcoe@***********,88128057.644~88135162.834,인천광역********,27575639.942~27596034.37
배**,85012*********,010-*********,doyunha**************,40529674.02~40552200.955,경상북도 ***********,11885149.007~11908997.356
김**,05092*********,010-*********,byeongce*****************,31383785.69~31411413.989,광주광역********,2027297.901~2028811.795
이**,51103*********,010-*********,seonghu****************,35107241.412~35136328.116,울산광역********,4195541.334~4202737.53
이**,01051*********,010-*********,ayun@y************,37125660.431~37136170.313,경상북도 ***********,7697199.599~7700706.92
이**,85082*********,010-*********,yi@g********,74514436.48~74563052.655,충청북도 ***********,9938002.679~9944478.488
이**,02072*********,010-*********,iji*******,73422083.605~73440932.096,전라북도 ***********,12460804.577~12467600.494
김**,63052*********,010-*********,yeongs************,39913217.993~39930902.016,전라북도 ***********,11488646.72~11493051.424
문**,03063*********,010-*********,fi@ga*********,70687420.777~70717323.918,울산광역********,10633033.003~10635636.162
홍**,60061*********,010-*********,jaehyeon*****************,78993082.467~79004444.48,부산광역********,7069981.196~7073474.494
이**,11100*********,010-*********,jangm**********,93844798.013~93883206.229,부산광역시*********,8833416.465~8841140.632
허**,08051*********,010-*********,gi@yu***********,39902738.986~39913217.993,전라북도********,18558406.043~18568573.052
최**,89110*********,010-*********,igyeongh****************,64316284.01~64329634.539,대전광역********,30721820.39~30754962.144
김**,06060*********,010-*********,seohyeo***************,30694306.203~30701797.52,충청북도 ***********,10220571.902~10233589.17
황**,48061*********,010-*********,ryumin**************,29246491.377~29261720.618,대구광역********,3282856.472~3286906.236
박**,76042*********,010-*********,yeongsu2****************,41042208.755~41072230.871,경상북도*******,8288977.605~8290993.368
최**,45062*********,010-*********,rbag*******,80376159.227~80406110.868,충청북도 ***********,22883062.641~22902127.662
김**,87032*********,010-*********,eunji***********,86545119.219~86554934.981,경기도 평*********,10577169.191~10585690.882
윤**,59071*********,010-*********,eunseory****************,33551303.14~33580621.499,서울특별*********,13095423.286~13099479.25
손**,68102*********,010-*********,ni@yuh***********,19936362.302~19946469.826,강원도*******,5637680.523~5641426.624
이**,14091*********,010-*********,jungs**********,51916276.906~51919762.894,광주광역********,3597866.471~3599695.352
김**,61010*********,010-*********,jeongn************,51399679.417~51405608.692,경상북도 포*************,18334847.131~18341728.837
최**,73113*********,010-*********,hbag@***********,75665141.162~75680839.418,전라남도 **********,24215401.578~24223665.557
박**,85030*********,010-*********,idohy*********,4083933.065~4120890.445,광주광역********,995596.153~997844.344
서**,05120*********,010-*********,jeongsug******************,20999039.847~21051406.932,세종특별자치**************,5107963.146~5111305.204
이**,53102*********,010-*********,fgim@h*************,90144571.261~90149612.452,강원도 영***********,51057410.078~51114855.716
김**,74122*********,010-*********,ji@ju***********,17917743.037~17932034.508,인천광역*********,2433913.37~2438806.425
황**,86080*********,010-*********,hyeonj**************,67349735.816~67387722.378,충청남도 ***********,2755890.462~2758180.19
김**,81010*********,010-*********,gba*******,86951773.385~86962782.888,서울특별시**********,8864273.693~8870536.632
김**,82041*********,010-*********,hanmyeon****************,94978323.43~94988421.557,충청남도 ***********,40914319.308~41081926.706
김**,73121*********,010-*********,jugwan*************,90760306.145~90772940.977,전라남도********,8598473.256~8609397.113
김**,06122*********,010-*********,seongho**************,68575678.298~68590386.093,경상남도 ***********,11399868.964~11402483.714
이**,85102*********,010-*********,iseung**************,41396766.525~41408373.159,충청북도 ***********,1668482.685~1674582.041
구**,60012*********,010-*********,jodong***********,31932152.558~31948382.761,경상북도 ***********,13620879.368~13638531.531
안**,52012*********,010-*********,iujin@***********,38114299.602~38119532.043,세종특별자치*************,9741484.056~9742589.136
지**,54042*********,010-*********,sonjuwe***************,69605747.197~69631362.559,충청남도 ***********,2517701.136~2519679.101
박**,83031*********,010-*********,muneunye******************,81572514.996~81596593.921,강원도 정**********,26954431.857~26969844.244
이**,46122*********,010-*********,qgim*******,62905217.42~62913100.594,대전광역********,32199225.403~32250708.875
이**,68031*********,010-*********,nojiyeo****************,55606485.634~55654538.774,대구광역*********,2858790.426~2859379.481
지**,47092*********,010-*********,minjae************,41408373.159~41411637.044,광주광역********,458862.01~459086.079
한**,52021*********,010-*********,wgweon**************,30701797.52~30713226.025,인천광역*********,2587920.334~2589209.526
손**,90120*********,010-*********,zo@jus***********,35250276.382~35274962.026,충청남도 ***********,5262321.592~5267962.779
이**,45060*********,010-*********,iseoyu***********,96081232.165~96097460.972,충청남도 ***********,6541389.38~6547904.964
김**,64082*********,010-*********,ayu@*********,13511968.424~13538988.052,제주특별자***********,4481280.324~4484278.991
김**,85081*********,010-*********,jeongung****************,95309094.407~95318335.381,강원도 *******,23221296.116~23228470.386
김**,04070*********,010-*********,seonyeo****************,38410363.779~38439153.987,광주광역********,3060756.118~3067822.464
이**,00100*********,010-*********,myeongsug******************,21313453.673~21333960.539,강원도 원**********,648461.644~649329.498
최**,66071*********,010-*********,seohyeo***************,71195032.643~71210314.573,대전광역********,23415778.551~23426380.626
장**,89120*********,010-*********,migyeongh*******************,29659055.779~29670828.647,세종특별자치*************,1503781.272~1504654.043
이**,49120*********,010-*********,minseog****************,71319308.067~71321796.791,경기도 안*********,42518907.604~42562510.256
김**,87061*********,010-*********,gimjunhy******************,27913936.724~27933066.818,경기도 *******,6366295.384~6370106.975
서**,57031*********,010-*********,anseony****************,8538122.384~8547492.813,전라남도 ***********,327533.393~329364.868
윤**,71121*********,010-*********,misug**********,74314379.022~74335879.408,울산광역********,11813528.002~11820844.721
박**,98081*********,010-*********,iyeong***********,33721221.742~33729310.1,경기도 ********,15628133.585~15631610.051
이**,89110*********,010-*********,pbag@***********,52717942.622~52752054.776,전라북도 ***********,4360813.4~4365107.585
황**,05063*********,010-*********,eunjeo***********,12984743.15~13000687.658,경상남도 ***********,1062810.202~1066482.211
허**,13010*********,010-*********,haji*********,63885668.785~63911668.107,전라남도 ***********,36564311.33~36644406.599
서**,63013*********,010-*********,yeongmi**************,59267358.835~59296985.208,대전광역********,11927971.985~11934412.6
주**,08091*********,010-*********,seong***********,43064590.802~43070285.996,광주광역********,22966372.591~23000590.999
김**,96112*********,010-*********,hyeons*************,2293671.44~2316527.539,대전광역********,749954.55~750675.743
신**,72012*********,010-*********,gimju**********,92312739.317~92331900.596,강원도 원**********,35636848.571~35692858.586
고**,81071*********,010-*********,minjig***********,55806116.026~55818368.58,전라남도 ***********,16319147.213~16322805.346
김**,84021*********,010-*********,bagyeongc******************,28883747.08~28896350.461,광주광역********,2662964.041~2664505.07
이**,91091*********,010-*********,yejiha***********,89407951.291~89453812.867,경상북도 **********,1644837.2~1646320.553
이**,72120*********,010-*********,ajan********,39636056.073~39654623.184,서울특별시**********,5891885.288~5899213.364
이**,45090*********,010-*********,gimdoy**************,50356938.315~50370436.436,전라북도 ***********,14964134.195~14975900.029
고**,62061*********,010-*********,wi@j*********,98124332.131~98170809.547,충청남도 ***********,23165306.942~23178782.618
김**,84112*********,010-*********,doyunco***************,88051645.634~88056036.067,전라남도 **********,18879609.764~18890204.409
임**,79041*********,010-*********,eheo@*********,57485325.928~57495703.558,전라북도 ***********,14245035.155~14254356.931
윤**,81101*********,010-*********,iujin@*************,69393743.589~69404635.95,광주광역********,25851905.473~25899301.188
김**,64061*********,010-*********,yujins***********,7816265.915~7830944.774,서울특별*********,5608518.597~5613091.11
이**,46041*********,010-*********,sujin*********,94198628.549~94215717.974,인천광역시 ***********,14726243.987~14731191.312
김**,92022*********,010-*********,yeeun78***************,20136241.918~20198029.624,서울특별*********,5184917.466~5190315.202
최**,13081*********,010-*********,ijunye*************,95638385.624~95648735.777,서울특별*********,48893820.377~49238720.715
김**,94032*********,010-*********,ogsu*********,34068531.1~34076933.817,부산광역*********,18602656.072~18605021.293
김**,84123*********,010-*********,gimsugj****************,28822601.23~28843356.935,대전광역********,4012619.023~4014440.53
김**,82091*********,010-*********,hayun**********,10527237.908~10578807.317,충청북도 ***********,3185234.273~3190536.766
장**,93070*********,010-*********,iogsun@**************,82120493.018~82133801.036,경상북도 ***********,24040464.978~24051619.787
오**,59021*********,010-*********,zi@i********,64773003.308~64799821.382,세종특별자치*************,6899097.465~6910318.344
류**,11073*********,010-*********,seoyeo*************,74563052.655~74588962.42,세종특별자치*************,13448738.752~13451098.071
이**,53092*********,010-*********,hhan@y*************,41668495.756~41682499.486,전라북도 ***********,8716050.187~8720487.689
이**,02082*********,010-*********,juns*********,94949634.599~94956880.434,대구광역********,45918513.64~45947269.766
박**,67020*********,010-*********,sugjaba**************,68218865.452~68281217.282,경상남도 ***********,8542429.314~8546335.818
김**,07122*********,010-*********,soneun*************,87227887.12~87265780.043,경상남도 ***********,26735741.034~26772829.15
김**,55092*********,010-*********,mi@b*********,17047266.344~17063493.864,대전광역*********,2796434.928~2798414.635
김**,85101*********,010-*********,yeongh************,52361111.665~52375227.405,경기도 *******,24758849.394~24767068.747
황**,72022*********,010-*********,eo@gi***********,85407794.616~85414166.309,울산광역********,15306263.336~15316365.764
김**,57031*********,010-*********,bi@******,59164676.448~59166153.228,세종특별자치*************,8616357.447~8621435.935
배**,88090*********,010-*********,pmin@j*************,9622875.6~9629301.495,전라북도 ***********,809414.289~810942.806
김**,95030*********,010-*********,jangseu**************,66754754.778~66782660.157,대구광역시*********,7093119.621~7094264.222
김**,65032*********,010-*********,hyeonjun*****************,82625092.492~82642805.77,충청북도 ***********,14683663.666~14695710.13
진**,93062*********,010-*********,hyeonjeon******************,75912782.177~75922717.387,세종특별자치*************,15670185.692~15689723.176
김**,74100*********,010-*********,minjig**************,13701170.264~13707706.928,부산광역*********,3884014.656~3886080.41
김**,11080*********,010-*********,bagjeo************,80209057.409~80258831.026,충청북도 ***********,18678631.705~18682321.021
김**,84112*********,010-*********,junhye***********,9558147.058~9603264.546,울산광역*******,1812904.464~1815277.699
이**,53022*********,010-*********,jeongho****************,43487198.08~43496336.712,경상북도 ***********,22606503.444~22626821.638
김**,90011*********,010-*********,bagsub**************,19590665.978~19598383.022,서울특별*********,2143518.203~2144209.79
장**,57011*********,010-*********,coeseoju****************,25577484.536~25589576.149,전라북도 전************,6730160.999~6734748.557
배**,53101*********,010-*********,gwang***********,44248314.365~44250190.278,대구광역********,25061431.434~25079568.624
고**,58120*********,010-*********,jgi*******,41975720.564~42012767.237,전라남도 ***********,5654084.552~5657317.002
김**,99062*********,010-*********,haeungi**************,62913100.594~62933233.328,경상북도 ***********,15980050.37~16001024.49
류**,96100*********,010-*********,jeongsig******************,51322574.205~51347938.021,광주광역********,1666485.347~1668482.685
한**,13042*********,010-*********,chong*********,22687810.335~22693446.203,인천광역시***********,1407046.015~1408925.238
이**,51051*********,010-*********,ijaehye**************,9452503.51~9462093.941,강원도 평***********,867259.497~867807.497
김**,12120*********,010-*********,bageunj****************,74422905.579~74440572.517,세종특별자치*************,26909408.63~26922316.771
박**,03121*********,010-*********,geonu**********,31978695.562~31987467.178,전라남도 ***********,18898549.694~18907151.978
전**,78091*********,010-*********,hyeonji1*****************,81059975.387~81093930.912,충청북도 ***********,43830893.264~43835263.704
홍**,88061*********,010-*********,yeongs***********,88397954.966~88415567.995,전라북도 ***********,6088418.693~6092750.363
오**,94051*********,010-*********,nna*******,38935427.976~38952853.013,부산광역*********,7532280.499~7543845.085
이**,68040*********,010-*********,juweo***********,80821550.244~80851753.286,울산광역********,15037523.606~15045495.989
김**,09073*********,010-*********,ci@*******,62203607.089~62230056.244,충청북도 ***********,1215107.816~1217452.266
이**,86070*********,010-*********,yunmis*************,8365220.436~8378996.487,광주광역********,295625.554~296257.625
박**,86102*********,010-*********,isunog@**************,56087363.712~56103592.731,울산광역시 ***********,5773901.197~5782874.305
이**,61022*********,010-*********,xbag*********,19694200.992~19711036.385,전라남도 ***********,9661540.403~9664658.455
한**,81061*********,010-*********,wbag@j*************,77111298.549~77154560.736,부산광역*********,14480972.13~14491416.071
박**,61040*********,010-*********,yujin**********,95955523.378~95961289.265,대전광역********,14988425.684~15011514.933
곽**,99120*********,010-*********,jiu29*********,55880671.101~55899081.258,울산광역********,6980828.818~6983339.947
박**,53111*********,010-*********,ngim@g***********,40455303.742~40466671.22,제주특별자치*************,5044797.148~5047355.095
장**,53120*********,010-*********,ibyeon************,82063945.292~82085097.344,전라남도 ***********,39840931.116~39935826.76
최**,93092*********,010-*********,ri@yuh***********,14117401.213~14129587.336,부산광역********,1775150.85~1776571.57
장**,04021*********,010-*********,gimyeongg******************,89910826.084~89912997.064,경기도 성**********,19136538.375~19150404.333
한**,11110*********,010-*********,chwa********,82106046.865~82111522.283,충청북도 ***********,5359451.589~5361120.053
노**,01011*********,010-*********,hi@h*******,52583074.26~52590411.293,대구광역********,14491416.071~14500353.869
양**,59033*********,010-*********,yeongceol******************,31609343.338~31632979.496,충청남도 ***********,11004366.279~11015845.505
송**,79071*********,010-*********,seoseon**************,54917813.054~54941492.723,인천광역*********,15760119.399~15771997.216
이**,49080*********,010-*********,goyeon***********,78953408.227~78983728.312,대구광역********,13203795.661~13207828.992
김**,46042*********,010-*********,gimjaehy******************,33094229.109~33109133.566,세종특별자치*************,6989103.286~6991399.902
조**,90091*********,010-*********,gyeongsu*****************,48518658.49~48540517.611,인천광역시 ***********,13778844.268~13783197.639
이**,86062*********,010-*********,yusuno***********,4136842.013~4141875.17,경상북도 ***********,344656.567~347578.892
배**,87121*********,010-*********,misug*********,67534446.584~67554500.479,대전광역*********,14531059.015~14537911.521
김**,46020*********,010-*********,ogja*********,76455541.176~76468363.016,충청남도 ***********,14732885.833~14738311.51
류**,04120*********,010-*********,jinuson****************,50697660.339~50738230.066,제주특별자***********,17124553.351~17138439.787
김**,90062*********,010-*********,xi@yu***********,96371199.204~96375199.673,대전광역*********,67238888.578~69572831.823
오**,00012*********,010-*********,jangyeo***************,94956880.434~94960130.248,대전광역*********,2180971.168~2182323.917
안**,59092*********,010-*********,seongho5****************,33922497.858~33930266.342,전라북도 ***********,6052737.828~6058598.392
박**,87121*********,010-*********,mo@******,62978257.543~62998060.341,전라북도 ***********,18568573.052~18578261.542
박**,69060*********,010-*********,baghay*************,75329127.72~75368844.026,울산광역*******,3396380.406~3399250.461
주**,52053*********,010-*********,jbag@**********,95824693.11~95835830.57,광주광역********,33085284.739~33088060.384
박**,93040*********,010-*********,oi@gwe*************,42697177.052~42715052.994,제주특별자치*************,11871970.211~11874581.033
권**,59091*********,010-*********,yeong***********,18420817.913~18432386.016,충청북도 청**************,2702033.831~2704116.874
김**,14060*********,010-*********,junyeon****************,27072780.185~27120936.89,경상북도 *********,4448025.37~4450728.937
남**,65123*********,010-*********,seongjin*****************,88905815.47~88910472.841,울산광역********,11328694.405~11337231.872
김**,79051*********,010-*********,seongmin****************,96963150.086~97006355.304,대전광역********,10813292.526~10821549.725
박**,75071*********,010-*********,ibyeong****************,69641240.284~69659909.508,광주광역********,20019930.725~20031591.99
이**,85051*********,010-*********,sanghy*************,35838622.53~35860060.162,울산광역*******,3781648.677~3782802.375
양**,86111*********,010-*********,mgim@**********,21243743.792~21263077.69,경상남도 ***********,10190430.6~10200547.407
박**,60020*********,010-*********,eunjugi****************,67319586.808~67349735.816,광주광역********,30963881.403~30974498.851
박**,05051*********,010-*********,eunjeong****************,2362810.263~2443758.376,대전광역********,279948.7~280694.571
최**,12071*********,010-*********,eunse*********,70445644.798~70453180.893,인천광역*********,1688922.413~1689428.44
손**,76070*********,010-*********,yeeun17****************,32272263.973~32275180.466,경상북도 ***********,14683663.666~14695710.13
이**,84122*********,010-*********,qbag@j************,78140818.114~78171160.518,충청북도 ***********,8153036.29~8164462.25
권**,98081*********,010-*********,mgang@************,92920421.024~92930721.546,전라남도********,42381438.477~42449197.529
장**,08072*********,010-*********,gimjie***********,91074864.368~91092779.734,울산광역********,45140141.037~45282660.19
윤**,72122*********,010-*********,jieun3**************,98946701.692~98987944.06,경상북도 ***********,6573592.767~6574241.19
김**,46102*********,010-*********,vi@is*********,22642487.998~22687810.335,부산광역*********,7182056.216~7185192.718
최**,77053*********,010-*********,gimjimi****************,43204351.702~43232251.39,전라남도********,9627487.678~9633391.131
김**,10020*********,010-*********,nu@yuh***********,72468313.052~72487982.122,울산광역********,22626821.638~22664001.766
우**,06082*********,010-*********,yeongsi****************,51939541.644~51949697.526,대전광역*******,20610234.68~20612217.073
류**,93061*********,010-*********,sumin*********,44235648.201~44248314.365,서울특별*********,18209961.894~18238070.45
윤**,08091*********,010-*********,ojun********,86676255.609~86687004.708,대구광역시 ***********,12989344.779~12992118.969
최**,49040*********,010-*********,ci@yuh***********,98099438.518~98104128.45,전라남도 ***********,48893820.377~49238720.715
강**,44122*********,010-*********,jieun*********,65325870.505~65334828.775,제주특별자치**************,8137970.241~8142802.376
허**,10122*********,010-*********,nson@***********,81426751.184~81446791.053,서울특별시*********,1915767.328~1918005.333
김**,92042*********,010-*********,angwangs****************,88945727.276~88986038.908,충청북도********,42782313.274~42820589.365
송**,78012*********,010-*********,gimdonghy******************,4900897.176~4910397.22,전라남도********,313440.206~313922.331
최**,79082*********,010-*********,jiyeo**********,67481703.856~67493580.149,제주특별자치*************,9571201.628~9577080.259
김**,86101*********,010-*********,seojungi*****************,98748018.944~98757064.747,대전광역*********,14776020.256~14814674.418
양**,50060*********,010-*********,ui@bae***********,49613056.635~49639657.178,광주광역********,8379375.354~8386010.878
이**,85091*********,010-*********,gimseoy***************,46466784.606~46515489.315,강원도 양**********,1421522.933~1422473.665
김**,87012*********,010-*********,imyeon***********,21831603.38~21864133.427,강원도 횡**********,6944516.449~6948001.504
김**,57120*********,010-*********,coehyeonj******************,67877311.002~67900090.373,제주특별자치*************,16523447.471~16547335.838
김**,60062*********,010-*********,byeongce******************,68855703.372~68890666.399,전라남도 ***********,43956968.211~44006459.297
류**,11081*********,010-*********,jinuj***********,79382219.219~79411924.242,대전광역********,4757773.771~4759975.863
김**,61010*********,010-*********,fgim@***********,15760674.58~15773913.578,충청북도 ***********,1536239.599~1538836.162
김**,53082*********,010-*********,xgim*******,35571800.545~35589300.801,경상남도 ***********,7973559.494~7974656.489
이**,80040*********,010-*********,ogim@j*************,18501132.559~18520111.568,충청북도 ***********,8765677.84~8772738.387
김**,60072*********,010-*********,jeonghu***************,2122569.138~2140362.098,대구광역********,742872.44~745712.501
이**,93020*********,010-*********,juweonj****************,28382595.548~28392004.401,경상북도 ***********,11720980.34~11725024.398
이**,64021*********,010-*********,eunju***********,45521974.459~45548362.302,경기도 수**********,2259860.046~2265577.501
김**,84041*********,010-*********,bagyeon**************,66333705.745~66351866.208,울산광역********,28376972.573~28394130.922
엄**,48012*********,010-*********,bagjimi***************,87064230.722~87070212.104,경상북도 ***********,7193869.29~7196004.203
오**,62062*********,010-*********,dohyeonb*****************,98408294.517~98436412.198,서울특별*********,31845560.004~31878830.076
한**,12071*********,010-*********,jiagim**************,17707426.9~17731611.643,충청남도 계***********,202242.4~202896.426
조**,02111*********,010-*********,rnam@y*************,21333960.539~21348962.752,전라남도 ***********,8278810.388~8284131.115
오**,56091*********,010-*********,jaeho17***************,71272163.432~71292655.555,충청북도 청**************,1107850.053~1109872.819
오**,46052*********,010-*********,ogim@j************,61867452.8~61888962.25,대전광역*******,6098283.471~6102633.246
이**,09022*********,010-*********,lgim@*********,60962391.069~60986539.56,울산광역시 ***********,9082146.753~9088970.811
강**,90051*********,010-*********,mgim@y*************,21369078.288~21382951.984,인천광역시 ***********,9273980.7~9276870.906
강**,85070*********,010-*********,lgang@**************,94850090.769~94868903.329,대구광역********,55189970.879~55303086.438
정**,93080*********,010-*********,ujincoe**************,3351553.427~3369653.715,세종특별자치*************,832095.256~833901.832
강**,00031*********,010-*********,gimyeong****************,99159957.872~99162978.293,경상남도 ***********,69572831.823~70847249.392
권**,54052*********,010-*********,seungh*************,28973943.371~29000526.473,부산광역********,6581655.309~6584601.736
유**,81071*********,010-*********,hyeonu4****************,91579143.392~91591326.142,서울특별*********,36936474.245~36939835.447
박**,11030*********,010-*********,areum**********,8880451.675~8891960.816,세종특별자치*************,1313726.811~1315409.796
이**,61112*********,010-*********,yeongm***********,22253310.226~22265412.562,세종특별자치*************,5728169.599~5734745.168
이**,04060*********,010-*********,li@ju***********,46135011.566~46157271.61,전라남도 ***********,1778920.56~1780991.634
박**,00103*********,010-*********,oseongs**************,24483612.702~24503863.214,인천광역시*********,956364.1~957097.726
김**,58081*********,010-*********,aan@*******,30874979.284~30912471.0,부산광역*********,4638284.052~4639652.163
김**,94021*********,010-*********,kjan*********,96017161.885~96028935.626,경상북도 ***********,31414941.318~31441639.746
강**,79020*********,010-*********,bagsan**************,20730253.643~20765102.083,제주특별자치**************,138723.09~138918.762
박**,97072*********,010-*********,zseo@**********,71789598.407~71803399.79,부산광역시 ***********,40914319.308~41081926.706
김**,09122*********,010-*********,seongh**************,76647825.464~76666859.114,강원도 고**********,2101822.254~2104160.384
김**,48100*********,010-*********,seonghy****************,70473412.945~70478816.466,서울특별*********,17420430.217~17423033.608
진**,03110*********,010-*********,bgim@y*************,12676486.957~12719277.058,충청남도 ***********,4623801.62~4626012.945
전**,15012*********,010-*********,gimseo**************,8490163.333~8496780.726,인천광역시 ***********,1210761.522~1211779.906
우**,92082*********,010-*********,qji@m*********,87784146.522~87795645.5,제주특별자**********,19682893.272~19689315.254
한**,94081*********,010-*********,jeongh***********,41305839.025~41321971.574,강원도 *******,14731191.312~14732885.833
김**,10042*********,010-*********,minju**********,61174993.544~61201387.375,부산광역********,25270499.756~25293149.424
홍**,57070*********,010-*********,nbag@b************,28626478.173~28650828.27,서울특별*********,7630126.268~7639050.355
곽**,46122*********,010-*********,myeongj**************,99827575.944~99856099.217,강원도 *******,7579803.722~7584313.702
김**,07011*********,010-*********,rgim@y*************,99958028.128~99961429.255,전라남도 ***********,20884590.622~20901948.818
송**,60082*********,010-*********,gimseo***********,73555795.035~73623893.706,경상북도 ***********,23178782.618~23188720.693
한**,04042*********,010-*********,byeongce*****************,6265958.855~6274097.101,전라남도 ***********,3972057.195~3977683.152
송**,84022*********,010-*********,gyeongs**************,67054972.076~67069691.429,경상남도 ***********,2673525.083~2674060.941
김**,88012*********,010-*********,gweonjunh*********************,44727350.293~44748557.722,충청남도 ***********,8164462.25~8168115.434
강**,75071*********,010-*********,lgim@j*************,84590610.891~84598650.557,부산광역********,49580284.654~49643116.965
이**,80071*********,010-*********,xsim*********,78883525.762~78902809.156,경상남도 ***********,22308498.48~22317677.485
심**,04100*********,010-*********,lcoe@*********,94943159.8~94949634.599,전라북도 ***********,7645203.314~7648182.407
김**,12052*********,010-*********,minsu0************,6018974.859~6025639.135,인천광역*********,629388.378~629538.673
김**,69122*********,010-*********,yujin***********,67244919.355~67276352.324,세종특별자치*************,10988348.255~11004366.279
백**,46120*********,010-*********,hayunsi**************,81202634.902~81237757.369,전라북도 ***********,39344517.826~39366325.75
김**,53091*********,010-*********,seungm*************,86962782.888~86990878.109,대전광역*********,6442188.681~6444232.173
고**,84033*********,010-*********,coegyeon*****************,8577719.732~8582960.817,경기도 광**********,3595203.523~3597293.47
김**,63072*********,010-*********,simyeong*****************,22070456.32~22086363.092,충청북도 ***********,4229684.904~4231762.45
황**,01032*********,010-*********,no@r*********,44034362.737~44080150.091,부산광역********,14343573.899~14355819.316
송**,78020*********,010-*********,yeji*********,30021117.931~30046909.9,광주광역********,13846139.614~13866124.63
김**,86071*********,010-*********,gimsun***********,73968761.394~73987848.853,충청북도 ***********,17616290.563~17618771.64
김**,93020*********,010-*********,gimmi*********,79423637.26~79434924.299,전라남도 ***********,11493051.424~11500697.003
이**,88120*********,010-*********,yuns*********,30874979.284~30912471.0,전라남도 ***********,2806190.95~2807686.971
홍**,01120*********,010-*********,caeweon****************,71443717.874~71450550.544,울산광역********,22777784.476~22797178.424
안**,01010*********,010-*********,hyejing****************,96028935.626~96035626.976,충청북도 ***********,10792743.451~10797562.54
김**,89122*********,010-*********,seogyeon******************,35671960.101~35700133.296,부산광역********,1268035.576~1272701.828
이**,59111*********,010-*********,sujinba****************,71869428.826~71887044.575,강원도 영*********,13772674.638~13778844.268
송**,12072*********,010-*********,hyejingi****************,53208956.328~53218901.307,인천광역*********,31721798.716~31729550.778
박**,88121*********,010-*********,eunjeong******************,35218305.181~35250276.382,경상남도 진***********,7074285.322~7078527.103
이**,48030*********,010-*********,sangce*************,71935522.817~71962791.32,부산광역시**********,1559325.639~1567606.091
홍**,53100*********,010-*********,qgim@**********,61746446.555~61800442.333,대구광역*********,16502327.24~16523447.471
김**,03020*********,010-*********,ogi*******,10683318.866~10726116.666,전라남도 ***********,933731.223~934770.349
이**,66121*********,010-*********,myeong*************,69134920.396~69147103.125,부산광역*********,17737391.56~17753008.512
김**,98072*********,010-*********,areum8***********,54517348.174~54538552.436,인천광역*********,2265577.501~2267017.0
남**,92120*********,010-*********,mijeon**************,95000833.827~95010004.196,서울특별시*********,5623911.282~5626961.414
강**,78090*********,010-*********,mbag@y*************,83554962.827~83571233.868,강원도 정**********,2682072.878~2688100.818
김**,70070*********,010-*********,ncoe@***********,28061441.097~28066141.172,울산광역********,4208852.529~4213653.255
노**,62090*********,010-*********,json********,71226191.814~71242340.55,광주광역********,17307524.864~17317629.83
서**,51031*********,010-*********,dgim*******,67797115.634~67840572.449,강원도 양*********,141225.472~143133.63
최**,78012*********,010-*********,jiugim***********,70810093.92~70830692.185,광주광역*******,15201014.238~15203344.153
곽**,98031*********,010-*********,yungye************,80258831.026~80284807.033,전라북도 ***********,8199834.378~8201166.809
한**,92020*********,010-*********,sanghu*************,19031000.566~19042185.426,충청북도 청**************,2519679.101~2521652.764
김**,54041*********,010-*********,munhye***********,80662803.458~80678123.216,강원도 춘**********,20989803.903~21000063.428
서**,92012*********,010-*********,wgim*******,96044964.571~96056944.94,울산광역********,5065442.273~5069419.276
박**,78081*********,010-*********,gweong**************,54986311.259~55002084.935,충청북도 ***********,43081038.912~43132897.33
김**,70021*********,010-*********,ohong@**************,25805862.922~25830632.741,부산광역********,3886080.41~3890615.217
박**,90042*********,010-*********,lgweon@**************,28078703.608~28086473.579,인천광역시 ***********,2284850.794~2286013.251
이**,03042*********,010-*********,tjan*******,54348368.919~54376108.259,세종특별자치*************,1355662.94~1360097.339
강**,52020*********,010-*********,gjeong@**************,39342285.469~39355022.636,경기도 *******,8447415.435~8456116.427
이**,10102*********,010-*********,mgim@y*************,16299809.852~16310709.895,경상북도 ***********,4474540.755~4480349.919
박**,56100*********,010-*********,ihyeo***********,5158704.054~5163283.284,인천광역*********,113432.04~117182.851
윤**,09042*********,010-*********,seunghyeo********************,18855580.533~18862336.986,충청남도 ***********,7875664.317~7882598.054
최**,03081*********,010-*********,hyeons**************,84617802.587~84629426.569,경기도 *******,16842725.71~16857621.61
이**,53092*********,010-*********,songminj*****************,72998118.773~73012042.348,대전광역********,34489847.362~34585190.736
최**,88032*********,010-*********,minji6************,8538122.384~8547492.813,서울특별*********,3726717.495~3735258.32
장**,91011*********,010-*********,ogim@j************,62546754.94~62570735.526,충청북도 ***********,23674494.653~23729114.318
이**,47011*********,010-*********,coeminse*****************,74125454.017~74135491.911,제주특별자치**************,10339389.398~10351646.376
심**,95050*********,010-*********,subin7*************,76633890.02~76647825.464,부산광역*********,33692286.915~33719998.416
이**,03082*********,010-*********,coeogs***********,71916343.238~71935522.817,강원도 화*********,23879881.2~23918842.718
이**,54051*********,010-*********,jihyeon**************,87795645.5~87805762.776,부산광역********,16496115.12~16502327.24
김**,10071*********,010-*********,namseo*************,87526801.44~87568390.249,울산광역시 ***********,8286587.553~8288977.605
강**,50092*********,010-*********,osim@j*************,38952853.013~38962076.656,광주광역********,7823226.69~7836563.836
류**,69082*********,010-*********,ggu@********,31888820.067~31898691.52,울산광역********,3798486.938~3802076.575
구**,68030*********,010-*********,gimjun************,80706156.49~80742659.815,충청북도 ***********,9073761.859~9077114.249
황**,61110*********,010-*********,migyeon****************,78090957.178~78124222.433,강원도 홍**********,19606690.81~19622370.35
오**,93111*********,010-*********,sunog65***************,91632512.869~91652313.174,경상북도 ***********,12661975.02~12672075.386
하**,73022*********,010-*********,ogja*********,39654623.184~39691566.694,전라북도 ***********,20901948.818~20915820.175
김**,10061*********,010-*********,seongh*************,72723312.2~72736852.0,인천광역*********,2068274.673~2072276.744
이**,70062*********,010-*********,jaeho0************,35815395.152~35838622.53,부산광역*********,5499930.486~5508058.319
정**,07102*********,010-*********,geonui************,4961378.314~4985826.624,강원도 철**********,610010.049~613534.746
김**,91112*********,010-*********,jihugi************,29691209.81~29708030.88,경기도*******,3380525.452~3380908.374
이**,02111*********,010-*********,xcoe*******,65428423.327~65440657.834,강원도 영**********,5843252.818~5855966.711
이**,57051*********,010-*********,ui@so*********,92061068.307~92067911.816,대구광역********,14210094.592~14219566.861
이**,67092*********,010-*********,than@**********,65440657.834~65466632.903,서울특별시***********,2272442.664~2275487.942
김**,63040*********,010-*********,sangh**********,45687772.647~45736367.455,광주광역********,6966145.796~6972291.803
강**,05020*********,010-*********,ason********,44580695.204~44592889.309,강원도 *******,2139192.942~2140480.626
나**,03091*********,010-*********,iareum@**************,32001808.734~32014348.486,대구광역********,6072813.171~6077033.45
김**,54052*********,010-*********,jeong***********,89854890.598~89875077.69,경기도 파**********,11402483.714~11406463.091
박**,13091*********,010-*********,hyeonji2****************,90232628.669~90264333.507,충청남도 ***********,19211526.258~19215782.478
남**,77092*********,010-*********,jieun*********,54721411.926~54741795.263,대전광역*********,4065115.221~4068662.56
이**,83052*********,010-*********,sanghungi******************,42206067.447~42218242.341,충청남도 ***********,14935304.268~14951414.885
이**,84112*********,010-*********,hyeon***********,23623519.426~23660929.216,울산광역********,2457788.213~2459237.108
손**,81051*********,010-*********,minseogs******************,25577484.536~25589576.149,대전광역*******,4959862.732~4962278.16
김**,84051*********,010-*********,yeongh***********,74870548.284~74876595.434,전라남도 ***********,35177185.052~35220657.483
우**,11070*********,010-*********,jihui@**************,83089138.734~83109549.072,부산광역시*********,29514361.653~29537918.27
김**,90070*********,010-*********,yeji*********,26838538.599~26852318.122,경상북도********,13996911.797~14044592.864
이**,12083*********,010-*********,byeong***********,33485338.757~33551303.14,울산광역********,2057516.973~2060067.184
장**,88030*********,010-*********,gimhy***********,51957852.196~51999192.434,강원도 철**********,5013720.657~5018680.396
송**,75110*********,010-*********,xi@******,64956120.72~64987244.325,충청남도 ***********,22036519.832~22063328.932
최**,65122*********,010-*********,seongjin*****************,22815580.424~22828409.686,강원도 고**********,135614.03~136175.776
김**,50090*********,010-*********,di@******,53218901.307~53244442.54,전라북도 ***********,12499058.153~12510619.398
송**,11110*********,010-*********,mijeon**************,53052770.634~53062710.314,경기도 안**********,16444357.866~16458095.109
강**,45031*********,010-*********,mijeong7****************,6523158.263~6530003.803,서울특별*********,589055.676~590863.154
나**,82071*********,010-*********,wbae@j************,62127814.761~62136477.61,강원도 영*********,19606690.81~19622370.35
김**,13011*********,010-*********,minji*********,18152954.984~18168301.841,전라남도 ***********,2134119.905~2134713.145
이**,87111*********,010-*********,baegeun****************,2627004.036~2662220.832,울산광역********,1697230.842~1698506.144
류**,11092*********,010-*********,ai@s*******,11157684.665~11183702.174,강원도 인**********,7029326.758~7031123.684
엄**,04100*********,010-*********,jiyeony****************,76036032.318~76044806.81,세종특별자치*************,5751453.733~5754416.304
박**,54120*********,010-*********,yeweo**********,6828112.92~6842975.888,경상남도 창*************,1730463.92~1732624.522
김**,62012*********,010-*********,jongs***********,54783613.656~54795763.332,부산광역********,2740667.85~2742566.09
한**,70032*********,010-*********,mgim@j*************,70434484.972~70438639.591,광주광역********,7238351.762~7240068.733
최**,58031*********,010-*********,ijihyeo****************,24641888.846~24648023.551,강원도 *******,3045403.022~3046997.156
이**,79121*********,010-*********,jia10@*************,85579354.765~85584633.349,강원도 양**********,13057251.261~13067095.82
김**,82062*********,010-*********,suminba***************,82012873.263~82027960.027,경기도 성**********,58357260.882~58464212.793
서**,14022*********,010-*********,jiyeongg*****************,13874972.303~13911844.962,부산광역********,4343459.035~4348303.656
정**,88101*********,010-*********,isugja***********,78670245.688~78679064.527,충청남도 ***********,9590504.072~9599451.182
나**,94081*********,010-*********,ihyeo*********,6133908.253~6150924.33,경상북도 ***********,1404221.429~1407046.015
이**,82020*********,010-*********,yeonghy**************,18253968.81~18259078.478,경상북도 포*************,2711840.638~2712046.72
나**,93020*********,010-*********,minseo*************,93407798.441~93438399.718,울산광역********,6376868.133~6383857.456
안**,57092*********,010-*********,gimji**********,77222179.574~77238161.734,대구광역********,1478798.448~1481669.13
문**,87092*********,010-*********,eungye*************,54276162.474~54308589.989,전라남도 ***********,20652659.589~20692442.521
최**,78110*********,010-*********,jeongnam*****************,45500869.412~45521974.459,전라북도 전************,30571086.629~30599788.548
김**,78041*********,010-*********,jungsu1**************,25570602.277~25577484.536,경상남도 ***********,7014651.462~7019729.886
이**,86102*********,010-*********,gi@******,21758527.219~21761647.406,충청북도 ***********,1468368.746~1469509.069
장**,48041*********,010-*********,seoyeonn*****************,53218901.307~53244442.54,대구광역********,22190055.476~22192728.694
이**,98040*********,010-*********,coeji***********,19575935.752~19590665.978,충청남도 당***********,6404003.202~6406560.46
이**,83072*********,010-*********,gyeongsug******************,96644145.34~96672182.723,충청북도 ***********,3635207.006~3639086.342
김**,00061*********,010-*********,junyeo***********,18489962.052~18501132.559,경상남도 창원***************,514488.83~516854.402
김**,52123*********,010-*********,ebaeg@**************,98316900.543~98350535.373,경기도 *******,128977.923~130114.771
송**,81051*********,010-*********,gimdoyu****************,85850541.283~85862846.009,전라남도 ***********,3721146.314~3721809.127
심**,68011*********,010-*********,seunghyeo******************,31084915.469~31098138.784,광주광역********,4159527.817~4162804.942
김**,02082*********,010-*********,kyun*******,52891261.48~52899566.83,울산광역********,13040778.846~13042102.731
최**,62082*********,010-*********,gimeunj***************,72041253.088~72049261.06,부산광역*********,28178893.832~28193630.119
차**,10060*********,010-*********,zjan*******,38051692.787~38076845.582,경상남도 밀***********,5657317.002~5659521.802
류**,81080*********,010-*********,migyeong*****************,92233274.537~92247974.546,전라북도 ***********,13783197.639~13788620.365
김**,64073*********,010-*********,ijeongs***************,64102717.609~64121472.14,강원도 강**********,11143110.941~11151539.274
김**,90013*********,010-*********,hayun*********,83428048.089~83453678.194,광주광역********,44290918.667~44314414.958
이**,45012*********,010-*********,seonye************,31747568.459~31757455.491,제주특별자치**************,6606689.248~6614706.452
박**,13041*********,010-*********,bagjun*************,17116853.991~17127451.841,인천광역********,5629652.173~5637680.523
박**,80031*********,010-*********,gimyeju****************,85118675.408~85131802.91,대구광역********,13717557.141~13729476.588
이**,04021*********,010-*********,ri@so*********,29173227.792~29181780.987,경상남도 ***********,333555.034~335419.19
강**,12050*********,010-*********,zseong@**************,17771964.942~17797964.82,제주특별자치*************,8749528.816~8751874.078
장**,80111*********,010-*********,seong***********,92247974.546~92253116.219,충청북도 ***********,4028902.392~4032475.029
김**,63032*********,010-*********,ogja3***********,8365220.436~8378996.487,경상남도********,254596.5~256616.326
최**,00030*********,010-*********,gbag@**********,83600747.14~83610570.396,전라북도 *********,12804822.316~12820079.837
강**,86010*********,010-*********,eunji49***************,94260945.334~94264401.761,인천광역********,2790559.362~2796434.928
심**,01033*********,010-*********,yeongjin******************,62598992.523~62615876.069,강원도 양**********,2878141.739~2880908.582
이**,13110*********,010-*********,sunjai@**************,92374983.886~92392910.824,울산광역********,24492582.857~24501654.4
이**,85100*********,010-*********,iba*******,57843823.077~57863928.33,대구광역********,4845751.006~4848267.332
우**,56100*********,010-*********,gyeongh**************,66142685.427~66156944.722,제주특별자치*************,11437858.832~11441630.047
이**,64090*********,010-*********,nammins***************,9954217.377~9969536.592,제주특별자치*************,2107142.571~2112867.259
김**,06111*********,010-*********,namsuj*************,32979807.293~33008331.752,충청북도********,3099714.8~3104824.017
김**,14100*********,010-*********,eunjuba****************,32789765.146~32807098.401,전라북도*******,9439628.589~9455271.796
성**,05090*********,010-*********,oi@g********,59075092.21~59088878.45,울산광역********,13032965.574~13033533.551
김**,69091*********,010-*********,jeong**********,42025357.413~42054431.878,서울특별*********,4480349.919~4481280.324
김**,52111*********,010-*********,jihyeonb*****************,44376208.935~44385937.35,강원도 *******,721807.833~722337.603
김**,52031*********,010-*********,hyeonj************,37278907.24~37292954.683,경기도 수원***********,7388685.226~7391557.577
박**,86082*********,010-*********,ijia@j*************,47909904.019~47931090.549,경상북도 ***********,7014651.462~7019729.886
박**,78042*********,010-*********,ggim@***********,6068086.139~6086082.84,강원도 강**********,1319218.928~1321586.926
배**,06031*********,010-*********,myeongs***************,6025639.135~6031465.652,충청북도 **********,297205.316~298267.746
이**,05032*********,010-*********,eunju**********,9449380.684~9452503.51,전라남도 ***********,1513520.681~1517388.009
홍**,99082*********,010-*********,gwangsu0****************,50919590.864~50951651.726,부산광역*********,23812397.701~23825872.44
김**,55072*********,010-*********,nyang@b***************,99313619.159~99323116.516,부산광역시**********,44877327.026~45096325.95
김**,14091*********,010-*********,anjun***********,43204351.702~43232251.39,부산광역시 ***********,18209961.894~18238070.45
김**,45050*********,010-*********,jihu********,99680352.136~99709292.587,부산광역*********,27276016.373~27320227.96
진**,09042*********,010-*********,bgim@j************,90616738.812~90629196.08,서울특별시*********,6138423.082~6144260.286
나**,76122*********,010-*********,bseo@j*************,6363623.619~6376430.359,인천광역시*********,837585.22~838773.569
최**,03060*********,010-*********,hyeonuhw******************,48044107.626~48058037.285,울산광역********,10330081.573~10339389.398
허**,49061*********,010-*********,isiu@**********,79929661.614~79948986.63,전라남도 ***********,11441630.047~11453886.045
안**,95040*********,010-*********,cbag*********,5866162.272~5902059.9,대구광역********,967642.964~969240.814
한**,53081*********,010-*********,fbag@y*************,74829218.843~74858718.148,전라북도 ***********,47298492.95~47420690.693
이**,79122*********,010-*********,eunjuc*************,13726412.702~13742353.897,제주특별자***********,3576625.606~3579394.25
강**,02080*********,010-*********,seungmi****************,39758001.343~39773112.786,경기도 *******,11037614.894~11041515.636
민**,69030*********,010-*********,jihye**********,43078752.051~43084901.746,경상남도 ***********,17578132.798~17593417.568
백**,01081*********,010-*********,seunghyeo*******************,42191286.364~42206067.447,울산광역*******,6846601.512~6848930.273
손**,75112*********,010-*********,si@******,46422906.546~46450601.27,전라남도 ***********,6530691.107~6533087.755
이**,79032*********,010-*********,ucoe@**********,91138316.256~91149159.454,경상북도 ***********,21851476.181~21860754.982
윤**,47010*********,010-*********,seoye***********,86744200.052~86748218.417,경상북도********,18281366.2~18290770.995
김**,52111*********,010-*********,sangce***********,42218242.341~42251366.545,부산광역시*********,13684690.209~13700484.269
박**,71111*********,010-*********,jgim@*********,83719584.139~83729654.924,대구광역시***********,2570885.876~2575786.138
김**,85061*********,010-*********,hyeonji****************,56331514.205~56344741.951,전라남도 **********,3838209.004~3843082.653
문**,74090*********,010-*********,yunjun***********,66830779.628~66844998.22,인천광역*********,6883115.741~6885343.682
김**,81041*********,010-*********,hayunb************,16716826.455~16779689.752,경상북도 ***********,1733990.428~1736269.456
백**,90062*********,010-*********,yeongh***********,94774169.796~94787086.025,울산광역********,14258444.528~14260935.236
박**,07070*********,010-*********,fseo@g*************,83541578.472~83554962.827,서울특별시*********,19157898.387~19176496.123
송**,61042*********,010-*********,jaehyeon*****************,96257693.635~96319457.778,인천광역*********,26969844.244~26976532.784
박**,51060*********,010-*********,xo@******,15146735.614~15156135.21,경상남도 ***********,7175885.121~7182056.216
이**,44050*********,010-*********,qgim@h************,75282214.762~75329127.72,충청북도 단***********,2615348.189~2617732.592
임**,01040*********,010-*********,aseo@h***********,72096568.898~72103935.615,충청남도 천*************,45477749.993~45506468.99
김**,08111*********,010-*********,osong@**************,44592889.309~44597666.505,광주광역********,12545695.429~12555728.664
박**,49112*********,010-*********,lbag*******,38655234.918~38673852.317,광주광역********,1061725.59~1062810.202
노**,64010*********,010-*********,seungmi***************,73863315.132~73880524.227,인천광역********,41300793.492~41373193.291
이**,60012*********,010-*********,ijongsu***************,19857627.621~19867789.315,전라북도 전*************,5744193.48~5750249.061
김**,74103*********,010-*********,bagsang**************,58301690.998~58322132.634,경상북도 ***********,20943960.055~20979784.922
안**,56032*********,010-*********,hyeonjun******************,73714604.65~73728590.056,전라남도 담************,19103503.604~19109619.419
김**,56091*********,010-*********,agim*******,87417135.312~87439516.106,서울특별*********,13099479.25~13106847.6
황**,52011*********,010-*********,oyun@***********,94903921.902~94912903.259,인천광역********,5721523.079~5728169.599
권**,62083*********,010-*********,jeonghyeo******************,56103592.731~56111359.327,제주특별자치*************,23000590.999~23040793.971
장**,14122*********,010-*********,lbag@j************,63363082.496~63368646.561,강원도 삼**********,3761287.103~3765822.088
김**,77071*********,010-*********,donghy************,6530003.803~6538015.773,경상북도 ***********,3539975.811~3543835.311
윤**,11012*********,010-*********,minseo*************,89854890.598~89875077.69,전라남도 ***********,7856653.346~7860931.174
김**,55022*********,010-*********,junseoy****************,18589438.0~18606413.352,충청남도 ***********,4316543.813~4317635.865
양**,66091*********,010-*********,ngim@g************,82354420.869~82374460.901,전라북도 ***********,16729046.997~16743563.623
장**,08041*********,010-*********,seunghyeo******************,7222826.665~7240691.349,대전광역********,2272442.664~2275487.942
하**,53071*********,010-*********,seungh*************,33627241.944~33656763.039,서울특별시*********,373684.481~374562.833
조**,67072*********,010-*********,vgang@*************,49743512.685~49796899.763,경상남도 ***********,17250268.557~17254320.47
김**,64092*********,010-*********,gimyeo***********,71709269.953~71742643.213,대구광역시*********,23472142.114~23476409.772
김**,49101*********,010-*********,sangce***********,16661173.755~16675452.869,서울특별*********,5375039.616~5380332.434
류**,91082*********,010-*********,ogim@*********,48044107.626~48058037.285,충청남도 ***********,15670185.692~15689723.176
권**,08052*********,010-*********,zbag@***********,85670929.29~85699862.074,전라북도 ***********,3588036.522~3592297.708
박**,94062*********,010-*********,jinho*********,31987467.178~32001808.734,세종특별자치*************,378331.181~381146.171
이**,07022*********,010-*********,usim@***********,15299271.275~15309615.935,전라북도 ***********,788828.099~790575.277
김**,67112*********,010-*********,jimin*********,3297431.337~3312255.336,부산광역시*********,1342674.63~1343921.134
이**,60041*********,010-*********,jiminyu***************,97561770.846~97624130.177,강원도 삼**********,7742967.647~7746819.77
이**,94101*********,010-*********,dohyeo*************,22764572.042~22795056.062,경상북도 ***********,2970373.603~2971514.121
성**,61072*********,010-*********,jihuni@**************,89294374.724~89309018.439,대구광역********,1383513.4~1384343.803
문**,98072*********,010-*********,yeeunhwa*****************,21523198.049~21548980.581,전라북도 ***********,6738947.835~6743773.797
강**,98102*********,010-*********,xhwa********,63159924.994~63173160.5,경기도 *********,4821025.801~4823610.778
김**,86012*********,010-*********,gimjeong******************,28066141.172~28078703.608,충청북도 ***********,6289976.1~6297841.666
장**,48050*********,010-*********,bagmins***************,79960503.407~79995788.55,인천광역시*********,13051199.779~13052105.784
송**,48080*********,010-*********,sgim@b***********,20096929.8~20136241.918,서울특별시**********,6910318.344~6914713.365
손**,89032*********,010-*********,hyeji**********,90606951.966~90616738.812,울산광역********,11691075.856~11694941.316
하**,83052*********,010-*********,minseoso****************,77733718.299~77759709.628,울산광역********,4751774.535~4754502.58
강**,10121*********,010-*********,bageuns****************,67797115.634~67840572.449,부산광역*********,16901182.784~16914131.564
박**,47110*********,010-*********,byeong**************,96056944.94~96069709.552,전라남도 ***********,13142616.766~13153396.37
최**,67081*********,010-*********,jinho7************,2880033.323~2916584.776,울산광역********,442974.992~443982.924
민**,64080*********,010-*********,zgim@j************,52347568.623~52361111.665,서울특별*********,19991781.098~20011459.296
김**,67112*********,010-*********,gimsuno**************,69209224.66~69237694.47,충청북도 ***********,9319403.904~9327251.821
송**,46072*********,010-*********,iyeon***********,51895271.109~51916276.906,부산광역*********,2164919.052~2165446.791
황**,55052*********,010-*********,jihu29@**************,18003115.476~18097567.364,충청북도 ***********,10105050.542~10109852.061
오**,14112*********,010-*********,eomsa***********,94960130.248~94962852.049,서울특별*********,11088460.798~11097266.441
홍**,85120*********,010-*********,seongsug****************,15146735.614~15156135.21,충청북도 청**************,575639.091~578767.314
최**,60062*********,010-*********,minseo**************,23558389.588~23577421.595,인천광역********,8083124.342~8088431.464
장**,60051*********,010-*********,iyeong***********,57800231.534~57808264.606,부산광역시*********,3782802.375~3788912.524
박**,86051*********,010-*********,eyun@y*************,43557182.974~43564695.472,강원도 영***********,10594626.504~10597871.367
이**,02121*********,010-*********,migyeo**************,69870571.08~69919021.982,강원도 *******,19622370.35~19629023.026
이**,74080*********,010-*********,gimjeo*************,36347432.735~36388934.274,강원도 양**********,1376357.531~1376974.089
양**,66122*********,010-*********,egim@**********,16323535.386~16336176.978,경상북도 포*************,1728997.576~1730463.92
이**,76101*********,010-*********,junho01**************,93637058.407~93666558.062,세종특별자치*************,21382038.255~21389694.094
김**,98122*********,010-*********,seunghy****************,66083744.259~66096908.162,서울특별*********,35636848.571~35692858.586
이**,94100*********,010-*********,myeongs****************,88044811.732~88051645.634,세종특별자치*************,3769338.223~3772588.248
권**,04121*********,010-*********,yejunjo***************,96838560.175~96890827.216,인천광역*********,19420815.006~19431198.182
박**,69071*********,010-*********,doyun9**************,8609615.021~8618990.26,경기도 용**********,2694355.509~2700539.75
이**,58011*********,010-*********,gimgyeon******************,8582960.817~8609615.021,서울특별시**********,1805614.122~1809516.683
윤**,51042*********,010-*********,byang@*************,86714820.467~86734841.8,인천광역*********,28333035.271~28360686.787
이**,90101*********,010-*********,bagseo************,18420817.913~18432386.016,전라북도 ***********,1459244.678~1461193.699
박**,67082*********,010-*********,yeji39***********,33265821.888~33295958.62,부산광역*********,20335305.326~20337876.743
이**,90121*********,010-*********,djeo********,30546612.876~30569777.458,대구광역********,1380927.184~1383513.4
최**,87101*********,010-*********,sanghoba*****************,5369208.466~5391586.979,경상남도 ***********,1315409.796~1316029.688
홍**,83022*********,010-*********,seongh*************,80309146.876~80319517.918,강원도 양*********,20578449.803~20597287.328
박**,61081*********,010-*********,minji39**************,23660929.216~23696419.484,대구광역시***********,9879509.683~9884075.642
김**,86021*********,010-*********,eunjih***********,20859388.986~20863841.013,경기도 고***********,12290697.511~12299329.545
박**,08112*********,010-*********,yeongsi****************,87222838.017~87227887.12,광주광역********,18692676.244~18719442.354
김**,08092*********,010-*********,hgim@b***********,13992461.001~14027223.321,경기도 ********,2201122.086~2202472.718
안**,77081*********,010-*********,jeongsu**************,89645971.776~89661443.454,경상북도********,28425037.65~28466220.532
이**,89083*********,010-*********,seohye************,28127005.969~28139744.496,전라북도 ***********,3913042.852~3915095.134
조**,14042*********,010-*********,whe*******,5856965.677~5866162.272,부산광역시*********,498163.164~499703.601
이**,06050*********,010-*********,hyeonjun******************,38922090.382~38935427.976,부산광역시**********,5819500.672~5821252.337
김**,58121*********,010-*********,pbaeg@************,97887021.442~97893994.465,충청북도 청**************,53976860.57~54219338.254
김**,63120*********,010-*********,gimyeon***************,62905217.42~62913100.594,부산광역*********,47696103.711~47823042.82
김**,69051*********,010-*********,yeongsugh******************,94819944.083~94850090.769,인천광역시 ***********,17188364.547~17207943.782
박**,58070*********,010-*********,oo@g*******,10594710.062~10600848.488,대구광역*********,755869.978~756978.04
박**,76050*********,010-*********,pmin@j*************,52259265.835~52276104.195,전라북도 ***********,2292031.274~2296141.34
오**,47121*********,010-*********,yunseo**************,37477168.553~37520380.386,서울특별*********,7436650.78~7441156.692
김**,14051*********,010-*********,hyeonu************,51405608.692~51417454.205,서울특별*********,9058941.371~9064392.748
김**,88021*********,010-*********,yejun*********,81304451.837~81321305.856,광주광역********,1912658.697~1915767.328
남**,72040*********,010-*********,yunji**********,80532927.739~80553419.377,경기도 김**********,8560861.454~8565959.456
김**,69070*********,010-*********,sujing**************,85829895.98~85850541.283,제주특별자치**************,26800472.436~26804104.363
김**,90111*********,010-*********,ono@*********,27933066.818~27979481.291,강원도 평**********,10811919.445~10813292.526
손**,95121*********,010-*********,oo@yuh***********,64668546.474~64730889.256,전라남도 ***********,2580079.207~2581541.353
손**,46100*********,010-*********,bagogja***************,50415378.728~50417267.488,제주특별자치**************,18097283.646~18106130.766
고**,53020*********,010-*********,gimye*********,86687004.708~86714820.467,대전광역*********,5427192.857~5430608.308
김**,96080*********,010-*********,yeongji***************,84940684.522~84953615.747,울산광역시 ***********,2115086.135~2117761.803
황**,14092*********,010-*********,jgim@***********,97252007.1~97273915.19,광주광역********,15334275.342~15340443.473
안**,53070*********,010-*********,ijang@**************,34742666.398~34754359.35,세종특별자치**************,4110586.107~4111790.096
박**,97041*********,010-*********,hyeonsug*****************,88859652.088~88871783.176,광주광역********,65401296.739~65867299.434
김**,03063*********,010-*********,gimjeong******************,22966861.125~22979082.74,세종특별자치*************,11547303.831~11565374.006
김**,54052*********,010-*********,jimingi****************,13813471.014~13836583.401,인천광역*********,2142254.036~2143518.203
김**,89031*********,010-*********,yeji9***********,12883139.744~12904738.537,부산광역시**********,2347723.272~2350223.341
오**,59072*********,010-*********,gimmin**************,94535016.505~94553745.14,인천광역*********,7101713.379~7103961.057
고**,00022*********,010-*********,jjan********,73803584.431~73816215.842,서울특별********,40069949.71~40128016.562
이**,81121*********,010-*********,minse***********,4787744.145~4809680.149,충청북도 ***********,1700117.211~1703252.854
이**,01070*********,010-*********,jangeung****************,64590096.444~64598207.91,서울특별시*********,20394935.06~20405133.699
배**,84011*********,010-*********,minseog8****************,17132534.113~17152550.859,세종특별자치*************,11200949.876~11204826.254
김**,98092*********,010-*********,seongji***************,4141875.17~4146616.623,전라북도 ***********,2337804.403~2338981.547
오**,51090*********,010-*********,eomyewe***************,11369175.376~11379035.189,대구광역시*********,2149009.526~2150153.803
최**,50030*********,010-*********,iminji@**************,10578807.317~10591921.118,인천광역시 ***********,6418719.369~6419699.332
이**,99070*********,010-*********,jieunseo*****************,40656596.978~40660611.955,대전광역*******,3938382.88~3941779.466
나**,62042*********,010-*********,sryu@j************,31921785.276~31932152.558,울산광역시 ***********,4173496.611~4175646.505
이**,88080*********,010-*********,oryu@***********,20063814.138~20081645.403,대구광역시**********,3412627.824~3414200.388
이**,61082*********,010-*********,tyan********,96127658.762~96158072.495,인천광역*********,2798414.635~2799987.934
김**,59121*********,010-*********,ri@gi*********,73192987.2~73236095.576,대구광역*********,3147547.373~3151361.16
임**,74120*********,010-*********,gyeongsug******************,72415694.374~72421084.508,제주특별자치**************,307955.559~309566.509
문**,02102*********,010-*********,minji30***************,65997236.632~66013300.188,서울특별********,33088060.384~33097582.779
황**,04052*********,010-*********,minse**********,36251716.564~36290299.709,경상북도 ***********,19408419.855~19417548.0
김**,47052*********,010-*********,vgang@**************,39558471.325~39588379.725,경기도 가*********,4982502.311~4988693.408
서**,71060*********,010-*********,mgim@y************,57060795.926~57089664.662,경기도 양**********,3515664.638~3516382.5
이**,62061*********,010-*********,ci@******,73119124.106~73140764.744,강원도 인**********,8746372.15~8749528.816
박**,49062*********,010-*********,gimmi***********,84546153.667~84590610.891,대구광역*********,13620879.368~13638531.531
박**,71050*********,010-*********,ogja19@**************,6220816.289~6226058.163,강원도 *******,2668875.69~2670151.405
김**,60010*********,010-*********,gimjeong******************,48197240.471~48205436.034,전라북도 ***********,1277281.927~1280259.81
김**,05111*********,010-*********,yeongs***********,55558623.867~55574187.379,경상남도 ***********,7643177.149~7645203.314
박**,71040*********,010-*********,geonuba****************,11109622.594~11125015.837,제주특별자***********,4305696.798~4311056.023
이**,92112*********,010-*********,gimsub***********,69428620.101~69436194.804,경상북도 ***********,39256505.05~39306012.888
김**,47082*********,010-*********,kha@yu************,72328376.002~72338087.36,경상남도 ***********,16677946.95~16689207.547
배**,88022*********,010-*********,jiu4*******,75559168.0~75563173.746,충청남도 ***********,15431900.46~15434634.711
서**,82030*********,010-*********,dgim@y*************,73997133.38~74005540.388,제주특별자치**************,32386641.242~32436456.005
김**,82033*********,010-*********,hyeonjig****************,87282958.06~87289055.335,전라북도 ***********,5301753.752~5306139.042
이**,73031*********,010-*********,sunogba****************,71012086.996~71030479.978,세종특별자치*************,4467447.959~4469891.187
오**,09030*********,010-*********,jryu@j*************,88305456.808~88343390.36,서울특별*********,2229293.656~2232061.205
최**,55052*********,010-*********,gimjiye****************,89334026.611~89364918.51,서울특별*********,35894606.294~35921403.882
강**,71061*********,010-*********,heojihye*****************,36537169.634~36551335.039,충청북도 ***********,3834531.441~3836041.074
김**,68030*********,010-*********,seonghy***************,46650520.226~46659933.103,세종특별자치*************,19742987.474~19755494.192
최**,95070*********,010-*********,dson@***********,55701138.86~55728243.437,부산광역시*********,6502056.239~6503133.571
박**,12080*********,010-*********,junhoba**************,69393743.589~69404635.95,대전광역*********,5466361.696~5468410.559
김**,83082*********,010-*********,gyan*********,27616070.0~27625154.765,울산광역********,10684087.178~10693589.71
이**,63100*********,010-*********,eunseo**************,85158403.454~85201158.922,경상북도 포*************,2166819.979~2169113.222
김**,50072*********,010-*********,uheo@y*************,97471287.027~97499608.825,경상남도 ***********,51691918.409~51819406.098
심**,86090*********,010-*********,coesugj**************,38187053.015~38233494.378,세종특별자치*************,9656140.407~9661540.403
박**,00041*********,010-*********,sanghu***********,13496015.515~13504056.91,전라북도 ***********,505001.383~505702.385
황**,93062*********,010-*********,coecunj****************,58559314.205~58568624.805,부산광역********,2390307.189~2393084.423
김**,75032*********,010-*********,ai@co*********,59406079.649~59416329.708,광주광역********,5667351.112~5671556.689
김**,04110*********,010-*********,boramb*************,3747155.624~3751515.951,부산광역********,934770.349~937434.826
이**,47111*********,010-*********,wcoe@*********,5330393.388~5337205.936,경기도 성**********,3603860.682~3607168.064
송**,72012*********,010-*********,gangye************,49985153.451~49994854.722,서울특별시**********,24811007.962~24840595.294
박**,84090*********,010-*********,sinsub************,66726145.143~66736793.894,경상북도 ***********,47823042.82~47940981.411
강**,60031*********,010-*********,yeonggi***************,65845554.65~65849780.925,전라북도 ***********,18341728.837~18351248.366
남**,64053*********,010-*********,miyeong9****************,59188434.76~59211844.391,울산광역********,4880926.986~4884518.729
최**,76072*********,010-*********,heohyeo***************,83231272.553~83261539.469,광주광역시*********,31030526.793~31057951.535
전**,76092*********,010-*********,ugang@**************,72908565.755~72948941.427,경상북도 포*************,9280927.395~9285148.618
안**,67040*********,010-*********,hanmiyeo*****************,8439525.954~8460515.666,경상북도 ***********,3021385.952~3022309.934
김**,55121*********,010-*********,jihu*********,86990878.109~87019630.215,충청북도 ***********,3211648.743~3213710.667
지**,00020*********,010-*********,abag@j*************,18556772.627~18569992.663,서울특별*********,7134745.793~7138563.75
조**,79061*********,010-*********,fi@ju***********,42501695.779~42513470.441,전라남도 ***********,10641797.298~10644217.76
김**,85062*********,010-*********,miyeong****************,19042185.426~19044460.861,경상북도 ***********,1559325.639~1567606.091
이**,71062*********,010-*********,gimjih*************,86126124.631~86134092.722,대전광역*********,11041515.636~11048483.72
이**,97060*********,010-*********,xgim@j************,88415567.995~88438395.521,광주광역********,21498315.69~21526417.519
안**,71082*********,010-*********,bagyeon***************,27625154.765~27628998.054,인천광역시 ***********,13406562.199~13414132.026
백**,05041*********,010-*********,imigyeon****************,60193619.871~60226778.86,인천광역*********,11174085.742~11179512.529
김**,76071*********,010-*********,gimjaehy******************,78753357.122~78757391.713,광주광역********,17480011.412~17496038.536
김**,95022*********,010-*********,yeongm***********,43333497.696~43367915.967,대전광역시*********,2095159.744~2098356.419
남**,70041*********,010-*********,munmiye***************,61720156.667~61736070.418,광주광역********,9581453.985~9583578.609
김**,49041*********,010-*********,gimjeo***********,35869852.396~35892666.009,부산광역*********,5608518.597~5613091.11
한**,91022*********,010-*********,ii@******,28308828.459~28318280.794,인천광역*********,11479064.94~11484980.172
전**,49102*********,010-*********,icaew*********,26313639.648~26346559.133,인천광역********,3181002.945~3185234.273
김**,10082*********,010-*********,yeongjin*****************,93759960.169~93791758.954,강원도 고**********,6665910.978~6670276.234
김**,93122*********,010-*********,scoe@**********,37520380.386~37534308.365,경상북도 ***********,9604261.452~9607097.864
윤**,07092*********,010-*********,kgim@g***********,82575196.668~82609087.044,충청남도 ***********,29514361.653~29537918.27
이**,84072*********,010-*********,donghyeo*****************,51054991.215~51062066.984,서울특별*********,26144027.432~26172160.378
김**,49121*********,010-*********,jiyeon2**************,29195788.833~29224124.887,경상북도 ***********,1833054.717~1835316.387
최**,00060*********,010-*********,lgan********,61070000.709~61096868.37,인천광역시***********,19502719.737~19508412.478
김**,14062*********,010-*********,gimyeon****************,5729217.648~5733253.646,경상남도 창************,1126525.563~1129335.403
서**,51083*********,010-*********,gimgyeong******************,65480574.128~65499796.563,세종특별자치*************,4486604.419~4487529.424
이**,89122*********,010-*********,icoe@g*************,5915777.4~5931698.607,강원도 *********,3452604.757~3453280.257
윤**,54012*********,010-*********,minjun2**************,38611396.311~38614888.312,충청북도 청**************,6244997.864~6251689.231
최**,06042*********,010-*********,jeongu***********,87196033.41~87222838.017,대전광역********,11969541.393~11972385.86
이**,71012*********,010-*********,gimsan***********,50872102.138~50896198.917,전라남도********,11703117.203~11708651.444
이**,52031*********,010-*********,junyeon****************,94264401.761~94269440.75,대구광역********,38763541.857~38838868.942
김**,02061*********,010-*********,bagjeo************,7222826.665~7240691.349,인천광역*********,917995.929~919459.413
박**,73010*********,010-*********,yeonghw**************,64248198.509~64279085.447,세종특별자치*************,39751793.684~39840931.116
한**,02050*********,010-*********,yejun*********,43496336.712~43527082.836,경상남도 ***********,201460.13~202242.4
엄**,57052*********,010-*********,jinhoo**************,97156255.35~97164862.475,충청북도 ***********,1396312.238~1397411.921
서**,78052*********,010-*********,junhyeog*****************,45255783.042~45271943.372,부산광역********,3177646.978~3181002.945
배**,63121*********,010-*********,wbag@j*************,95499365.723~95521025.257,강원도 양***********,24967701.653~24987589.48
김**,53112*********,010-*********,seoyeon**************,96458536.339~96464861.216,경상남도 **********,10124425.951~10127219.659
김**,74052*********,010-*********,dgim@***********,56505446.221~56514783.908,대구광역********,1398682.79~1400444.866
문**,79080*********,010-*********,johyeon**************,76274843.537~76301615.258,제주특별자치*************,3758443.902~3761287.103
김**,02083*********,010-*********,sunjab**************,52239722.169~52251605.181,충청북도 ***********,9493370.044~9495864.704
권**,49012*********,010-*********,minji68**************,31156432.105~31163499.947,부산광역********,2817184.468~2819758.444
김**,72082*********,010-*********,gimyeon**************,55539666.521~55558623.867,부산광역********,29074592.544~29139115.213
이**,79092*********,010-*********,yeongsug*****************,8378996.487~8391197.014,서울특별시 ***********,1920880.357~1923081.497
황**,83052*********,010-*********,junyeo**************,84497699.061~84546153.667,강원도 홍**********,26713833.184~26730746.806
강**,45091*********,010-*********,bgi*******,17063493.864~17096699.772,인천광역*********,3931985.924~3934104.356
김**,83022*********,010-*********,suno*********,43417152.734~43435614.95,광주광역********,8226414.538~8239689.446
권**,83053*********,010-*********,ijeongs****************,41530575.718~41546783.052,광주광역********,4713292.076~4718814.67
이**,82011*********,010-*********,igyeongh****************,15438257.396~15451579.788,경기도 *******,503490.341~505001.383
윤**,88073*********,010-*********,migyeo************,2173928.382~2191386.388,대구광역********,776964.925~777787.462
박**,76042*********,010-*********,dohye**********,74778837.905~74813355.331,강원도 양**********,22797178.424~22829492.656
이**,68063*********,010-*********,bagjeong******************,97146700.103~97156255.35,부산광역*********,57433209.592~57467419.585
김**,85031*********,010-*********,junhyeog****************,23117378.208~23125176.882,서울특별*********,15295622.691~15296841.892
임**,82052*********,010-*********,hyejin0****************,62487980.595~62512861.212,인천광역********,24538193.729~24563715.816
김**,45061*********,010-*********,bageun**************,88051645.634~88056036.067,서울특별*********,10777263.657~10786974.011
김**,63041*********,010-*********,ibag*******,5301483.944~5330393.388,세종특별자치*************,1351984.127~1353189.098
김**,61012*********,010-*********,gimyeo*************,70438639.591~70445644.798,경상남도 ***********,40285698.697~40370120.78
이**,66020*********,010-*********,ji@yuh***********,42549096.119~42566238.84,대전광역*********,130114.771~131671.184
류**,87110*********,010-*********,yeongsunh******************,76596630.838~76625984.48,대구광역시*********,6416455.398~6418719.369
김**,48051*********,010-*********,dgo*******,84335437.467~84344765.179,충청남도********,11634056.208~11652240.29
김**,86020*********,010-*********,hwang***********,99680352.136~99709292.587,경상북도 ***********,20922564.33~20928142.666
황**,98030*********,010-*********,yeong***********,34754359.35~34779218.739,광주광역********,19017183.626~19022757.91
김**,93030*********,010-*********,seongm************,34189619.891~34257994.58,광주광역********,12932987.125~12938784.827
손**,77080*********,010-*********,hyeonsug******************,73623893.706~73635494.25,세종특별자치*************,36315179.445~36355675.808
김**,97012*********,010-*********,sbag@c*************,96174168.106~96193795.442,강원도 정**********,25954602.76~25967546.149
김**,12102*********,010-*********,idoyun**************,57577638.656~57592521.646,제주특별자***********,18012083.096~18020020.642
이**,67061*********,010-*********,yuneunje******************,58643698.582~58670037.076,경상남도 창************,30974498.851~31030526.793
박**,70051*********,010-*********,ho@yuh***********,40234873.696~40252579.68,경상북도 ***********,7175885.121~7182056.216
이**,71071*********,010-*********,jeongho5****************,69283910.124~69304442.709,울산광역********,1867084.971~1867594.995
안**,44062*********,010-*********,bags*********,24375834.17~24410931.91,전라남도 ***********,940489.302~940806.439
박**,69090*********,010-*********,xgim*******,96044964.571~96056944.94,경기도 고***********,8876978.95~8881047.762
김**,60022*********,010-*********,yuseongs******************,93836670.027~93844798.013,부산광역********,7174696.134~7175885.121
김**,14110*********,010-*********,agweon**************,76716434.715~76754628.107,부산광역시*********,16596876.343~16612019.111
송**,82060*********,010-*********,bagsu*********,70340087.724~70378720.496,경상북도 ***********,12199348.325~12209738.725
박**,77100*********,010-*********,gimsu***********,34360416.501~34369821.432,전라남도********,2535902.227~2537500.696
강**,47041*********,010-*********,lryu*******,24773297.03~24819248.634,세종특별자**********,2259860.046~2265577.501
이**,91041*********,010-*********,coejimin****************,53444849.346~53464283.183,서울특별*********,8012051.008~8014655.594
최**,01082*********,010-*********,hbae*********,51032278.567~51044456.448,강원도 화**********,910480.036~911861.214
황**,49052*********,010-*********,ri@*******,20828782.222~20845104.404,서울특별시*********,1035954.541~1041004.001
오**,49051*********,010-*********,jeongsu***************,93581149.648~93595508.039,충청남도 ***********,17254320.47~17266063.159
김**,13080*********,010-*********,junhog**************,77190971.68~77198113.606,강원도 영**********,7240068.733~7241495.013
조**,77081*********,010-*********,yeongh***********,86778004.155~86825222.68,충청북도 청*************,2880908.582~2883806.296
류**,70102*********,010-*********,jinug***********,83076696.15~83089138.734,충청북도 ***********,7589541.989~7592284.156
박**,53051*********,010-*********,hyeonj************,27155631.409~27181698.6,경상북도 **********,348699.982~349605.299
장**,91122*********,010-*********,rjang@s**************,10471050.761~10484037.069,인천광역시 ***********,1237685.131~1241358.288
송**,82011*********,010-*********,ejeon**********,41496531.256~41502604.161,충청남도 ***********,8178705.56~8180195.38
유**,72032*********,010-*********,guseoyeo****************,97146700.103~97156255.35,서울특별시*********,27733624.261~27747530.776
강**,59051*********,010-*********,yeongji***************,30021117.931~30046909.9,세종특별자치*************,1999371.572~2002296.194
이**,79011*********,010-*********,subin*********,74186532.961~74191496.864,경상북도 ***********,7330727.162~7338378.384
오**,14060*********,010-*********,cseo********,23518650.664~23558389.588,인천광역시*********,11273464.54~11279606.535
이**,69030*********,010-*********,lcoe@g************,35860060.162~35869852.396,광주광역********,2544613.116~2547833.608
김**,03062*********,010-*********,hyeonj************,57139998.27~57151469.586,부산광역********,5285589.72~5289232.84
성**,95060*********,010-*********,gomiy***********,53383228.002~53400267.07,서울특별********,31508238.346~31540327.139
고**,54022*********,010-*********,sugjayu**************,96069709.552~96081232.165,제주특별자치**************,57433209.592~57467419.585
김**,69091*********,010-*********,ihyeo***********,49358850.806~49372773.424,충청북도 청**************,7589541.989~7592284.156
박**,11020*********,010-*********,ai@y*********,80191986.592~80209057.409,강원도 *******,1587144.36~1588873.025
김**,99071*********,010-*********,gyeong***********,88820009.756~88837395.686,경상북도 ***********,10134169.97~10136591.357
김**,44100*********,010-*********,jgu@ju************,22357638.195~22359812.495,세종특별자치*************,12545695.429~12555728.664
백**,66032*********,010-*********,myeongs***************,14129587.336~14146177.499,대구광역********,426764.453~431036.536
이**,76011*********,010-*********,hyeon**********,57362770.92~57385984.089,서울특별*********,16743563.623~16748870.281
강**,73061*********,010-*********,wgwag@**************,18865706.838~18881016.841,대구광역********,2575786.138~2579088.008
김**,06061*********,010-*********,seojuw***********,53464283.183~53509096.527,세종특별자치*************,13567736.81~13588100.704
김**,67031*********,010-*********,bagjeong*****************,44220772.63~44235648.201,경상남도 ***********,1272701.828~1273657.053
한**,10090*********,010-*********,hwangjih****************,21758527.219~21761647.406,울산광역********,8556163.024~8560861.454
최**,46011*********,010-*********,iyeongs***************,14043790.187~14076652.616,경기도 *******,134674.583~135614.03
이**,96032*********,010-*********,sumi*********,83863901.897~83880835.66,경상북도 ***********,5020591.588~5022007.779
오**,47092*********,010-*********,mbag*******,76389694.71~76407025.495,경기도 ********,2670151.405~2672041.496
이**,03090*********,010-*********,ei@yuh***********,55173994.567~55185269.578,전라북도 ***********,12658269.773~12661975.02
서**,62011*********,010-*********,gno@yu***********,47265767.792~47281105.999,경상남도 ***********,5076648.678~5077949.449
고**,50051*********,010-*********,myeong***********,41975720.564~42012767.237,경기도 *******,4921401.11~4924161.303
김**,92021*********,010-*********,dgim*******,52276104.195~52315591.55,세종특별자치*************,10406350.95~10414603.104
안**,97092*********,010-*********,si@i*********,53301797.033~53329644.902,전라북도 ***********,18997011.849~19009259.465
김**,44071*********,010-*********,seonyeon******************,58065996.286~58072554.242,광주광역********,28829448.396~28849231.924
김**,14110*********,010-*********,ihayun@**************,72190186.911~72241616.783,경상북도 ***********,16029663.73~16058012.285
나**,58080*********,010-*********,seongj**************,10085775.81~10109111.084,경상남도 창원***************,732763.988~733544.322
이**,04100*********,010-*********,hyeonjeo****************,78805068.704~78819640.32,부산광역시**********,7391557.577~7395202.859
문**,62031*********,010-*********,qcoe@*********,16433117.644~16438822.628,충청남도 ***********,6160033.334~6164856.405
김**,56063*********,010-*********,jbag@*********,95451780.843~95470990.703,경상남도 ***********,35220657.483~35296571.449
김**,81092*********,010-*********,hyeonj*************,36518959.552~36527650.644,충청북도 ***********,8546335.818~8556163.024
김**,84070*********,010-*********,ieunj***********,52590411.293~52627054.67,대전광역*******,3022309.934~3026548.114
백**,53090*********,010-*********,seoyu**********,91167504.926~91197097.285,인천광역시*********,15150028.67~15153925.682
안**,45062*********,010-*********,jinu08@**************,19598383.022~19637166.721,전라북도 ***********,796731.871~797264.204
이**,10012*********,010-*********,gangseo***************,72437222.784~72447212.551,광주광역********,33085284.739~33088060.384
심**,58100*********,010-*********,hwangseun******************,64883168.533~64904910.906,대구광역시**********,573766.027~575639.091
김**,10021*********,010-*********,qson********,45239515.415~45255783.042,경상남도********,19211526.258~19215782.478
성**,12091*********,010-*********,jinyuji**************,51368832.646~51391877.728,강원도 홍**********,11328694.405~11337231.872
이**,08061*********,010-*********,hyeonju**************,14492434.816~14595662.905,전라남도 ***********,1963746.482~1966491.904
김**,85080*********,010-*********,gimyeon***************,48884519.006~48909422.238,강원도 *******,21973167.782~22036519.832
문**,68102*********,010-*********,tbag@j************,94384567.409~94393222.836,전라북도 ***********,13980514.235~13986795.488
안**,51091*********,010-*********,jinho74***************,84335437.467~84344765.179,서울특별*********,27713629.194~27733624.261
김**,51082*********,010-*********,jieun9**************,69743482.379~69769807.88,경상북도 ***********,7050877.08~7054326.215
최**,05011*********,010-*********,ogsun09**************,53464283.183~53509096.527,전라북도 ***********,8286587.553~8288977.605
문**,51021*********,010-*********,rseo*******,45423230.715~45445211.146,대전광역********,3811287.432~3818536.631
이**,05012*********,010-*********,sujina***********,66029790.051~66043337.809,울산광역시 ***********,3142260.74~3143327.752
최**,97122*********,010-*********,joseoy**************,16991577.632~17014214.618,충청북도 ***********,5044797.148~5047355.095
김**,65090*********,010-*********,jaehyeo****************,56877522.779~56884452.295,경상남도********,9656140.407~9661540.403
오**,70010*********,010-*********,bagj*********,45061981.258~45076125.117,전라남도 ***********,3467915.209~3469687.063
김**,55072*********,010-*********,qi@jus***********,78670245.688~78679064.527,전라남도 ***********,31508238.346~31540327.139
이**,10091*********,010-*********,geonug***********,74778837.905~74813355.331,대구광역*********,12609792.295~12623187.497
박**,14010*********,010-*********,yejin0***********,65029984.682~65037264.098,제주특별자치**************,3843082.653~3845711.743
황**,91070*********,010-*********,minjun4**************,25468567.393~25514920.598,광주광역********,790575.277~792386.649
차**,62011*********,010-*********,misugc*************,62587776.471~62598992.523,인천광역*********,31362608.36~31410913.37
김**,69041*********,010-*********,hyeonji**************,71990319.815~71997663.094,대전광역********,5363251.554~5365212.093
남**,58092*********,010-*********,jungsu7***************,9603264.546~9608562.005,부산광역시 ***********,5989571.925~5990881.383
나**,54022*********,010-*********,gimyeo**************,32979807.293~33008331.752,세종특별자치*************,13866124.63~13890320.103
이**,63030*********,010-*********,coesu**********,85158403.454~85201158.922,대구광역********,40809114.068~40856586.544
안**,71071*********,010-*********,yeonggils******************,44700188.708~44727350.293,경상남도 창**************,6462599.996~6466511.194
진**,91042*********,010-*********,gumigye***************,81462323.01~81484316.549,경상북도********,12003614.172~12016443.95
백**,85071*********,010-*********,qgim@h************,86325539.051~86327160.832,광주광역********,19910535.768~19917567.22
김**,93081*********,010-*********,gimjeong****************,53444849.346~53464283.183,충청북도 ***********,8903979.572~8908227.593
김**,70041*********,010-*********,yeongsu****************,56923101.484~56952943.796,경상남도 **********,449608.57~451236.876
구**,83100*********,010-*********,munyeo************,21415702.584~21427562.586,충청북도 청**************,2715224.848~2717198.516
김**,98062*********,010-*********,yeong**********,19149730.133~19158364.042,인천광역시*********,1745070.726~1747423.221
오**,69110*********,010-*********,jhan@***********,16433117.644~16438822.628,경기도 *******,4082174.649~4086350.347
허**,52013*********,010-*********,nan@********,86389343.34~86408723.584,세종특별자치*************,16260686.021~16281804.006
황**,77112*********,010-*********,ryujiye****************,27290622.078~27322287.423,인천광역*********,13052105.784~13057251.261
김**,64011*********,010-*********,ni@******,53977375.1~54017126.994,인천광역시 ***********,15775640.352~15794301.324
김**,01111*********,010-*********,baguji************,27009959.028~27017162.131,경상남도 ***********,11947462.389~11966685.686
김**,09111*********,010-*********,ybag*******,73928756.658~73944785.538,대구광역********,39840931.116~39935826.76
김**,00091*********,010-*********,pi@b*******,7519856.914~7529329.166,광주광역*******,1434868.221~1435370.767
손**,73120*********,010-*********,baegjeon******************,92862606.807~92879606.574,광주광역********,11200949.876~11204826.254
최**,95111*********,010-*********,hanseung******************,11938828.149~11947589.513,대구광역시 ***********,1752540.684~1753072.424
이**,82050*********,010-*********,minseo***********,88759652.356~88799423.713,경상남도 ***********,16974425.465~16985436.707
윤**,55102*********,010-*********,hyeonu**************,71899109.896~71909039.463,강원도 춘**********,39588931.974~39684808.626
김**,75071*********,010-*********,ngim@**********,22041788.98~22058757.742,제주특별자***********,2867316.978~2872928.216
황**,82022*********,010-*********,sangceol*****************,63558981.192~63568785.047,광주광역********,26804104.363~26819763.987
김**,60042*********,010-*********,jihun91***************,60647261.363~60660519.778,서울특별*********,18863773.824~18873400.775
류**,71072*********,010-*********,hyejing**************,48244329.98~48260732.169,대전광역*********,27888053.01~27906128.368
최**,00030*********,010-*********,seongh**************,2994747.421~3022438.938,세종특별자치*************,650197.488~653632.943
김**,92063*********,010-*********,hayun3***********,41235078.06~41255967.496,경상북도 ***********,13539781.18~13547385.12
조**,02052*********,010-*********,isun*********,91252026.63~91272383.868,인천광역*********,7154030.958~7158798.305
김**,53072*********,010-*********,yeong**********,30200437.012~30219964.94,경기도*******,1452936.243~1455550.698
배**,89110*********,010-*********,ci@*****,3297431.337~3312255.336,경기도 *******,259580.466~263944.362
김**,74071*********,010-*********,eunjeon**************,90732523.984~90750175.877,광주광역*********,19824517.992~19853679.264
양**,05121*********,010-*********,janggy************,29504703.648~29522619.12,충청북도 ***********,2553832.967~2555362.52
강**,06041*********,010-*********,bagdo**********,91006012.573~91032508.618,전라남도 ***********,1835316.387~1836753.528
고**,96081*********,010-*********,tsim@g************,28414915.655~28490739.504,울산광역********,16985436.707~16997985.808
이**,86090*********,010-*********,gyeongsu******************,47218848.574~47224619.288,경상남도 ***********,33567727.404~33594923.526
강**,65031*********,010-*********,gyeong***********,60418035.121~60441060.001,인천광역*********,35377745.484~35430365.169
윤**,81022*********,010-*********,gimeunju****************,29224124.887~29246491.377,울산광역********,10392660.553~10397517.973
서**,67122*********,010-*********,bagmigy***************,52982967.927~53016922.892,충청남도 ***********,1409433.04~1411179.68
조**,57062*********,010-*********,pi@jus***********,57362770.92~57385984.089,세종특별자치*************,16496115.12~16502327.24
정**,82022*********,010-*********,bagji**********,35655001.616~35658852.635,광주광역시*********,7705461.456~7708299.979
이**,12101*********,010-*********,songhyeon******************,65821242.909~65845554.65,전라남도 ***********,6498748.298~6502056.239
이**,97030*********,010-*********,hyeonj***********,14102207.538~14117401.213,전라남도 화***********,2883806.296~2888433.882
강**,05092*********,010-*********,dbag*******,11623624.981~11634206.046,강원도 강**********,613534.746~614592.215
윤**,99090*********,010-*********,sunogg************,58133505.25~58144501.534,인천광역*********,37581475.582~37607711.149
이**,63050*********,010-*********,junyeon***************,97624130.177~97643213.744,전라북도 ***********,26772829.15~26800472.436
조**,06021*********,010-*********,ogsun95***************,61672650.783~61709469.52,대전광역*********,21420923.906~21442755.982
이**,63111*********,010-*********,jinu5***********,64421862.066~64457950.481,제주특별자***********,4924161.303~4927437.387
이**,11062*********,010-*********,cunjaan***************,33780508.882~33796505.058,인천광역*********,23221296.116~23228470.386
장**,89082*********,010-*********,ogsungi****************,64857331.889~64883168.533,강원도 양**********,3564948.908~3566858.397
남**,60011*********,010-*********,bagye***********,15586395.289~15604120.553,세종특별자치*************,1374150.868~1374541.379
박**,70062*********,010-*********,jeong***********,75907380.848~75912782.177,충청남도 ***********,29949034.947~29967222.256
지**,53010*********,010-*********,jihye*********,94787086.025~94795075.472,충청북도 ***********,12820079.837~12827923.251
이**,72122*********,010-*********,seong***********,7314464.706~7333171.58,충청북도 충***********,1396312.238~1397411.921
류**,84091*********,010-*********,sugja*********,77642013.838~77668416.19,세종특별자치*************,2410067.892~2410928.262
윤**,45101*********,010-*********,ti@ju***********,5348049.0~5369208.466,울산광역********,263944.362~264732.163
홍**,66050*********,010-*********,seosunj***************,62303537.36~62322826.79,전라남도 ***********,22902127.662~22949901.2
서**,56013*********,010-*********,gimdongh******************,43544108.591~43557182.974,전라북도 ***********,8014655.594~8016451.875
최**,58092*********,010-*********,jgo@e**********,15823911.448~15826444.104,세종특별자치*************,2747560.11~2751911.901
이**,45071*********,010-*********,jjang**********,48170760.914~48197240.471,인천광역시*********,1014621.776~1016771.994
김**,61051*********,010-*********,yejinba****************,59739343.286~59759067.11,서울특별********,19189419.576~19201058.588
김**,80042*********,010-*********,minjunc****************,23732365.924~23776555.266,인천광역*********,4281574.904~4283951.673
이**,75102*********,010-*********,jangmy**************,38641613.397~38655234.918,경상북도 ***********,19400896.582~19408419.855
문**,09021*********,010-*********,gimyej************,98708340.381~98724592.74,울산광역********,55303086.438~55411381.174
주**,12052*********,010-*********,gimsangh****************,97233797.806~97246316.939,충청남도 천*************,4823610.778~4832470.623
박**,00022*********,010-*********,jeongsug****************,64224813.02~64248198.509,경기도 ********,29606068.258~29633170.925
한**,49011*********,010-*********,gimmigye*****************,28934412.469~28973943.371,충청북도 ***********,6281219.306~6289976.1
양**,13041*********,010-*********,seonghyeo*******************,5478980.345~5503120.099,대구광역********,347578.892~348699.982
박**,61032*********,010-*********,kba*******,15559229.284~15571599.576,경상남도 ***********,453326.376~455012.039
강**,13010*********,010-*********,yeongsu***************,15542387.714~15559229.284,대구광역*********,4888080.81~4890777.119
김**,72071*********,010-*********,noeun*********,17668667.472~17698642.045,충청북도 ***********,10939704.699~10953525.074
김**,07031*********,010-*********,oeunje**************,94215717.974~94256748.557,대구광역********,6225127.336~6230007.923
최**,98122*********,010-*********,kgim@y*************,53939309.62~53977375.1,인천광역*********,24473760.013~24492582.857
서**,03112*********,010-*********,ieunju**************,92216452.15~92233274.537,충청북도 청*************,5450177.445~5454662.911
박**,73112*********,010-*********,gimgyeon******************,86463536.385~86472236.187,충청북도*******,61833140.916~62035118.822
최**,66010*********,010-*********,hgi*******,35710911.027~35728387.835,부산광역********,8168115.434~8172769.497
윤**,61063*********,010-*********,ujin4***********,56884452.295~56923101.484,전라남도 ***********,3836041.074~3838209.004
우**,88010*********,010-*********,ebag@s***********,40124460.226~40144372.63,경상북도 ***********,4032475.029~4037722.061
황**,11100*********,010-*********,jeongho**************,35799353.246~35809362.854,대구광역시 ***********,15853990.692~15864813.787
장**,10062*********,010-*********,gyeongsuh******************,85900098.113~85925292.604,충청북도 청**************,19824517.992~19853679.264
최**,78070*********,010-*********,sanghu************,91763350.356~91770139.024,경기도 포**********,38838868.942~38916255.361
이**,85031*********,010-*********,pbag@**********,37178954.132~37191934.897,전라남도 *********,23197547.215~23203032.943
김**,72060*********,010-*********,jiyeo***********,28297117.845~28308828.459,대구광역*********,4953707.418~4959862.732
조**,54042*********,010-*********,geonub************,21075442.6~21091259.129,경상북도 ***********,12628420.68~12631551.31
차**,10111*********,010-*********,dohye**********,72620181.048~72665001.421,부산광역*********,33917107.539~33945588.067
남**,73102*********,010-*********,jeongna**************,56087363.712~56103592.731,전라북도 ***********,33399296.266~33410371.181
홍**,58062*********,010-*********,tgim@g***********,4849349.626~4879218.238,충청남도 천**************,350494.16~350948.784
김**,83091*********,010-*********,sugja**********,45591440.688~45601019.911,전라남도 ***********,24811007.962~24840595.294
박**,10121*********,010-*********,wcoe@**********,11138498.496~11157684.665,대구광역********,1600700.754~1601302.705
서**,01122*********,010-*********,jia6*******,59236587.096~59241728.912,강원도 양**********,4062006.782~4065115.221
김**,98040*********,010-*********,bagseoju****************,37918100.302~37919423.915,충청북도 ***********,15191557.064~15201014.238
홍**,99091*********,010-*********,eunseo**************,50284667.443~50291925.155,강원도 화**********,1644837.2~1646320.553
배**,69073*********,010-*********,minsu41***************,67727981.373~67736919.397,울산광역********,27625167.216~27638473.589
김**,48040*********,010-*********,san@ju***********,71869428.826~71887044.575,제주특별자***********,5718406.309~5721523.079
김**,68092*********,010-*********,goyeon*************,35067646.306~35084658.125,대전광역********,20796414.534~20803509.6
홍**,86092*********,010-*********,jaehy**********,40880451.146~40927308.175,인천광역*********,18334847.131~18341728.837
이**,48061*********,010-*********,tcoe@*********,96694164.806~96706883.663,부산광역시*********,18121344.487~18151984.497
이**,00012*********,010-*********,jinh*********,90386529.398~90408849.47,충청북도********,48290414.566~48320315.893
김**,99061*********,010-*********,ybag*******,75715617.138~75747482.622,대구광역********,56174826.506~56530796.781
박**,71010*********,010-*********,ryuyeon**************,82526158.793~82537794.542,강원도 삼**********,31555895.237~31581623.238
이**,52062*********,010-*********,minse*********,48260732.169~48279795.607,경상남도 ***********,11820844.721~11834095.41
홍**,03123*********,010-*********,yeongs*************,48486944.325~48498363.294,울산광역시 ***********,3996195.671~3997705.15
박**,56120*********,010-*********,yeongho**************,60673607.615~60687230.6,대구광역********,11813528.002~11820844.721
이**,56022*********,010-*********,yejun2**************,67244919.355~67276352.324,부산광역시**********,9358124.514~9364560.664
김**,89042*********,010-*********,yangseun******************,22027832.918~22032547.324,강원도 *******,7906711.638~7908244.987
박**,14010*********,010-*********,xgim@*********,3781473.206~3825923.349,인천광역*********,1508596.298~1510822.074
류**,10091*********,010-*********,gyeongs***************,29104001.163~29123131.325,광주광역********,11694941.316~11699649.955
김**,76101*********,010-*********,sonjeong*****************,29000526.473~29008276.215,광주광역********,1319218.928~1321586.926
황**,08122*********,010-*********,josugj************,31323713.541~31337088.046,인천광역시 ***********,2467067.492~2469365.882
박**,56040*********,010-*********,yeongg************,22918941.76~22927774.025,부산광역********,815579.733~816831.159
곽**,66030*********,010-*********,sangce***********,15124389.798~15146735.614,경상남도 ***********,2215300.226~2218671.426
최**,52071*********,010-*********,imu*******,29189405.88~29195788.833,대전광역*********,8306187.689~8310572.638
박**,54110*********,010-*********,ojie*********,43946267.887~43966504.874,경상남도 ***********,13363470.126~13366127.424
최**,46042*********,010-*********,fhan*******,78748402.446~78753357.122,경상남도 ***********,10553967.365~10563998.69
황**,88062*********,010-*********,imeungye******************,10811942.656~10842380.151,서울특별시***********,2775259.257~2778031.235
박**,55060*********,010-*********,byeongceo*******************,48366829.726~48380329.04,울산광역*******,13729476.588~13737430.939
장**,70111*********,010-*********,sanghy***********,63942547.064~63972387.371,서울특별*********,26819763.987~26828315.058
이**,53122*********,010-*********,rbag@*********,26610329.624~26617510.649,울산광역********,10114053.886~10124425.951
황**,82020*********,010-*********,yejun9************,47770104.106~47774693.988,경상북도 ***********,559769.671~562379.623
유**,61092*********,010-*********,gimseongh*******************,85131802.91~85139672.687,제주특별자치**************,20414597.772~20419989.46
김**,10031*********,010-*********,ygim@h************,83912219.564~83936804.256,강원도 *******,1504654.043~1505511.417
윤**,85110*********,010-*********,gimyeo***********,37358061.777~37395825.2,전라북도 ***********,1505511.417~1508596.298
강**,04113*********,010-*********,eunju*********,24453713.877~24483612.702,충청북도 ***********,1126525.563~1129335.403
이**,67011*********,010-*********,areumi**************,81001613.864~81011688.761,경상남도 밀***********,30368161.976~30407256.86
장**,09062*********,010-*********,sangceol*****************,31411413.989~31454938.087,전라남도 ***********,843103.86~850743.505
권**,69112*********,010-*********,hyejin**************,34055220.662~34068531.1,인천광역*********,21671814.304~21686445.725
문**,51030*********,010-*********,bagjaeh**************,82111522.283~82120493.018,제주특별자치**************,6406560.46~6412825.303
최**,45062*********,010-*********,jihui*********,40046650.116~40065233.408,인천광역********,4869347.831~4871415.878
곽**,76121*********,010-*********,hyeonsu***************,76239135.951~76246292.724,광주광역********,4768043.702~4769769.495
김**,81101*********,010-*********,minjun**************,51697373.353~51744973.886,강원도 고**********,25626498.422~25640353.962
박**,66061*********,010-*********,ai@se**********,89264378.922~89288164.415,전라북도 ***********,28110847.832~28128623.002
이**,91060*********,010-*********,bagjeon***************,89745827.966~89762423.374,충청북도 ***********,40499470.94~40521905.542
문**,50080*********,010-*********,yeongji***************,51250193.369~51272904.364,충청남도 ***********,9265715.822~9273980.7
김**,72011*********,010-*********,bagse**********,86628328.196~86669878.126,부산광역*********,8256972.396~8260172.058
안**,91030*********,010-*********,minjae************,68526266.443~68542089.311,인천광역********,14951414.885~14964134.195
김**,82121*********,010-*********,amun@j************,2781280.165~2790849.53,인천광역시*********,1700117.211~1703252.854
강**,55062*********,010-*********,yujinsi**************,79375152.324~79382219.219,제주특별자치*************,21134101.55~21146697.045
양**,97101*********,010-*********,mijeo***********,73678082.141~73687677.174,경상남도 ***********,5018680.396~5020591.588
김**,57120*********,010-*********,ibor*********,46762278.005~46781145.094,제주특별자***********,18168978.687~18176902.5
김**,89110*********,010-*********,bagjaeh****************,36551335.039~36556934.518,대전광역********,17696538.464~17705821.126
이**,69040*********,010-*********,jangyeon******************,67222349.08~67244919.355,인천광역*********,11453886.045~11460032.075
이**,58061*********,010-*********,myeongs***************,96371199.204~96375199.673,충청북도 ***********,24840595.294~24847006.045
장**,74041*********,010-*********,bagyeong******************,73641158.109~73658565.973,경상남도 창************,33218878.778~33268956.379
김**,81100*********,010-*********,ngang@***********,18966319.176~18988351.994,전라북도 군***********,2056843.806~2057516.973
김**,94020*********,010-*********,jiaji@************,26909978.08~26911550.354,광주광역********,3941779.466~3946357.327
이**,13012*********,010-*********,coeseong*****************,30046909.9~30075269.302,강원도 원**********,1510822.074~1511975.482
김**,80090*********,010-*********,yeongja***************,41408373.159~41411637.044,광주광역********,8901179.764~8903979.572
김**,68051*********,010-*********,ijunhye****************,13801419.587~13813471.014,대전광역********,5213850.371~5216484.368
김**,92071*********,010-*********,ryumiy**************,63663807.099~63674594.36,제주특별자***********,475992.638~476330.956
김**,09022*********,010-*********,jeongsig******************,67946383.316~67996392.922,광주광역********,1508596.298~1510822.074
김**,60070*********,010-*********,jeong**********,31814877.03~31839745.948,강원도 원**********,12095154.466~12105068.531
박**,10111*********,010-*********,ncoe@g***********,72974955.744~72988458.057,울산광역********,8391332.251~8392974.688
이**,44062*********,010-*********,bagye**********,69269491.498~69283910.124,인천광역*********,33645722.451~33692286.915
주**,58072*********,010-*********,jiagim@**************,99961429.255~99990369.0,세종특별자치*************,14909008.536~14913312.205
김**,08081*********,010-*********,xgim@**********,92416759.299~92457137.378,울산광역********,1628703.467~1630896.441
홍**,47021*********,010-*********,gimmye************,24544253.151~24553063.674,대구광역********,1704038.39~1704650.539
김**,02030*********,010-*********,sunjaan**************,55002084.935~55012712.514,부산광역*********,18591193.862~18602656.072
백**,83092*********,010-*********,eunji*********,26243202.002~26256144.488,전라북도 ***********,7911086.145~7917227.49
황**,88101*********,010-*********,jaehye***********,32278018.962~32291411.208,경상북도 포*************,18257133.374~18270580.92
박**,01121*********,010-*********,jinho1**************,46565675.271~46574876.859,경기도 안**********,4613848.421~4615371.658
김**,51102*********,010-*********,baeseong****************,23300495.066~23313176.278,대구광역********,4769769.495~4771069.578
고**,53121*********,010-*********,yeongsug*****************,97514591.663~97536817.135,경상남도 ***********,8178705.56~8180195.38
김**,49092*********,010-*********,yeongm**************,45392789.322~45401973.495,강원도*******,26233844.507~26250607.689
최**,08030*********,010-*********,tan@i**********,25543780.936~25545482.504,대전광역********,4927437.387~4931571.122
하**,95041*********,010-*********,jihun*********,60088231.664~60119631.239,대전광역********,4634454.388~4638284.052
이**,47021*********,010-*********,seongj**************,16182261.4~16195909.346,인천광역*********,1833054.717~1835316.387
박**,04042*********,010-*********,seonghy**************,6828112.92~6842975.888,제주특별자치**************,404806.251~409098.401
백**,91052*********,010-*********,seohyeon****************,7684094.912~7692111.408,전라남도 ***********,1264506.96~1265816.054
김**,88062*********,010-*********,ijaehyeo****************,69840726.345~69857531.023,서울특별시**********,2104160.384~2107142.571
장**,66091*********,010-*********,yeweon**************,53038012.342~53052770.634,전라남도********,12493750.75~12499058.153
박**,14112*********,010-*********,hayun**********,76633890.02~76647825.464,충청북도 ***********,6006260.024~6011876.922
권**,58011*********,010-*********,seungh************,97893994.465~97905297.621,서울특별*********,18281366.2~18290770.995
이**,96081*********,010-*********,iseon*********,73880524.227~73913347.308,충청남도 ***********,2367197.124~2371206.938
박**,49050*********,010-*********,hyejinso****************,74491773.446~74514436.48,전라남도 ***********,4506819.036~4508374.384
이**,44111*********,010-*********,boramgi**************,50257155.117~50284667.443,서울특별*********,8100146.144~8102897.491
김**,04101*********,010-*********,ijeongsu****************,95812012.143~95824693.11,강원도 양*********,1818808.24~1821608.891
안**,79021*********,010-*********,jojeong***************,26655441.344~26691271.718,광주광역시*********,17578132.798~17593417.568
우**,55042*********,010-*********,jeongho***************,99608995.562~99639326.228,부산광역시*********,7917227.49~7920319.012
최**,84052*********,010-*********,ogja84@**************,85502505.853~85525964.398,강원도 양*********,31441639.746~31468833.045
김**,96071*********,010-*********,yeongh***********,87304294.299~87347512.855,경상남도*******,25230634.246~25260486.342
양**,54030*********,010-*********,jinu23************,64313457.08~64316284.01,충청북도 ***********,10493177.409~10495894.84
이**,55113*********,010-*********,jaeho*********,43417152.734~43435614.95,울산광역********,8740702.562~8743440.543
하**,75030*********,010-*********,juweon***********,48775623.09~48800338.53,울산광역********,244988.198~245607.375
김**,50032*********,010-*********,abag*******,14146177.499~14154343.38,울산광역********,2086091.883~2089188.475
박**,66091*********,010-*********,jeongsu****************,88343390.36~88355264.732,세종특별자**********,4481280.324~4484278.991
주**,74062*********,010-*********,yeeunm**************,20669140.62~20696584.743,제주특별자치**************,4731632.005~4736739.438
윤**,02022*********,010-*********,gcoe@y*************,37705229.531~37735099.169,서울특별시*********,15853990.692~15864813.787
이**,78100*********,010-*********,jeong***********,44235648.201~44248314.365,경상북도 ***********,14726243.987~14731191.312
박**,50052*********,010-*********,tgim*******,71075147.772~71083475.815,대구광역********,10430819.923~10441973.115
임**,85020*********,010-*********,cbag@**********,88933852.47~88945727.276,부산광역시*********,17942301.372~17957296.0
박**,97110*********,010-*********,xgim@**********,19308253.221~19346076.726,인천광역*********,7911086.145~7917227.49
김**,77041*********,010-*********,hi@*****,79616649.912~79628810.539,전라남도 ***********,12796396.675~12798567.92
이**,98082*********,010-*********,eunjeongy******************,29918295.04~29940859.392,부산광역*********,3490714.045~3492863.63
김**,46041*********,010-*********,jiyeon4***************,64987244.325~65029984.682,세종특별자치*************,916089.976~917995.929
홍**,52050*********,010-*********,ijeongsu****************,28677702.776~28688830.626,울산광역********,6848930.273~6857212.164
이**,94020*********,010-*********,qgang@*************,49372773.424~49388974.359,경상남도 ***********,4487529.424~4491068.038
허**,01050*********,010-*********,jiweon9****************,15604120.553~15636145.997,대구광역*********,1768451.372~1773273.026
서**,04062*********,010-*********,sugjaeo***************,52837841.459~52881503.4,전라북도 ***********,29432928.605~29458647.917
주**,94082*********,010-*********,yeongsu**************,71083475.815~71103702.63,광주광역********,23653572.809~23674494.653
허**,77052*********,010-*********,seonghun******************,75536771.147~75559168.0,충청남도 ***********,28720532.186~28727863.084
이**,86022*********,010-*********,cunja1**************,81287475.498~81304451.837,강원도 삼**********,47298492.95~47420690.693
오**,12092*********,010-*********,gojinho***************,66597912.33~66609240.683,울산광역********,21081712.978~21087682.265
이**,64110*********,010-*********,ygim@***********,77312145.242~77341797.34,강원도 양*********,27547657.256~27575639.942
이**,54122*********,010-*********,ijihu***********,76036032.318~76044806.81,전라북도 ***********,7198431.011~7204478.389
박**,68080*********,010-*********,sonsugj****************,82546839.54~82575196.668,강원도 홍**********,4671939.008~4680203.936
문**,47110*********,010-*********,yeongceo******************,31520976.259~31545067.586,충청북도 **********,18619055.406~18640155.027
김**,15011*********,010-*********,pi@i*******,79907393.586~79916832.474,울산광역********,6857212.164~6864225.012
이**,58011*********,010-*********,hyeonju**************,6133908.253~6150924.33,인천광역*********,477030.476~483419.432
양**,67051*********,010-*********,gimsan***********,58301690.998~58322132.634,경상북도 ***********,2137739.45~2139192.942
김**,47051*********,010-*********,gimgyeo****************,9186835.15~9206516.193,전라남도 ***********,829752.46~832095.256
김**,61112*********,010-*********,ugan*********,34779218.739~34803916.337,대전광역*********,4597976.268~4606085.665
홍**,07092*********,010-*********,bagjun***********,6853293.351~6877037.582,부산광역*********,908615.277~910480.036
김**,81072*********,010-*********,junse***********,6086082.84~6087624.266,경상남도 ***********,673064.561~673335.362
김**,12032*********,010-*********,sangceol******************,29720232.938~29749938.326,전라북도 ***********,13207828.992~13216150.43
허**,88082*********,010-*********,jeongs***********,38585853.159~38593913.353,전라남도 ***********,7206956.554~7210507.818
장**,74121*********,010-*********,pi@yuh***********,81982634.628~82012873.263,대구광역********,2091312.941~2091921.358
이**,46012*********,010-*********,myeongj***************,96743613.925~96760562.062,대전광역********,32088002.346~32112139.019
하**,84062*********,010-*********,yeeu*********,14287293.353~14305347.994,전라북도 ***********,2721189.838~2725907.473
안**,64120*********,010-*********,seungh************,67422677.922~67449313.368,울산광역********,17416666.013~17420430.217
윤**,80120*********,010-*********,eyun@j*************,19479155.811~19480313.48,대구광역*********,1217452.266~1220656.4
김**,74020*********,010-*********,migyeo************,48634758.458~48656110.732,부산광역*********,17371069.285~17380951.552
류**,56031*********,010-*********,gimminj****************,15943637.889~15949110.773,대전광역********,3433717.968~3436484.406
김**,11022*********,010-*********,jeongsug****************,93213584.406~93240276.111,경기도 안**********,2438806.425~2440904.27
장**,96082*********,010-*********,xgim@*********,76239135.951~76246292.724,전라남도 ***********,2182323.917~2185099.576
하**,93082*********,010-*********,jihun91**************,74978650.617~74987319.116,광주광역********,9564414.755~9565990.024
송**,48012*********,010-*********,minjae***********,54376108.259~54411386.062,경기도 ********,2469365.882~2472046.201
안**,98100*********,010-*********,to@ju***********,43928780.853~43934180.288,인천광역********,9770782.66~9774795.391
한**,76062*********,010-*********,namsugja****************,42178843.744~42191286.364,충청남도 ***********,6724617.222~6730160.999
장**,97092*********,010-*********,coehye***********,64533441.056~64573367.309,충청북도 ***********,2820242.76~2822773.611
백**,05110*********,010-*********,coesangc*****************,91539581.144~91549586.197,충청남도 ***********,58009751.694~58357260.882
이**,06083*********,010-*********,eunji**********,67276352.324~67283955.11,세종특별자치*************,4803713.968~4807605.614
나**,86030*********,010-*********,sujin02***************,38622457.754~38641613.397,대구광역*********,7402792.218~7407669.077
박**,84121*********,010-*********,subin42***************,13794051.39~13801419.587,인천광역*********,2859379.481~2863289.473
김**,99062*********,010-*********,yeongs**************,49422348.796~49448525.627,전라북도 ***********,16351164.938~16359715.059
김**,47070*********,010-*********,seojunb**************,7906759.829~7919012.574,서울특별*********,1413940.936~1417319.427
장**,06121*********,010-*********,gimhaeu****************,36688370.439~36692430.949,대구광역********,6046642.912~6048023.672
손**,92092*********,010-*********,ijie********,4247728.112~4252432.871,경상북도 ***********,224741.456~225195.035
김**,07032*********,010-*********,baesu*********,57874032.409~57913577.976,경기도 ********,1573676.124~1574852.892
양**,46113*********,010-*********,areumba****************,26703869.815~26734632.825,대구광역********,5434498.941~5435600.48
윤**,98072*********,010-*********,xcoe@s*************,13712693.409~13726412.702,서울특별*********,3509927.766~3511491.917
이**,57090*********,010-*********,gimdongh******************,67710219.656~67727981.373,경상남도 ***********,4736739.438~4739940.455
이**,92062*********,010-*********,jeongare*****************,93029452.425~93042712.789,광주광역*********,12510619.398~12520711.602
박**,06093*********,010-*********,ujin82*************,49516533.918~49534817.388,강원도 *******,18614629.03~18619055.406
김**,66103*********,010-*********,ogim********,11781537.761~11795899.24,경기도 *******,5223753.776~5225910.836
김**,46050*********,010-*********,jinui@*************,18489962.052~18501132.559,전라남도 ***********,1540585.282~1542346.654
김**,78041*********,010-*********,fgang@***********,51322574.205~51347938.021,제주특별자***********,2796434.928~2798414.635
진**,00073*********,010-*********,anseoye***************,14168618.974~14176851.597,광주광역*********,2990393.316~2992545.635
박**,13050*********,010-*********,misugco***************,92664498.425~92684364.435,충청남도 ***********,27451219.192~27463980.446
이**,77082*********,010-*********,cunja20**************,5041014.234~5048964.9,서울특별*********,1878648.445~1881533.702
박**,66031*********,010-*********,imin*********,49534817.388~49567022.098,대구광역********,2081960.869~2083221.549
최**,66031*********,010-*********,yeongh*************,42012767.237~42025357.413,세종특별자치*************,15549833.112~15559209.609
박**,90073*********,010-*********,jiyeon***********,56564704.879~56572797.884,충청남도 ***********,32112139.019~32139239.825
강**,12030*********,010-*********,minsur**************,49567022.098~49613056.635,대구광역********,10956315.318~10962278.902
장**,90110*********,010-*********,zi@******,27625154.765~27628998.054,충청남도 ***********,7889448.393~7898377.448
정**,48041*********,010-*********,yeonggi***************,15796652.779~15805446.248,충청북도 ***********,4422559.654~4424226.439
박**,52122*********,010-*********,ogja35**************,58844857.86~58874684.715,부산광역시*********,11308846.034~11316769.149
신**,60021*********,010-*********,yeongce***************,62709033.8~62737793.703,울산광역시 ***********,9316364.94~9319403.904
안**,65111*********,010-*********,ijeong*************,41273850.066~41305839.025,경상남도 ***********,2154190.273~2155583.176
허**,89102*********,010-*********,jieun9*************,51525583.258~51546543.234,경상남도 ***********,15302608.717~15306263.336
김**,85041*********,010-*********,rcoe@*********,39483686.824~39516557.956,부산광역*********,19417548.0~19420815.006
장**,71060*********,010-*********,seongjin*****************,32078135.517~32107946.166,경상남도 ***********,10239619.485~10249332.42
김**,46071*********,010-*********,ki@******,82712281.924~82723847.373,서울특별*********,18973005.737~18985971.991
박**,72111*********,010-*********,subi*********,54149644.085~54176780.069,전라남도 ***********,2132182.65~2134119.905
황**,80032*********,010-*********,yujin15***************,62420202.106~62444283.888,제주특별자***********,14449962.962~14457292.329
장**,10021*********,010-*********,yeonghyi****************,25060824.318~25070865.636,부산광역*********,3490714.045~3492863.63
이**,73012*********,010-*********,jihyeo************,60391886.892~60413232.579,전라북도 ***********,3492863.63~3496628.186
김**,54072*********,010-*********,gweons**************,71829667.178~71840834.246,강원도 강**********,8102897.491~8111408.862
구**,83101*********,010-*********,gimhye************,27730053.913~27765438.05,충청남도 ***********,8198024.061~8199834.378
고**,66051*********,010-*********,gimsunj****************,36462221.448~36491671.577,충청남도 ***********,4040425.638~4044701.182
서**,63102*********,010-*********,hyeonje***************,83311772.422~83339233.457,부산광역시*********,4324120.168~4325625.535
양**,94020*********,010-*********,ai@hw**********,93666558.062~93669629.563,광주광역********,2815113.511~2817184.468
이**,53031*********,010-*********,baegjeo****************,56367125.622~56381617.994,강원도 고**********,9687795.93~9704694.756
이**,75080*********,010-*********,bgim@j*************,96193795.442~96235155.73,대전광역********,56857948.282~56972036.131
김**,48050*********,010-*********,mbag*******,62273211.849~62303537.36,서울특별시**********,2282249.145~2284206.189
김**,75111*********,010-*********,gimjiyeo****************,80425395.401~80437067.07,대전광역********,4571757.717~4574797.821
김**,52101*********,010-*********,yunhay*************,60717087.482~60742106.7,세종특별자치*************,17285637.743~17294164.036
이**,66121*********,010-*********,baegjiwe*****************,21364452.746~21369078.288,대전광역********,2802317.356~2804703.712
박**,84081*********,010-*********,jaehyeo**************,67554500.479~67584687.504,광주광역********,764384.687~770215.632
이**,03012*********,010-*********,seoju**********,59339355.304~59374527.938,충청북도 ***********,4222162.347~4229684.904
이**,95052*********,010-*********,seohye***********,73955490.26~73968761.394,대구광역*********,17165445.596~17172242.576
배**,85020*********,010-*********,rbag@i************,8975580.88~8992311.421,대전광역*******,1006213.822~1008475.099
이**,65032*********,010-*********,gimseonye******************,82741251.995~82859165.773,인천광역*********,3650967.975~3660932.075
나**,94051*********,010-*********,ibag*******,19936362.302~19946469.826,대구광역********,1599591.723~1600700.754
김**,60091*********,010-*********,yeongjag****************,26217781.499~26243202.002,대전광역********,1303872.01~1306127.14
류**,52081*********,010-*********,gimyuns****************,24903307.324~24943678.877,광주광역*********,6866501.966~6868556.285
이**,69010*********,010-*********,coecunj**************,91318266.95~91344514.621,서울특별********,29067783.175~29074592.544
김**,56042*********,010-*********,myeongsu*****************,45445211.146~45471957.369,광주광역*********,1179058.368~1180562.18
백**,08060*********,010-*********,ncoe*******,24758090.699~24773297.03,부산광역시*********,2851353.146~2852472.764
차**,72012*********,010-*********,areum1***********,99466676.908~99476331.936,경기도 *******,45096325.95~45140141.037
이**,02062*********,010-*********,kbag@g***********,42839413.489~42863077.161,세종특별자치*************,11174085.742~11179512.529
최**,70100*********,010-*********,jjang@**************,25173906.151~25198143.051,제주특별자치**************,14306289.563~14312423.887
장**,48040*********,010-*********,iogsun***********,76077855.142~76091523.717,대구광역********,16612019.111~16630377.326
이**,98121*********,010-*********,jihye3*************,64457950.481~64486642.148,서울특별*********,3247183.795~3247865.995
손**,52053*********,010-*********,xmun@***********,33627241.944~33656763.039,광주광역********,14711500.476~14718348.021
이**,79020*********,010-*********,yeongs*************,75825884.206~75841224.887,전라북도 ***********,32250708.875~32292009.027
문**,82021*********,010-*********,bagmyeong******************,66853294.39~66859333.174,충청북도 청**************,1683909.042~1686421.115
김**,02020*********,010-*********,seunghye******************,52225362.641~52229825.742,경기도 포**********,701174.088~702561.591
김**,80020*********,010-*********,jeongjag****************,18617787.17~18626712.679,세종특별자치*************,959066.344~960306.062
장**,83102*********,010-*********,jangye************,54633314.12~54652384.25,제주특별자***********,7456771.417~7460068.33
박**,53050*********,010-*********,seonghu****************,22979082.74~22997396.269,대구광역시 ***********,9822844.005~9831301.22
황**,05092*********,010-*********,isanghy**************,54042160.35~54063057.648,인천광역시*********,4619368.683~4623801.62
정**,46091*********,010-*********,yeongja**************,92930721.546~92952648.747,울산광역********,6944516.449~6948001.504
정**,97073*********,010-*********,bgim@*********,49453986.916~49465941.393,전라남도 ***********,20979784.922~20989803.903
김**,57091*********,010-*********,yeonghw****************,73792570.005~73803584.431,세종특별자치**************,3497913.401~3501415.603
강**,09123*********,010-*********,yundoy************,45321867.296~45338565.762,대전광역*********,1599591.723~1600700.754
김**,89021*********,010-*********,yeongsun*****************,23480911.425~23518650.664,부산광역*********,4501715.089~4503838.352
김**,97101*********,010-*********,juweo**********,65198605.504~65209792.059,충청남도 ***********,40499470.94~40521905.542
이**,10041*********,010-*********,zo@*****,17602927.782~17611337.359,충청남도 ***********,5240382.428~5244771.275
이**,67061*********,010-*********,jiyeon***********,39342285.469~39355022.636,충청북도 **********,5833373.215~5839028.749
이**,13071*********,010-*********,gimjih*************,26177461.611~26217781.499,제주특별자치**************,3194403.141~3201448.858
이**,09062*********,010-*********,ii@******,26655441.344~26691271.718,대구광역*********,1773273.026~1775150.85
김**,56082*********,010-*********,gba*******,13219945.229~13228475.877,경기도 *******,1768037.4~1768451.372
한**,48053*********,010-*********,ryuyeong*****************,5914492.97~5915777.4,광주광역********,161305.601~162143.261
김**,73091*********,010-*********,hayun*********,6302071.706~6329372.163,대전광역********,802201.841~803514.557
차**,56031*********,010-*********,caeweon**************,81093930.912~81113911.032,경상남도 ***********,42449197.529~42473667.083
송**,66042*********,010-*********,hayu*********,82703847.587~82709078.364,광주광역********,7963924.826~7966958.082
이**,00011*********,010-*********,janguji****************,94689922.188~94719676.074,대전광역********,34754205.25~34784077.658
이**,46111*********,010-*********,jinho7**************,67996392.922~68019283.5,광주광역********,5811900.538~5819500.672
최**,05031*********,010-*********,aim*******,26217781.499~26243202.002,제주특별자치**************,6857212.164~6864225.012
이**,62022*********,010-*********,yeongceol******************,60817532.195~60822884.104,전라남도 ***********,4145920.856~4147889.825
김**,73102*********,010-*********,gyeong************,43288336.964~43298192.161,전라남도 ***********,18341728.837~18351248.366
이**,06030*********,010-*********,iyewe*********,43232251.39~43261605.194,경기도 수*********,3588036.522~3592297.708
박**,54082*********,010-*********,yejunba***************,98987944.06~99000632.307,울산광역********,7081439.25~7085946.482
김**,67031*********,010-*********,bagjeo************,86858975.2~86881593.77,광주광역********,48548520.068~48579759.81
오**,67102*********,010-*********,yeongmi0****************,26773624.513~26783272.849,전라북도 ***********,12386149.366~12390930.164
이**,70021*********,010-*********,yeongil**************,11845900.378~11859333.194,강원도 홍*********,963672.378~967018.527
고**,07050*********,010-*********,gangdo*************,44414284.484~44442888.485,광주광역*******,2389262.986~2390307.189
구**,03061*********,010-*********,seonyeon******************,94678529.27~94689922.188,충청북도 ***********,23055817.46~23074481.904
이**,93092*********,010-*********,junyeo**************,39988135.326~40012232.74,경기도 ********,1635044.077~1636140.18
김**,82060*********,010-*********,qmin@***********,7807066.824~7816265.915,부산광역시 ***********,4538626.978~4541052.706
한**,60050*********,010-*********,eunseo8***************,97983092.878~98027675.842,광주광역********,23445674.708~23462629.056
서**,90012*********,010-*********,eungyeon*****************,11947589.513~11952191.912,인천광역*********,2028811.795~2030121.312
김**,03102*********,010-*********,wyu@yu************,43496336.712~43527082.836,광주광역********,1949647.185~1950880.347
이**,56050*********,010-*********,gimyej**************,92952648.747~92963076.501,대구광역********,18355939.768~18364840.991
강**,65012*********,010-*********,ijunyeo****************,73944785.538~73955490.26,울산광역시 ***********,6440849.88~6442188.681
김**,62062*********,010-*********,dohyeong****************,20968743.282~20985303.333,경상남도*******,545550.252~549144.252
박**,76021*********,010-*********,gimjihy****************,32716660.757~32735304.9,서울특별시*********,3507105.035~3509927.766
황**,01121*********,010-*********,jeongs***********,96035626.976~96044964.571,충청남도 ***********,3700667.29~3706375.782
송**,91032*********,010-*********,kseo*******,6329372.163~6355835.166,전라남도 ***********,1601302.705~1604083.315
김**,51010*********,010-*********,jinhob*************,45877780.958~45907572.65,전라남도 ***********,1539888.952~1540585.282
이**,86101*********,010-*********,yeong**********,65428423.327~65440657.834,전라북도 ***********,10502428.878~10504797.89
윤**,95112*********,010-*********,sugja*********,16438822.628~16461258.259,제주특별자***********,3036562.534~3038904.363
이**,64032*********,010-*********,doyunba****************,98748018.944~98757064.747,전라남도 ***********,17714878.293~17725478.568
이**,88062*********,010-*********,subingi****************,93989028.586~93998232.118,전라남도 ***********,18678631.705~18682321.021
김**,82120*********,010-*********,yeongil**************,2931543.763~2952564.784,세종특별자치*************,531817.822~531976.359
차**,07020*********,010-*********,jeongsug****************,65129914.857~65162067.495,충청북도 ***********,39256505.05~39306012.888
안**,66011*********,010-*********,rbag@y*************,69919021.982~69933835.501,울산광역시***********,32052237.562~32088002.346
박**,85081*********,010-*********,seoyeon1****************,8946421.248~8954455.984,울산광역시 ***********,556452.228~558002.968
김**,77120*********,010-*********,seungmin****************,82546839.54~82575196.668,부산광역시 ***********,1076158.466~1078224.464
김**,13121*********,010-*********,yeonghyi*****************,80567458.066~80584291.808,세종특별자치*************,17568368.905~17578132.798
박**,75061*********,010-*********,sujingi****************,39251808.761~39263765.234,경상북도 ***********,19622370.35~19629023.026
이**,57012*********,010-*********,areum*********,48165567.86~48170760.914,충청남도 계***********,2452070.695~2457788.213
백**,60080*********,010-*********,sunja60**************,29150607.821~29159099.228,부산광역*********,13801167.826~13803716.57
이**,67021*********,010-*********,jgim@j************,44748557.722~44762884.966,대구광역시*********,2985872.796~2987342.525
홍**,69081*********,010-*********,simjihy**************,59296985.208~59326469.037,경기도 ********,4008782.587~4011034.155
김**,66112*********,010-*********,gimmije***************,96430394.888~96440691.828,울산광역********,21783398.241~21787987.031
김**,72073*********,010-*********,munhae*************,33721221.742~33729310.1,대구광역********,5402521.991~5408135.434
김**,07121*********,010-*********,wi@ba*********,87042110.279~87064230.722,울산광역********,3997705.15~3999145.362
안**,99070*********,010-*********,haeun35**************,13266171.522~13273827.261,충청남도 ***********,1687537.44~1688922.413
양**,10101*********,010-*********,seongmi**************,77295931.962~77312145.242,인천광역*********,23400902.411~23415778.551
박**,09031*********,010-*********,areum13**************,56767901.388~56810797.223,세종특별자치*************,27326195.802~27354122.544
김**,73110*********,010-*********,ujin*********,20772509.381~20786509.839,대전광역********,6766923.182~6777188.941
황**,79062*********,010-*********,gyeong**************,55265096.836~55279506.011,울산광역********,19979900.812~19987185.258
홍**,07052*********,010-*********,coejihye****************,70075494.887~70085174.709,전라북도 ***********,5047355.095~5052567.949
김**,55022*********,010-*********,pjang@*************,77275897.914~77295931.962,강원도 고**********,2710487.147~2711840.638
김**,00022*********,010-*********,fcoe*********,62978257.543~62998060.341,전라북도 ***********,28987297.2~28989748.614
조**,95120*********,010-*********,eunse**********,40108939.938~40124460.226,서울특별*********,19689315.254~19694916.791
김**,12092*********,010-*********,gimgye************,64590096.444~64598207.91,경상남도 ***********,26172160.378~26179816.584
류**,14091*********,010-*********,minji5************,5081260.528~5105809.8,경기도 안**********,153824.572~155206.671
황**,99072*********,010-*********,ngim*******,91197097.285~91225930.855,전라북도 ***********,1768037.4~1768451.372
김**,60090*********,010-*********,rgim@g************,53067324.189~53088439.293,제주특별자치*************,2160453.025~2162483.037
김**,94100*********,010-*********,jiyeon***********,68838403.328~68855703.372,대전광역********,38143127.738~38192985.718
강**,14081*********,010-*********,yeongceo******************,6501341.243~6516613.276,전라북도 ***********,2822773.611~2829465.626
김**,56062*********,010-*********,haeunba**************,92284275.376~92290251.059,제주특별자치**************,24080942.54~24099253.667
최**,13102*********,010-*********,jeongnam****************,29294626.99~29319211.23,제주특별자치**************,8323387.418~8327685.281
이**,95092*********,010-*********,yejun64***************,78679064.527~78713592.784,경기도 *******,31755864.46~31774193.843
윤**,47060*********,010-*********,gwagyew**************,14771046.315~14784663.973,부산광역********,4536616.694~4537792.012
김**,12082*********,010-*********,junse*********,52837841.459~52881503.4,울산광역********,590863.154~591988.56
박**,59090*********,010-*********,kheo*********,38641613.397~38655234.918,경상남도 창*************,601695.937~602422.79
박**,95052*********,010-*********,hyeonj************,93052548.992~93060348.603,광주광역*********,9141087.114~9142858.725
배**,01012*********,010-*********,janghyeo******************,95113553.458~95125740.861,울산광역********,1851013.349~1851836.837
양**,92082*********,010-*********,gweons**************,95521025.257~95525484.079,대전광역*******,43835263.704~43867918.276
박**,99010*********,010-*********,jiui@j*************,72752499.505~72774781.73,대전광역*********,10763915.317~10777263.657
한**,55080*********,010-*********,coeseo**************,4002336.285~4006770.1,전라남도 ***********,1443316.824~1447017.224
권**,03090*********,010-*********,byeongc****************,23518650.664~23558389.588,충청북도 ***********,5923453.819~5927260.685
손**,56081*********,010-*********,zbag@*********,97233797.806~97246316.939,경기도 평**********,7724534.087~7729731.354
양**,74122*********,010-*********,jiyeong***************,12838219.022~12842893.703,충청남도 ***********,596011.873~597170.686
나**,74022*********,010-*********,yeong***********,21523198.049~21548980.581,대구광역시*********,9142858.725~9146681.635
김**,53122*********,010-*********,ijie*********,58351873.675~58376308.441,광주광역*******,4460182.636~4461319.229
김**,51021*********,010-*********,donghyeo*****************,30601673.156~30627452.586,인천광역********,20597287.328~20610234.68
이**,52030*********,010-*********,iyeongsi****************,49124306.641~49138238.241,제주특별자치**************,3021385.952~3022309.934
김**,56032*********,010-*********,jiyeo**********,56018081.418~56026767.571,울산광역시 ***********,15867834.571~15875055.392
최**,58031*********,010-*********,jeongh***********,89288164.415~89294374.724,대전광역********,31755864.46~31774193.843
전**,79120*********,010-*********,jiyeo**********,19501069.002~19504176.805,전라북도 ***********,2120008.198~2122396.147
이**,49121*********,010-*********,subin45****************,74616522.273~74623766.163,세종특별자치*************,42741814.05~42782313.274
박**,79082*********,010-*********,yunseo74*****************,94347674.516~94361940.774,경기도 용**********,20705283.521~20719507.46
김**,13091*********,010-*********,coesugj***************,14387972.037~14415125.392,제주특별자치*************,3691162.391~3694126.678
이**,76052*********,010-*********,seonghun*****************,78934769.551~78942517.61,세종특별자치*************,14608336.645~14614859.146
최**,83040*********,010-*********,tgim@j************,3894664.192~3949488.637,전라남도 ***********,339565.839~341990.037
김**,92120*********,010-*********,vi@*****,5081260.528~5105809.8,광주광역*********,1810978.347~1812904.464
전**,70031*********,010-*********,eunju2************,50190180.633~50203711.759,경상북도 ***********,836703.03~837585.22
김**,89100*********,010-*********,ngim*******,31560029.798~31597362.605,충청북도 ***********,10043646.165~10052490.574
노**,86061*********,010-*********,haeun69***************,39440836.183~39451236.374,전라남도 ***********,8679850.12~8688643.615
양**,67091*********,010-*********,jiyeonm**************,89566519.504~89580074.782,충청북도********,27831214.749~27839078.712
이**,15011*********,010-*********,bagyeon****************,4136842.013~4141875.17,광주광역********,633788.27~638916.618
김**,88080*********,010-*********,yujin11***************,89219449.073~89264378.922,강원도 정*********,16239450.223~16243471.354
오**,84112*********,010-*********,jan@yu***********,11919345.622~11922183.105,강원도 양**********,6490447.899~6493514.861
박**,71010*********,010-*********,jihye*********,95292141.969~95298747.182,대구광역*********,47823042.82~47940981.411
박**,65072*********,010-*********,seoyeo*************,49261169.553~49300573.112,울산광역********,16424707.562~16432835.187
김**,94122*********,010-*********,myeongj****************,40309714.472~40342466.05,전라북도 ***********,5025365.587~5038237.492
장**,68083*********,010-*********,hyeonjeo******************,49869917.748~49896777.266,충청남도 ***********,108540.857~109006.882
김**,01051*********,010-*********,caeweo*************,10673195.018~10683318.866,전라북도 ***********,4357564.751~4360813.4
이**,71070*********,010-*********,jeongsun******************,48442774.297~48465139.898,인천광역시 ***********,7245384.835~7255674.301
최**,75031*********,010-*********,jongs*********,37960177.762~37969783.26,대구광역*********,4077202.966~4082174.649
류**,49021*********,010-*********,jungs**********,14813915.79~14824136.363,제주특별자치*************,268451.096~269836.683
김**,56111*********,010-*********,seonghu***************,21231618.578~21243743.792,전라남도 ***********,217441.965~218915.7
김**,55071*********,010-*********,myeong*************,89745827.966~89762423.374,울산광역********,4786046.837~4800307.4
최**,52022*********,010-*********,junhye************,57874032.409~57913577.976,충청북도 ***********,9959011.408~9962329.432
이**,64122*********,010-*********,gyun*******,66372186.07~66389714.593,광주광역*********,41300793.492~41373193.291
이**,63062*********,010-*********,seongh************,48570819.677~48592376.282,전라남도 ***********,2394452.965~2397842.663
전**,12111*********,010-*********,sujin0************,94065921.895~94089461.467,대전광역********,29901653.883~29937215.626
서**,10062*********,010-*********,oyeeu**********,95835830.57~95845251.801,전라남도 ***********,2978101.863~2979276.136
송**,70040*********,010-*********,jeonghyi******************,24322012.782~24334927.674,광주광역********,3627371.034~3629801.052
송**,89020*********,010-*********,gimji*********,37591784.682~37615041.507,울산광역********,9064392.748~9067406.479
박**,56031*********,010-*********,jiyeongb*****************,66389714.593~66418282.899,대전광역********,42381438.477~42449197.529
안**,06042*********,010-*********,minsui**************,36803642.02~36824680.496,세종특별자**********,5184917.466~5190315.202
김**,63110*********,010-*********,jaehoi@**************,21313453.673~21333960.539,서울특별*********,12147750.873~12158387.148
성**,52011*********,010-*********,subin65***************,17573743.291~17602927.782,울산광역********,4258588.713~4261005.693
장**,81112*********,010-*********,sumin41**************,5478980.345~5503120.099,제주특별자치*************,2360708.871~2361604.466
김**,62010*********,010-*********,bo@jus***********,92840425.308~92862606.807,제주특별자치*************,5262321.592~5267962.779
김**,83040*********,010-*********,hyeonjun*****************,83300421.88~83303721.912,부산광역시*********,195465.557~196590.844
이**,13011*********,010-*********,ki@ju***********,94868903.329~94873100.874,전라남도 ***********,28110847.832~28128623.002
김**,71050*********,010-*********,gimeu**********,67276352.324~67283955.11,인천광역시 ***********,10109852.061~10114053.886
고**,79120*********,010-*********,coejih***********,49837677.523~49869917.748,세종특별자치*************,10962278.902~10966995.0
김**,07012*********,010-*********,minse***********,6768481.436~6791864.37,경상북도 ***********,1168978.324~1169650.093
박**,90020*********,010-*********,myeong************,86126124.631~86134092.722,광주광역********,11319221.985~11328694.405
이**,83083*********,010-*********,yeong***********,28167915.531~28212812.671,경상북도 ***********,2478491.137~2481000.758
문**,91032*********,010-*********,eunjijeo****************,32234238.208~32245348.608,경기도 ********,10457883.748~10466828.952
박**,47031*********,010-*********,seonye************,90966434.978~90996245.953,경기도 *******,9422261.274~9430196.846
조**,73020*********,010-*********,vgim@**********,4461329.638~4490443.8,울산광역********,1109872.819~1111499.841
서**,04032*********,010-*********,sanghung****************,32534494.445~32535849.852,대구광역********,416214.703~417158.259
김**,07101*********,010-*********,gangsun**************,39787370.076~39813280.695,부산광역시*********,5069419.276~5071404.088
하**,72091*********,010-*********,hjeo*******,10578807.317~10591921.118,경상북도********,251593.708~252343.373
박**,67033*********,010-*********,gimseo************,7830944.774~7852184.77,울산광역********,4751774.535~4754502.58
권**,76031*********,010-*********,coejeon****************,87196033.41~87222838.017,경기도 안**********,22147570.16~22169783.067
김**,83100*********,010-*********,gyeongja*****************,12120248.446~12139590.336,광주광역********,1273657.053~1274752.709
김**,06050*********,010-*********,boramh*************,74686038.782~74723376.876,전라남도 ***********,5855966.711~5860710.736
권**,58042*********,010-*********,haeun**********,83610570.396~83627045.549,인천광역시*********,31075094.638~31112232.662
이**,71072*********,010-*********,namyeong****************,16597788.102~16613370.554,인천광역시*********,2461839.632~2466548.838
박**,77060*********,010-*********,ygim@j*************,25846725.165~25866438.017,전라남도 *********,1523366.641~1523922.42
김**,67091*********,010-*********,areumco***************,68650829.627~68665862.15,경상북도 포*************,10360290.397~10366950.356
최**,52020*********,010-*********,seungh**************,6896227.67~6910057.71,충청북도 청**************,2041944.494~2045383.453
김**,04120*********,010-*********,jeonghu**************,3488559.446~3500044.086,서울특별*********,919459.413~922666.239
임**,14060*********,010-*********,hanseo************,57843823.077~57863928.33,제주특별자***********,5361120.053~5363251.554
배**,73123*********,010-*********,ggo*******,47867027.126~47885627.102,울산광역********,11885149.007~11908997.356
박**,02051*********,010-*********,leom@**********,37011934.015~37031820.932,대전광역********,860711.095~862649.94
황**,67011*********,010-*********,sanghyeo******************,74466156.109~74491773.446,전라남도 ***********,3831316.777~3831963.999
이**,92011*********,010-*********,geonu*********,41633178.659~41644752.252,대구광역시*********,5173311.94~5181316.502
김**,71100*********,010-*********,yeeuni@**************,71443717.874~71450550.544,전라남도 ***********,39306012.888~39344517.826
주**,98081*********,010-*********,ogsuny************,81426751.184~81446791.053,세종특별자치*************,36876257.156~36907729.007
허**,93112*********,010-*********,gimjeo************,18432386.016~18444595.888,강원도 인**********,1739139.613~1744191.525
이**,70041*********,010-*********,heoseong*****************,80437067.07~80459506.79,경상남도 ***********,33158769.36~33205991.8
최**,44042*********,010-*********,yeongm************,63349327.807~63363082.496,경기도 수**********,30407256.86~30459415.156
김**,72121*********,010-*********,gyeongs***************,52521203.802~52542974.619,울산광역********,15426136.571~15431900.46
진**,62052*********,010-*********,guminse**************,79375152.324~79382219.219,충청남도 계***********,11068009.343~11074507.417
류**,81031*********,010-*********,seunghye*****************,38119532.043~38125304.291,울산광역시 ***********,4008782.587~4011034.155
주**,62061*********,010-*********,ohong@*************,16021647.335~16029798.78,강원도 홍**********,1730463.92~1732624.522
심**,91041*********,010-*********,nodongh***************,54332625.768~54348368.919,울산광역********,986595.091~990352.979
안**,59122*********,010-*********,hyejinj****************,44193446.902~44208478.494,인천광역*********,2648749.824~2651009.782
류**,03122*********,010-*********,imyeon************,98170809.547~98208726.091,강원도 인**********,7773836.185~7778137.856
이**,69121*********,010-*********,gohyeo***********,93318010.954~93346766.512,경기도 *******,12174686.467~12177380.99
이**,62073*********,010-*********,jungsuj**************,2466432.24~2480386.754,경상북도 ***********,1499708.891~1501652.897
김**,49042*********,010-*********,junhy***********,17112341.937~17116853.991,대전광역********,11768663.543~11771112.028
김**,90082*********,010-*********,jia16***********,69703443.912~69734520.312,세종특별자치*************,16823536.998~16842725.71
류**,10121*********,010-*********,bagyeo************,73074918.735~73078931.452,경기도 고***********,25410179.392~25436247.771
김**,64011*********,010-*********,vi@ba***********,86203000.213~86223863.891,충청북도 ***********,5454662.911~5463120.06
송**,02042*********,010-*********,isun********,89476930.334~89479997.002,부산광역*********,29387805.283~29410056.718
최**,70100*********,010-*********,jongs***********,93828201.272~93836670.027,세종특별자**********,1294069.296~1295919.044
이**,45042*********,010-*********,junhy***********,93196755.035~93209422.502,경상북도 ***********,41267875.926~41300793.492
강**,56101*********,010-*********,jeongsi****************,13504056.91~13511968.424,제주특별자치**************,839636.384~841886.954
안**,45062*********,010-*********,sgweon*************,32603265.668~32623708.268,인천광역시*********,11131249.791~11143110.941
최**,72040*********,010-*********,lan*******,8472582.83~8478647.72,충청북도 충***********,3820227.288~3823763.544
이**,64072*********,010-*********,jihyegi***************,74858718.148~74870548.284,부산광역*********,3876035.717~3880644.426
박**,73070*********,010-*********,jinugim**************,59768484.263~59793951.083,세종특별자치*************,18507464.01~18513011.714
이**,46122*********,010-*********,ci@so**********,29104001.163~29123131.325,대전광역*********,2100156.466~2101822.254
김**,63082*********,010-*********,bagseoy****************,72049261.06~72059511.16,울산광역시 ***********,3328015.795~3331405.347
이**,66072*********,010-*********,ujo@ju***********,47036535.924~47065561.771,경상북도 ***********,21412056.809~21420923.906
이**,61062*********,010-*********,sonyeon***************,20416909.604~20456061.138,울산광역********,8740702.562~8743440.543
최**,73100*********,010-*********,tbag@**********,9181941.59~9186835.15,경상북도 ***********,2812015.398~2814706.312
최**,09121*********,010-*********,bagjihy****************,76573325.478~76596630.838,울산광역********,40370120.78~40445752.288
배**,78090*********,010-*********,fgim*******,67161483.496~67171397.982,광주광역********,13238456.582~13258274.996
안**,86111*********,010-*********,bagjinu***************,95955523.378~95961289.265,경상남도 창원***************,45459875.5~45477749.993
이**,85121*********,010-*********,jiai@j*************,44325356.83~44335062.246,제주특별자치*************,19499330.841~19502719.737
김**,67020*********,010-*********,usong*********,94753019.912~94766978.014,부산광역시 ***********,38192985.718~38202385.494
최**,69111*********,010-*********,yeongh*************,3720234.387~3747155.624,충청북도 ***********,110887.324~111073.925
조**,97050*********,010-*********,miyeong**************,41831173.467~41841466.731,경상북도 ***********,4742573.506~4744556.063
김**,78080*********,010-*********,gimjeo************,22753568.837~22764572.042,대구광역시 ***********,2472046.201~2474680.08
문**,96062*********,010-*********,seonyeon****************,78635378.93~78650734.419,울산광역시***********,32580310.518~32620204.457
이**,55060*********,010-*********,bagjeo************,57432702.9~57442937.295,전라북도 ***********,1490375.925~1494663.587
박**,01112*********,010-*********,jgim@y************,59723976.954~59739343.286,인천광역시***********,20414597.772~20419989.46
송**,57123*********,010-*********,bagseoj**************,57868323.881~57874032.409,세종특별자치*************,2767190.283~2770436.808
이**,86010*********,010-*********,haseong****************,30601673.156~30627452.586,대구광역*********,9831301.22~9832605.912
이**,55101*********,010-*********,mi@b*********,16991577.632~17014214.618,충청남도 **********,1577108.57~1578816.342
김**,70012*********,010-*********,gangj**********,54538552.436~54581849.199,세종특별자치*************,9832605.912~9834312.312
안**,84072*********,010-*********,yeongs***********,5391586.979~5432482.054,경상남도 **********,1022389.951~1024313.98
이**,82022*********,010-*********,qgweon@**************,76110685.456~76140356.809,제주특별자치**************,8888232.242~8896939.032
김**,72052*********,010-*********,ru@*******,83880835.66~83891580.26,세종특별자치*************,13644917.096~13656818.219
오**,86011*********,010-*********,yeeun**********,57460454.759~57485325.928,대전광역********,15212645.063~15215122.996
문**,54092*********,010-*********,kjang@**************,20028479.091~20063814.138,인천광역시 ***********,1008475.099~1011861.355
이**,44052*********,010-*********,seongs************,13370390.08~13408597.074,강원도 고*********,4709978.486~4713292.076
김**,90011*********,010-*********,hayunb**************,14415125.392~14446817.051,인천광역********,1504654.043~1505511.417
강**,99120*********,010-*********,minjunc****************,93911833.676~93933045.408,제주특별자치*************,8284131.115~8285363.458
김**,45111*********,010-*********,qry*******,13648532.552~13656190.699,강원도 *******,3404003.971~3408162.8
이**,82052*********,010-*********,rgim@y*************,55265096.836~55279506.011,세종특별자치*************,16811449.578~16812716.021
윤**,71080*********,010-*********,isangce****************,50445509.138~50484407.411,부산광역********,15045495.989~15059894.171
성**,52112*********,010-*********,gimhae*************,89679552.814~89683334.935,경상북도 ***********,8465926.112~8470584.645
최**,97082*********,010-*********,gweonye**************,25259445.284~25264348.45,광주광역*********,1979060.214~1986569.002
김**,02080*********,010-*********,eryu@***********,20845104.404~20859388.986,부산광역시**********,4258588.713~4261005.693
송**,55080*********,010-*********,mseong**************,47643667.358~47696682.51,대전광역********,12938784.827~12945811.124
박**,62080*********,010-*********,junyeon****************,89119429.12~89151975.715,인천광역시*********,3483174.375~3484290.229
우**,03032*********,010-*********,yeongj**************,58643698.582~58670037.076,부산광역시*********,3262855.635~3264932.64
김**,68121*********,010-*********,boram**********,42218242.341~42251366.545,전라남도 ***********,1343921.134~1344634.79
이**,68102*********,010-*********,yunyeji****************,96481368.086~96484677.366,전라남도 ***********,31229183.325~31265753.506
박**,90120*********,010-*********,rgim@**********,25070865.636~25101827.339,전라북도 ***********,1360097.339~1361196.408
이**,68031*********,010-*********,jeong***********,52717942.622~52752054.776,제주특별자치*************,13890320.103~13900198.525
민**,01071*********,010-*********,jiweon7****************,6910057.71~6918020.746,울산광역********,381146.171~382306.956
박**,14041*********,010-*********,wcoe@***********,93042712.789~93052548.992,세종특별자치*************,11984811.19~11989611.973
이**,95081*********,010-*********,minse**********,22108990.075~22111822.557,울산광역시 ***********,2996644.661~2999264.36
이**,92062*********,010-*********,bagjeo***********,26407674.08~26424949.75,경기도 안**********,5190315.202~5196359.649
이**,60090*********,010-*********,lgim@a***********,2916584.776~2931543.763,충청북도 ***********,378193.973~378331.181
한**,12070*********,010-*********,eungye*************,43785941.253~43818730.472,충청북도 ***********,5160872.235~5163524.995
김**,86052*********,010-*********,pson*********,31632979.496~31647818.258,서울특별*********,3018658.664~3020045.15
구**,02041*********,010-*********,migyeon**************,59580660.588~59589928.559,전라북도 ***********,313440.206~313922.331
이**,96030*********,010-*********,junseogi****************,79190985.009~79213521.529,인천광역시 ***********,17550763.566~17556263.441
오**,95021*********,010-*********,hyeonji8****************,49138238.241~49167962.915,대구광역*********,26969844.244~26976532.784
장**,95030*********,010-*********,isuj*********,71012086.996~71030479.978,부산광역시**********,5623911.282~5626961.414
이**,44110*********,010-*********,gno@ju************,15156135.21~15176732.786,인천광역********,5902797.326~5905461.244
장**,61051*********,010-*********,haeune************,56125700.765~56157264.95,강원도 *******,14554216.106~14562128.326
조**,51060*********,010-*********,ebag@*********,41724151.4~41739544.307,울산광역********,589055.676~590863.154
고**,92051*********,010-*********,minjunr****************,41088453.959~41105151.734,경상남도 ***********,17089528.939~17113468.48
권**,57061*********,010-*********,gangsa**************,97138937.621~97146700.103,제주특별자치**************,6289976.1~6297841.666
김**,07120*********,010-*********,jungs*********,67161483.496~67171397.982,인천광역********,6756737.283~6760721.519
박**,44112*********,010-*********,ngim*********,95845251.801~95873511.781,경상북도 ***********,67068057.118~67238888.578
이**,97070*********,010-*********,anmigye****************,68838403.328~68855703.372,충청북도 청**************,4706859.819~4709978.486
김**,75021*********,010-*********,gimseo*************,7196921.61~7222826.665,세종특별자치*************,3347013.3~3350875.621
김**,94122*********,010-*********,yeongja****************,68821267.92~68838403.328,전라북도 ***********,16016753.837~16029663.73
김**,99043*********,010-*********,wgim@y**************,49743512.685~49796899.763,울산광역********,24142119.104~24171151.478
김**,87080*********,010-*********,jeong**********,25312610.658~25374754.794,부산광역********,11337231.872~11339068.818
최**,74120*********,010-*********,yeongsu***************,25264348.45~25279455.75,충청남도 ***********,7112830.567~7116755.255
허**,87082*********,010-*********,xgim*******,65238379.068~65247576.212,경기도*******,19232702.291~19238065.954
김**,99090*********,010-*********,yunsubi***************,85417456.197~85419028.359,경상북도 **********,48290414.566~48320315.893
지**,81021*********,010-*********,cgim*******,23379473.248~23393166.873,전라북도 ***********,525568.242~525954.141
남**,91042*********,010-*********,bagyeon***************,6552619.115~6559764.786,서울특별*********,656561.646~658263.668
안**,99103*********,010-*********,jia00@***********,4083933.065~4120890.445,대구광역시 ***********,1787047.176~1789746.465
김**,80121*********,010-*********,jimini@**************,15350590.927~15352454.228,제주특별자치**************,5056910.66~5059148.155
김**,79090*********,010-*********,bbag@y*************,31037541.727~31061244.796,부산광역시*********,17113468.48~17124553.351
남**,87072*********,010-*********,gimsang**************,90208195.018~90232628.669,인천광역시*********,39208310.004~39256505.05
김**,99010*********,010-*********,baghyeo****************,35364687.446~35377329.39,경상북도 ***********,4115440.582~4118735.081
이**,62092*********,010-*********,jeonghy***************,95901376.637~95919974.584,대구광역********,50983585.654~51057410.078
차**,79081*********,010-*********,iyeong************,61160754.683~61174993.544,전라북도 ***********,7375975.48~7380439.606
한**,95051*********,010-*********,lheo@**********,91149159.454~91153503.24,전라남도 ***********,3038904.363~3040273.57
한**,78081*********,010-*********,seongh***********,29571289.428~29598150.652,세종특별자치*************,601695.937~602422.79
김**,76122*********,010-*********,gimj*********,97296815.665~97312640.627,전라남도 ***********,1459244.678~1461193.699
김**,87051*********,010-*********,jeongn*************,44845729.841~44847146.666,충청남도 ***********,9976109.038~9981915.894
최**,04031*********,010-*********,hanyeon****************,34139023.95~34162681.578,서울특별시*********,10756861.885~10763915.317
김**,72013*********,010-*********,yeji9**********,39112790.671~39153870.134,경상북도 ***********,26172160.378~26179816.584
김**,52040*********,010-*********,siu0********,58568624.805~58594497.916,경상남도 ***********,31721798.716~31729550.778
이**,99040*********,010-*********,ci@yu***********,81841371.818~81911168.958,광주광역********,12788922.276~12796396.675
김**,64121*********,010-*********,eunseo7****************,80940133.611~80986304.11,대전광역*******,6481188.614~6487924.465
이**,59012*********,010-*********,lhwan**********,14446817.051~14492434.816,울산광역********,1963746.482~1966491.904
정**,83061*********,010-*********,munjieu****************,13781706.625~13794051.39,경기도 안**********,341990.037~344656.567
김**,81042*********,010-*********,hyeonjunj*******************,73074918.735~73078931.452,전라남도 ***********,34007904.556~34036119.213
김**,54072*********,010-*********,gimyeji***************,33008331.752~33031514.741,대전광역*********,4905284.483~4909641.084
김**,81102*********,010-*********,ngi*******,93690662.336~93696636.89,충청남도 ***********,50563966.587~50724816.565
이**,88032*********,010-*********,wgim@j*************,48165567.86~48170760.914,대전광역*********,5618347.621~5623911.282
김**,62011*********,010-*********,simmiye**************,11827171.8~11830924.847,강원도 고**********,337885.301~339565.839
윤**,90022*********,010-*********,yeeu*********,19095183.786~19114709.74,강원도 춘**********,3989894.63~3995004.194
박**,47080*********,010-*********,seungh************,33070462.479~33085956.145,전라남도 ***********,9533396.63~9541296.282
노**,97121*********,010-*********,tna@*********,2011955.999~2057609.903,제주특별자치*************,894672.536~896386.389
김**,08102*********,010-*********,gyeong***********,48330456.243~48347761.644,광주광역********,4140527.665~4145920.856
이**,50081*********,010-*********,jeonghun*****************,51618165.781~51631499.928,세종특별자치*************,22381790.48~22428410.84
조**,88061*********,010-*********,ai@*******,72170965.058~72190186.911,전라북도 ***********,1940182.049~1943077.493
황**,63042*********,010-*********,bagye**********,50147519.039~50190180.633,인천광역********,12704220.22~12725978.144
박**,69111*********,010-*********,hbag*******,82712281.924~82723847.373,경상북도 ***********,59748581.371~60402299.283
홍**,57100*********,010-*********,jungsu**************,65247576.212~65284937.563,세종특별자치*************,3752677.365~3755358.391
하**,60091*********,010-*********,ai@i********,12798088.327~12805452.203,경상북도 **********,6339908.535~6349604.2
김**,44072*********,010-*********,yeong***********,36506592.365~36518959.552,대구광역*********,3350875.621~3354178.713
안**,79101*********,010-*********,yejinco****************,37116068.645~37125660.431,대전광역*********,3367998.023~3377409.096
김**,85101*********,010-*********,eungyeong******************,88837395.686~88854030.854,전라북도 ***********,18323265.4~18334847.131
박**,10082*********,010-*********,noyejun**************,78650734.419~78670245.688,경상북도 ***********,10042228.21~10043646.165
김**,12090*********,010-*********,ago@j***********,44597666.505~44608678.589,경기도 남***********,2966992.843~2970373.603
김**,72081*********,010-*********,hyeonum****************,86617902.591~86628328.196,제주특별자치**************,5569321.381~5574005.811
이**,84012*********,010-*********,gimjaeh****************,3312255.336~3320483.083,강원도 *******,780151.63~782469.608
윤**,57122*********,010-*********,zbag*******,31471632.964~31488418.054,광주광역*******,2999264.36~3002401.054
김**,49051*********,010-*********,sangh**********,5939033.62~5971335.386,경상남도 ***********,371585.252~372358.287
백**,96101*********,010-*********,eungyeon****************,18862336.986~18865706.838,강원도 삼**********,2763179.55~2763854.733
손**,82030*********,010-*********,yeji8**********,31545067.586~31560029.798,세종특별자치*************,14765838.304~14776020.256
박**,78111*********,010-*********,gimhy***********,2209838.706~2218684.973,전라남도 ***********,1052747.503~1053333.807
한**,63030*********,010-*********,minseo2****************,37918100.302~37919423.915,경상남도 ***********,1604083.315~1608280.014
박**,87061*********,010-*********,jeongs***********,7666320.882~7684094.912,전라남도 ***********,3480180.705~3483174.375
백**,70012*********,010-*********,gyeong***********,2834931.842~2852406.058,전라북도 ***********,1169650.093~1170520.76
이**,98031*********,010-*********,mgim*******,46600972.667~46620040.468,충청북도 ***********,25145911.393~25187779.826
이**,67072*********,010-*********,jiyeon*************,15723164.314~15760674.58,서울특별시**********,2679153.51~2679698.685
허**,77112*********,010-*********,caeweon***************,90665762.423~90690785.667,경상남도 ***********,1789746.465~1793501.943
김**,02061*********,010-*********,yeong***********,79511178.994~79568280.771,경기도 이**********,22499334.216~22518536.439
오**,86033*********,010-*********,junho*********,73658565.973~73678082.141,세종특별자치*************,26466379.961~26493576.429
김**,61110*********,010-*********,gimyej************,49349110.363~49358850.806,경기도 *******,19968068.168~19979900.812
최**,95082*********,010-*********,minjae1***************,10811942.656~10842380.151,대전광역*********,5102822.165~5107963.146
박**,78040*********,010-*********,isubi***********,87931976.465~87965025.734,경상남도********,1481669.13~1486032.052
류**,72061*********,010-*********,yuseon*************,76843124.594~76873782.038,충청북도 ***********,38143127.738~38192985.718
이**,03041*********,010-*********,jungsu*************,31209664.809~31222128.631,울산광역********,10457883.748~10466828.952
박**,70110*********,010-*********,gimhye***********,93088300.667~93120306.156,부산광역*********,7371953.235~7375975.48
오**,73121*********,010-*********,ei@ju***********,37638881.387~37659097.806,세종특별자**********,3060756.118~3067822.464
김**,73032*********,010-*********,jyu@ba**************,89566519.504~89580074.782,경기도*******,30974498.851~31030526.793
심**,94112*********,010-*********,gyeongsu*****************,91591326.142~91632512.869,경상북도 ***********,28253105.341~28268822.566
김**,54121*********,010-*********,igim@y*************,83837826.294~83863901.897,인천광역시 ***********,2072276.744~2076224.641
최**,94091*********,010-*********,jia3********,3500044.086~3519764.434,대전광역********,799430.53~802201.841
김**,52052*********,010-*********,gbag@y*************,41719721.303~41724151.4,충청북도 청**************,4729005.69~4731632.005
김**,91061*********,010-*********,jihye58***************,23393166.873~23426468.125,전라남도 ***********,1316029.688~1319218.928
박**,74040*********,010-*********,hyeonju****************,68163492.672~68170554.904,전라북도*******,27747530.776~27775137.095
임**,58010*********,010-*********,yeeun23***************,63674594.36~63693007.617,전라북도 ***********,13307869.316~13316247.541
민**,47082*********,010-*********,coejae************,3351553.427~3369653.715,인천광역*********,1001826.307~1002795.603
이**,93072*********,010-*********,gujunh*************,98472681.318~98484270.852,충청남도 ***********,23277561.863~23294746.415
김**,58011*********,010-*********,ijaehy**************,47761374.284~47770104.106,울산광역시 ***********,24394360.502~24409361.851
김**,61081*********,010-*********,donghy***********,18919753.283~18949826.149,경상남도 ***********,5196359.649~5205208.268
류**,82031*********,010-*********,vgim@j*************,47141804.693~47168603.569,충청북도 청**************,33410371.181~33472477.317
이**,69012*********,010-*********,sumin74**************,2337726.942~2362810.263,울산광역********,472141.704~472647.264
김**,98080*********,010-*********,kgi*******,76455541.176~76468363.016,제주특별자**********,52655974.058~52786984.026
이**,09112*********,010-*********,bagbora****************,63028601.501~63038992.379,전라남도 ***********,10327084.572~10330081.573
김**,45121*********,010-*********,jieungim****************,57940035.4~57961722.033,충청북도 ***********,26179816.584~26207229.587
최**,07042*********,010-*********,gimseo**************,71709269.953~71742643.213,서울특별시**********,33787225.94~33917107.539
이**,62091*********,010-*********,yi@bag************,57816497.196~57820007.648,제주특별자치*************,7518250.096~7520044.668
박**,04090*********,010-*********,jiyeong8****************,85942625.82~85963483.005,경상북도 ***********,10101234.616~10102378.403
민**,81030*********,010-*********,pheo@j*************,29958757.568~29978661.646,제주특별자치*************,4914058.27~4916574.678
신**,72040*********,010-*********,json*********,7754465.427~7771614.199,경상북도*******,990352.979~991645.777
이**,60070*********,010-*********,ijihye************,14268948.538~14287293.353,경상북도 ***********,203394.752~204921.453
장**,66090*********,010-*********,ri@o*********,73422083.605~73440932.096,울산광역*********,25464823.284~25480347.622
이**,53060*********,010-*********,jeongnam*****************,38133366.33~38136881.698,부산광역시*********,17783179.039~17788987.81
류**,91090*********,010-*********,junho26***************,36907336.435~36935719.882,충청남도 ***********,21036654.083~21047428.052
남**,67092*********,010-*********,yejin*********,26911550.354~26950487.834,경기도 성**********,6753429.738~6756737.283
김**,93041*********,010-*********,jeongsun*****************,7816265.915~7830944.774,대전광역********,1936386.89~1938619.616
최**,47071*********,010-*********,honghyeo******************,35737978.89~35757352.047,광주광역********,9533396.63~9541296.282
이**,05121*********,010-*********,hahyej*************,98374864.085~98386301.229,충청북도 청**************,5974725.799~5980204.056
이**,04082*********,010-*********,sgim*******,87157048.757~87162764.699,전라북도 ***********,12863723.146~12872384.276
이**,74071*********,010-*********,mi@******,68542089.311~68565304.831,서울특별*********,236344.197~238411.809
노**,77083*********,010-*********,hyu@********,54042160.35~54063057.648,충청남도 천**************,16491040.586~16496115.12
이**,46051*********,010-*********,jiu7********,2191386.388~2209838.706,경기도 안**********,453326.376~455012.039
서**,93100*********,010-*********,subin9************,12473247.231~12502758.517,경상남도 ***********,5314931.61~5316514.773
이**,64032*********,010-*********,gimeu**********,97905297.621~97924769.256,대구광역*********,16643196.036~16661848.231
이**,80082*********,010-*********,ngweon*************,62303537.36~62322826.79,인천광역*********,1395702.868~1396312.238
박**,83022*********,010-*********,haeun1*************,88859652.088~88871783.176,전라북도 ***********,32979840.526~33018453.772
이**,57031*********,010-*********,donghyeo*****************,23609061.924~23623519.426,서울특별시*********,2787012.685~2788457.029
박**,76112*********,010-*********,iminj*********,99918320.551~99940727.693,울산광역********,36796748.781~36802911.875
양**,06111*********,010-*********,tgim@g***********,86501863.785~86540460.096,인천광역********,17705821.126~17714878.293
남**,58120*********,010-*********,minsu7***********,26279755.842~26292725.794,부산광역********,3322763.389~3324851.918
박**,03021*********,010-*********,gimjiwe****************,37305295.198~37329819.409,광주광역********,358088.39~360512.817
김**,94082*********,010-*********,seonyeong********************,68542089.311~68565304.831,경기도 고**********,15141843.837~15145768.902
김**,48090*********,010-*********,vbag@*********,33551303.14~33580621.499,대전광역*********,7973365.875~7973559.494
손**,10051*********,010-*********,gyeongsug******************,7578338.111~7590178.573,서울특별*********,1245437.658~1246056.443
백**,89052*********,010-*********,pgim@j**************,19962687.83~19973217.439,강원도 *******,2373202.937~2379822.896
박**,85031*********,010-*********,bagyeo**************,41651093.246~41668495.756,전라북도 ***********,4580582.345~4591465.954
이**,71053*********,010-*********,gimjunhy*****************,15805446.248~15816243.948,경상남도 ***********,6043007.82~6046642.912
김**,79092*********,010-*********,jeongsig*****************,28677702.776~28688830.626,울산광역시 ***********,3862315.296~3864291.4
윤**,14102*********,010-*********,heohye*************,68066408.594~68107168.938,부산광역*********,21036654.083~21047428.052
강**,54081*********,010-*********,ni@******,51091647.518~51100084.042,인천광역시*********,19795694.938~19799613.389
백**,93020*********,010-*********,minseo*************,95752904.434~95761843.595,울산광역*********,32897549.421~32934426.925
심**,97120*********,010-*********,jeonghy***************,39948054.747~39965734.169,대전광역*******,16001024.49~16016753.837
김**,65112*********,010-*********,lgang@**************,26950487.834~27009959.028,세종특별자치*************,1433243.178~1434868.221
윤**,69120*********,010-*********,jungs**********,13874972.303~13911844.962,충청북도 ***********,4311056.023~4316543.813
한**,62020*********,010-*********,jeongsug****************,7804400.266~7807066.824,울산광역********,3793566.352~3795299.869
이**,60060*********,010-*********,minseo0****************,34674926.353~34692376.047,제주특별자***********,8404935.365~8409050.0
이**,70111*********,010-*********,heominse****************,2781280.165~2790849.53,서울특별시***********,850743.505~856387.906
김**,82022*********,010-*********,yujin*********,38282680.384~38290407.089,세종특별자**********,11934412.6~11939582.928
오**,55012*********,010-*********,hyeonji**************,68504011.734~68516156.401,광주광역********,4023446.917~4028902.392
김**,53050*********,010-*********,egim@j************,67900090.373~67923513.496,전라남도 ***********,23918842.718~23948787.146
심**,54041*********,010-*********,gimyeon***************,59241728.912~59249647.455,세종특별자치*************,27786190.542~27825585.772
김**,75071*********,010-*********,bagjimi****************,8083908.51~8102776.0,서울특별*********,2894898.79~2895671.095
남**,74042*********,010-*********,ijiyeon***************,23723349.07~23732365.924,전라남도 ***********,4283951.673~4286163.77
김**,81071*********,010-*********,gimsangh*****************,25305958.692~25312610.658,충청남도 ***********,2068274.673~2072276.744
류**,75041*********,010-*********,seoyeon***************,83023349.741~83048129.477,서울특별*********,6138423.082~6144260.286
박**,02071*********,010-*********,pi@jus***********,49498113.888~49516533.918,부산광역*********,10901306.931~10915583.258
박**,97080*********,010-*********,seong***********,30273094.693~30319304.908,인천광역********,4012619.023~4014440.53
김**,13031*********,010-*********,areum99***************,17321207.856~17332503.357,제주특별자치**************,1960177.545~1961814.056
윤**,58070*********,010-*********,ica*******,78124222.433~78140818.114,서울특별*********,6301999.297~6304896.718
이**,47022*********,010-*********,amin@***********,14076652.616~14080541.556,부산광역시*********,5131563.4~5133626.25
이**,76122*********,010-*********,subin**********,55867925.731~55880671.101,제주특별자치*************,21644998.976~21671814.304
서**,12071*********,010-*********,yeong***********,82920472.08~82929325.318,서울특별*********,43343061.922~43448530.979
이**,95111*********,010-*********,li@yuh***********,25238806.015~25251347.787,충청남도 ***********,2164219.859~2164919.052
박**,94090*********,010-*********,ngim*******,46740080.454~46744164.694,제주특별자치**************,21194024.594~21209954.635
배**,45090*********,010-*********,hyeonsug*****************,40727564.538~40749001.516,부산광역*********,814598.918~815579.733
안**,81012*********,010-*********,ijang***********,74723376.876~74764116.989,대구광역********,1486032.052~1488114.096
심**,62091*********,010-*********,jeongj************,8954455.984~8975580.88,경기도 성**********,1253124.338~1253209.492
김**,11091*********,010-*********,vji@*********,66557517.247~66586966.45,서울특별********,21298919.995~21310136.63
이**,49071*********,010-*********,hayun*********,86023498.01~86032496.179,경기도 용**********,36849503.116~36876257.156
이**,06120*********,010-*********,seonghun****************,97362123.424~97393266.896,세종특별자치*************,7794713.185~7804472.635
고**,49010*********,010-*********,jaehy***********,83863901.897~83880835.66,광주광역********,23969803.141~23991826.175
김**,88103*********,010-*********,jgim@*********,77383168.727~77402669.054,인천광역시*********,17416666.013~17420430.217
박**,14081*********,010-*********,jeonghung******************,45471957.369~45490078.494,전라북도 ***********,900596.092~902594.464
강**,66091*********,010-*********,iyeong************,86199776.119~86203000.213,세종특별자치*************,4283951.673~4286163.77
박**,44021*********,010-*********,jeongnam*****************,95733190.75~95752904.434,부산광역*********,31555895.237~31581623.238
최**,79031*********,010-*********,migyeo***********,12904738.537~12937062.031,세종특별자치*************,1425345.5~1425690.248
김**,91011*********,010-*********,lryu@**********,79799508.907~79825845.478,부산광역*********,18437876.204~18451932.976
박**,79032*********,010-*********,vi@g********,91167504.926~91197097.285,서울특별시**********,8297703.372~8306187.689
강**,65100*********,010-*********,sinogj**************,56529242.084~56542397.678,경기도 성***********,5340054.937~5344304.531
이**,70120*********,010-*********,igyeon***********,28510637.236~28533071.889,경상북도*******,658263.668~659230.098
류**,54121*********,010-*********,jinu*********,96499461.155~96507694.775,인천광역시 ***********,34444323.656~34452836.764
박**,47090*********,010-*********,jgim@g**************,68570999.308~68575678.298,광주광역********,1503781.272~1504654.043
이**,80061*********,010-*********,minjii@**************,23094434.508~23117378.208,대전광역*********,698506.685~701174.088
이**,14010*********,010-*********,ti@*****,36891291.235~36907336.435,충청남도 ***********,933731.223~934770.349
김**,82021*********,010-*********,jia89@***********,51744973.886~51765195.808,인천광역시 ***********,4430146.043~4438226.69
안**,51041*********,010-*********,gweone**************,11032706.181~11037229.09,전라북도 ***********,1254696.105~1255011.171
이**,75060*********,010-*********,junse**********,25101827.339~25118309.635,경상남도 ***********,1384481.155~1391622.392
양**,74032*********,010-*********,jiyeon***********,61379153.178~61404629.054,울산광역********,28425037.65~28466220.532
김**,52121*********,010-*********,gyeong************,63850099.724~63885668.785,인천광역시*********,358088.39~360512.817
이**,03062*********,010-*********,jiyeong7****************,52229825.742~52239722.169,대전광역*********,19295839.61~19300607.343
김**,82091*********,010-*********,cgim@y*************,48671623.208~48679435.726,서울특별*********,3476352.408~3480180.705
박**,65103*********,010-*********,gimjuny**************,67840572.449~67877311.002,경상북도 ***********,24171151.478~24179872.502
김**,74052*********,010-*********,xcoe@g************,56487907.875~56505446.221,충청남도 ***********,35154661.363~35177185.052
최**,76072*********,010-*********,gimsumi****************,99000632.307~99017511.661,경기도 ********,549144.252~549460.733
윤**,44033*********,010-*********,iyeon***********,94466139.08~94476706.767,충청남도 ***********,6304896.718~6317803.062
이**,74121*********,010-*********,sangceolg******************,42144382.507~42162869.836,부산광역시**********,5527316.43~5528866.306
김**,68060*********,010-*********,jiyeon*************,78341721.517~78354182.264,충청북도 ***********,19109619.419~19136538.375
오**,92112*********,010-*********,xgim@y*************,47988975.597~48012229.325,서울특별*********,862649.94~864162.614
문**,87062*********,010-*********,sujin62***************,97643213.744~97673641.6,경상남도 ***********,33410371.181~33472477.317
김**,02122*********,010-*********,misug9*************,89315176.134~89334026.611,경상북도 ***********,26318522.639~26329378.045
김**,73112*********,010-*********,jeongung******************,32855856.461~32877886.44,경상남도 ***********,8921809.444~8930446.462
최**,77041*********,010-*********,jeongs**************,46265106.782~46282456.285,강원도 인**********,19526496.443~19546230.814
윤**,99030*********,010-*********,ijeong**************,18747820.464~18751117.894,경기도 안**********,4122761.74~4128583.389
김**,69062*********,010-*********,bgim@*********,83231272.553~83261539.469,전라남도 ***********,49903912.618~50301540.467
김**,14082*********,010-*********,jinu47**************,95202126.941~95214363.144,경상남도 ***********,58464212.793~58779862.545
김**,06120*********,010-*********,rno@yu************,72152415.905~72170965.058,울산광역********,7165287.002~7171044.596
김**,52040*********,010-*********,yeonghyi*****************,71618956.444~71640343.799,제주특별자치*************,6011876.922~6019850.528
김**,59090*********,010-*********,simjeong******************,20547052.16~20557847.839,광주광역********,2188984.783~2199510.608
이**,86110*********,010-*********,ggim*******,92906797.184~92920421.024,서울특별시*********,46131051.625~46184136.263
박**,59070*********,010-*********,ycoe*********,10783268.309~10811942.656,경상남도 ***********,5291386.782~5296880.015
김**,12071*********,010-*********,tna@g***********,89453812.867~89476930.334,전라남도 ***********,31129615.65~31146300.309
김**,72022*********,010-*********,cunjag************,15643165.536~15657641.632,충청북도 **********,3520359.006~3521724.43
백**,57092*********,010-*********,jeongh************,15042308.795~15058076.704,세종특별자치*************,1281553.891~1283095.385
이**,74041*********,010-*********,jeongs***********,25305958.692~25312610.658,전라북도********,6596939.905~6606689.248
홍**,96120*********,010-*********,bagmisu****************,80258831.026~80284807.033,부산광역********,11674365.435~11691075.856
강**,80040*********,010-*********,hyeonjun*****************,48909422.238~48959310.563,울산광역시 ***********,381146.171~382306.956
서**,80123*********,010-*********,yeongsu****************,12064739.671~12075251.176,강원도 양**********,7908244.987~7911086.145
박**,69070*********,010-*********,scoe@**********,58594497.916~58613583.585,강원도 홍***********,360512.817~360968.986
김**,89070*********,010-*********,coeminse****************,29571289.428~29598150.652,경기도 수원***********,14548594.336~14554216.106
오**,07060*********,010-*********,jihun***********,87805762.776~87825246.369,인천광역********,16870738.82~16897763.579
권**,48030*********,010-*********,suminry****************,7702115.26~7738267.999,전라북도 **********,187722.605~189368.709
김**,12012*********,010-*********,sunja0*************,60591202.762~60608680.212,울산광역시 ***********,6939666.0~6944516.449
손**,64062*********,010-*********,jeongs***********,87590956.148~87609144.063,충청북도 ***********,35345255.974~35377745.484
김**,45070*********,010-*********,jinho***********,58931667.518~58952066.974,부산광역*********,32139239.825~32199225.403
이**,71120*********,010-*********,jimin0************,4692698.499~4735417.758,대구광역********,1120484.004~1123427.999
류**,66112*********,010-*********,fi@eo*********,73728590.056~73749793.598,경상북도 ***********,28676536.492~28720532.186
정**,53012*********,010-*********,zyun@**********,35136328.116~35182064.21,전라북도 전************,11031993.969~11037614.894
김**,59101*********,010-*********,ijeong**************,31854623.319~31888820.067,경기도 포**********,11572100.377~11580026.173
강**,78122*********,010-*********,jihye***********,16979263.81~16991577.632,부산광역********,7375975.48~7380439.606
이**,44042*********,010-*********,jiweo**********,3287579.659~3297431.337,전라남도 ***********,623254.456~624388.338
이**,90111*********,010-*********,seojeong*****************,60636788.486~60647261.363,경상남도 ***********,43541255.242~43638771.694
김**,45101*********,010-*********,hongsi***********,40667758.392~40679047.632,경기도 수**********,4685783.812~4688852.747
김**,71032*********,010-*********,jongs**********,71574068.148~71602547.55,대구광역********,45506468.99~45538879.398
이**,67060*********,010-*********,miyeo***********,4230777.188~4239652.181,전라남도 ***********,143133.63~144797.11
이**,51103*********,010-*********,hyeon**********,83109549.072~83118354.101,충청북도 ***********,3022309.934~3026548.114
강**,66062*********,010-*********,gimhae*************,47281105.999~47299734.766,광주광역********,7615591.029~7623905.846
윤**,67070*********,010-*********,wsong*********,76061729.385~76077855.142,부산광역시*********,45987552.578~46056101.57
김**,98070*********,010-*********,yejin**********,90455992.282~90506078.363,부산광역********,28755394.097~28760675.866
차**,96010*********,010-*********,yunji**********,60986539.56~60999456.723,경상북도 ***********,12105068.531~12106429.278
한**,61092*********,010-*********,hongyeong******************,25374754.794~25405435.566,강원도 횡**********,16253175.265~16260686.021
이**,45102*********,010-*********,jiu84@**************,24044410.686~24089722.32,서울특별*********,660087.859~661963.802
한**,99112*********,010-*********,hyeonj*************,85829895.98~85850541.283,전라남도 ***********,17834237.102~17854019.105
오**,55010*********,010-*********,gimgye***********,31123762.295~31150634.368,인천광역시*********,3665924.299~3667742.762
김**,48122*********,010-*********,vi@yu***********,29883516.641~29905530.291,충청남도 ***********,7409662.0~7412041.043
김**,78062*********,010-*********,jeongs***********,81237757.369~81263269.75,충청북도 ***********,39081729.39~39130677.906
심**,86021*********,010-*********,xmun@***********,33411717.316~33420032.002,울산광역********,17957296.0~17963395.224
이**,64031*********,010-*********,misu*********,68990608.962~69021672.465,경상남도 ***********,27257639.958~27276016.373
김**,73050*********,010-*********,gimseohye******************,86669878.126~86676255.609,대구광역시 ***********,34368122.674~34393935.603
이**,64071*********,010-*********,junseo**************,21659846.874~21684780.702,제주특별자치**************,9948651.889~9959011.408
이**,12123*********,010-*********,gimyeong******************,58613583.585~58643698.582,인천광역*********,1737061.043~1739139.613
박**,97020*********,010-*********,qbag*******,23031591.181~23076755.302,서울특별*********,604913.027~605885.771
오**,81052*********,010-*********,jinu44@***************,60999456.723~61005068.128,광주광역시*********,18890204.409~18898549.694
박**,00122*********,010-*********,jihye***********,39843258.997~39860672.186,세종특별자치*************,15775640.352~15794301.324
한**,87041*********,010-*********,cunja77***************,96584092.815~96618507.371,서울특별*********,16953465.874~16960158.188
이**,64112*********,010-*********,jiweon5***************,55147559.277~55173994.567,대전광역********,7692661.853~7697199.599
박**,63020*********,010-*********,gweoneu****************,14146177.499~14154343.38,울산광역********,534518.709~535703.65
신**,59011*********,010-*********,sujin65***************,90710276.132~90732523.984,서울특별********,3013549.039~3018658.664
이**,05031*********,010-*********,ri@******,55197936.316~55202197.614,강원도 양**********,19389353.53~19400896.582
김**,91070*********,010-*********,gimyeong*****************,64121472.14~64137901.084,충청북도 ***********,5995410.891~5997315.165
김**,73032*********,010-*********,gimdoyu***************,82233395.882~82268444.587,울산광역********,4420952.894~4422559.654
이**,61100*********,010-*********,mi@******,71746750.744~71772770.719,충청북도 ***********,10847000.93~10854683.321
이**,69070*********,010-*********,jiminhwa*****************,6662808.904~6681268.444,전라남도 ***********,335419.19~337674.395
김**,57101*********,010-*********,yeongceo******************,92191121.162~92216452.15,울산광역********,19176496.123~19189419.576
황**,91042*********,010-*********,yeongji***************,6523158.263~6530003.803,경상남도 창원***************,658263.668~659230.098
김**,47123*********,010-*********,gimjaehy*****************,49041834.803~49061923.732,경상북도 ***********,31353804.24~31362608.36
박**,61121*********,010-*********,jihy*********,50636315.872~50697660.339,충청북도 ***********,2560655.203~2566844.804
권**,94031*********,010-*********,jiu90**********,89679552.814~89683334.935,경기도 용**********,17294164.036~17307524.864
김**,06053*********,010-*********,jeonghu****************,88986038.908~89001243.857,세종특별자**********,53575237.979~53976860.57
김**,96091*********,010-*********,ogi*******,53276026.624~53295558.525,서울특별*********,5283114.36~5285589.72
김**,82050*********,010-*********,sjang**********,19198313.71~19236128.696,경상북도 ***********,1900361.284~1901016.734
김**,74053*********,010-*********,fi@gi*********,65732349.601~65739940.704,전라북도 ***********,10673384.355~10684087.178
문**,98013*********,010-*********,yejing**************,31760333.027~31776289.478,대전광역********,21382038.255~21389694.094
서**,75021*********,010-*********,si@c*******,59561180.517~59580660.588,세종특별자치*************,17150029.286~17165445.596
김**,88092*********,010-*********,minse**********,15485587.102~15491727.81,광주광역********,870672.014~873579.802
김**,70091*********,010-*********,yunseo**************,10974163.358~11023528.852,충청북도 ***********,3296746.539~3301832.93
박**,78102*********,010-*********,sumin7**************,42533819.207~42549096.119,세종특별자치*************,15104267.128~15121879.075
남**,78112*********,010-*********,osanghye*****************,17814865.223~17824896.39,충청북도 ***********,6466511.194~6470467.851
서**,56102*********,010-*********,seungmi**************,81339250.617~81357384.988,서울특별시***********,7129176.307~7134745.793
김**,73042*********,010-*********,hyeon***********,25830632.741~25846725.165,제주특별자치**************,14117543.239~14134958.122
강**,04071*********,010-*********,ngim*******,73300123.562~73353510.776,충청북도 ***********,14073035.721~14082247.805
임**,91091*********,010-*********,miyeo***********,89775732.648~89780547.249,강원도 *******,10635636.162~10639066.827
이**,73042*********,010-*********,myeongsu****************,43058218.554~43064590.802,부산광역시*********,16721862.315~16729046.997
오**,07090*********,010-*********,coecaew**************,8306755.346~8315279.139,대전광역*********,814154.397~814598.918
권**,56090*********,010-*********,jeongh***********,6479615.976~6501341.243,서울특별*********,1751385.758~1752540.684
김**,87060*********,010-*********,hyejini***************,99054643.016~99070264.62,서울특별*********,1697230.842~1698506.144
양**,51091*********,010-*********,jiminco***************,70167260.317~70198634.048,대구광역*********,26092490.776~26118558.31
문**,12120*********,010-*********,ni@*****,18996059.58~19031000.566,경기도 안*********,3322763.389~3324851.918
강**,99100*********,010-*********,cgim@j*************,26875235.439~26893733.523,제주특별자치*************,7196004.203~7198431.011
성**,51072*********,010-*********,nbaeg***********,11702489.757~11735797.771,전라북도 ***********,6559988.456~6563216.966
박**,76082*********,010-*********,sangceol******************,5675019.912~5679577.962,부산광역시 ***********,1078224.464~1083005.012
이**,45022*********,010-*********,usang***********,30455301.702~30460353.892,경상북도 ***********,166708.095~169534.357
장**,89100*********,010-*********,gwangsu8****************,72554747.186~72577912.936,대구광역*********,19009259.465~19017183.626
이**,89122*********,010-*********,gimmin*************,62028989.214~62057544.997,광주광역*********,1391622.392~1392471.382
서**,87091*********,010-*********,yi@gi**********,25054109.736~25060824.318,대구광역********,2430799.37~2431576.889
한**,02050*********,010-*********,gimjuwe****************,52646710.886~52688364.528,광주광역********,9058941.371~9064392.748
김**,61050*********,010-*********,junhye************,37105600.454~37116068.645,서울특별*********,6001857.158~6006260.024
박**,91071*********,010-*********,jongsu7****************,15943637.889~15949110.773,충청남도 ***********,3311460.063~3313642.526
김**,67021*********,010-*********,minseo**************,96963150.086~97006355.304,강원도 횡**********,38989548.693~39081729.39
오**,88121*********,010-*********,myeongja****************,86858975.2~86881593.77,부산광역시*********,21047428.052~21073811.656
손**,90092*********,010-*********,hgi*******,90807416.82~90823479.735,충청북도 ***********,27733624.261~27747530.776
김**,52030*********,010-*********,bagyewe****************,23076755.302~23094434.508,광주광역********,9234478.446~9238439.786
류**,88122*********,010-*********,gosang***********,34742666.398~34754359.35,전라북도 ***********,2738533.215~2740667.85
박**,73052*********,010-*********,isunj***********,77759709.628~77772820.287,경상북도 ***********,20815397.627~20849901.4
강**,51070*********,010-*********,eco*******,13633646.851~13648532.552,제주특별자치**************,298267.746~302857.379
박**,87050*********,010-*********,minsuno****************,58762352.45~58790833.539,전라북도 ***********,19222826.662~19228981.245
안**,98022*********,010-*********,fgim*******,32648550.876~32661998.372,제주특별자치**************,1840411.01~1844544.013
김**,60010*********,010-*********,sangho5****************,75221453.84~75260307.395,인천광역*********,16221092.796~16231934.64
김**,07121*********,010-*********,jiyeon**************,46792319.898~46819429.711,인천광역*********,15215122.996~15224206.871
서**,55070*********,010-*********,tgim@*********,39889461.453~39902738.986,경기도 안**********,14640717.055~14658729.278
이**,66050*********,010-*********,oyang@*************,60369239.16~60391886.892,충청남도 ***********,3643498.523~3646768.006
한**,72052*********,010-*********,yeongs************,20267370.648~20289706.282,인천광역********,290041.128~290962.354
허**,97042*********,010-*********,minjae0****************,96440691.828~96458536.339,충청북도 영***********,28939450.747~28960330.577
우**,60042*********,010-*********,cunj*********,95703434.484~95733190.75,전라남도 *********,556452.228~558002.968
윤**,06080*********,010-*********,seongsui****************,86114066.019~86123334.312,경상북도 ***********,30080517.69~30101648.454
서**,01011*********,010-*********,hyeon***********,71253467.572~71263299.499,부산광역********,6692978.837~6697266.399
이**,93071*********,010-*********,qna@g**********,56542397.678~56557010.876,인천광역*********,1447017.224~1448701.891
이**,89100*********,010-*********,seongmi***************,51855994.779~51880094.17,대구광역********,14658729.278~14683663.666
박**,53050*********,010-*********,yeonghy**************,5991123.32~6005503.712,충청북도 ***********,1392822.206~1394301.586
서**,58050*********,010-*********,yeonghyi*****************,31757455.491~31760333.027,광주광역********,3201448.858~3205652.629
손**,88103*********,010-*********,yeongsu**************,58025436.067~58048529.984,인천광역*********,36907729.007~36936474.245
김**,57072*********,010-*********,jieunco****************,22058757.742~22070456.32,인천광역시*********,2804703.712~2806190.95
송**,48123*********,010-*********,eomjeo***********,59492419.656~59522362.976,경상남도 ***********,16395465.0~16424707.562
배**,45040*********,010-*********,eungyeo***************,32442411.976~32451039.416,경기도 화**********,19069757.788~19077499.276
최**,10021*********,010-*********,yeonghwa*****************,75536771.147~75559168.0,전라북도 ***********,18290770.995~18295589.716
김**,11010*********,010-*********,geonu*********,66351866.208~66372186.07,경상북도 ***********,2942421.32~2944007.166
유**,03092*********,010-*********,jeongj***********,63059190.106~63070456.16,제주특별자치*************,7314387.908~7330727.162
김**,78091*********,010-*********,jeongnamg******************,82161145.52~82171108.373,인천광역*********,18025363.68~18031059.469
김**,90080*********,010-*********,gimeunje******************,39930902.016~39948054.747,전라북도 ***********,2613022.96~2615348.189
박**,05041*********,010-*********,junyeo************,62819731.013~62846172.194,세종특별자치*************,15033650.56~15037523.606
김**,58122*********,010-*********,sonminju****************,51465506.198~51470624.734,전라남도 ***********,19742987.474~19755494.192
이**,72120*********,010-*********,hayun36***************,29273219.292~29294626.99,경상남도 ***********,20719507.46~20757012.209
최**,96041*********,010-*********,bageungy*****************,68415389.408~68452113.348,경상북도 ***********,9200705.382~9207646.565
최**,53090*********,010-*********,aneunje**************,75152458.122~75161984.412,세종특별자치*************,24787230.981~24811007.962
윤**,51020*********,010-*********,jeongsi****************,37877280.208~37901014.971,대전광역*********,1014621.776~1016771.994
김**,60020*********,010-*********,suno*********,39399023.146~39420824.746,서울특별*********,20299434.941~20324035.558
이**,90030*********,010-*********,areum*********,12148403.572~12158990.923,부산광역시**********,2651009.782~2654370.001
박**,76040*********,010-*********,gimjih*************,31156432.105~31163499.947,전라북도 ***********,7677452.799~7686118.74
김**,77062*********,010-*********,phwan**********,81446791.053~81462323.01,경상북도 포*************,20031591.99~20038052.76
김**,75103*********,010-*********,gimye**********,68107168.938~68132143.251,경기도 성***********,15316365.764~15325884.878
강**,84120*********,010-*********,jihun*********,53052770.634~53062710.314,서울특별*********,5181316.502~5184917.466
권**,80041*********,010-*********,jineun************,52091926.132~52109239.917,충청남도 ***********,5997315.165~5998235.361
양**,68112*********,010-*********,oi@jus***********,46642169.77~46650520.226,울산광역********,4089300.405~4091537.739
류**,62122*********,010-*********,ogim@m***********,98170809.547~98208726.091,부산광역*********,14902378.92~14909008.536
윤**,13101*********,010-*********,bbag@**********,89580074.782~89602897.654,전라북도 *********,2945821.701~2949112.42
신**,99102*********,010-*********,iyunse***********,12215921.302~12249718.782,울산광역********,3168607.119~3170624.948
김**,66121*********,010-*********,ni@******,33401625.571~33411717.316,부산광역*********,12333406.316~12335779.826
홍**,51111*********,010-*********,yejinmi****************,74191496.864~74211242.801,충청북도 ***********,25061431.434~25079568.624
김**,09052*********,010-*********,ti@jus***********,79634478.061~79663563.204,전라북도********,42632169.664~42706784.173
박**,70042*********,010-*********,tu@i*******,20587510.854~20609407.694,울산광역********,3913042.852~3915095.134
진**,70103*********,010-*********,ngim@y*************,38525782.224~38541231.625,서울특별*********,26118558.31~26144027.432
김**,11082*********,010-*********,gwaghye**************,11524970.027~11536314.254,경기도 *******,2635596.852~2638189.446
김**,57061*********,010-*********,pryu*********,66096908.162~66116005.236,서울특별*********,37244638.09~37287946.485
백**,97052*********,010-*********,minseo3****************,47696682.51~47723080.516,경상남도 ***********,23580478.832~23593141.538
이**,76092*********,010-*********,ihyeonu**************,43015131.487~43020054.78,경상북도 ***********,21498315.69~21526417.519
김**,06122*********,010-*********,myeongs****************,34139023.95~34162681.578,대구광역********,11802304.984~11813528.002
최**,62042*********,010-*********,kbag@**********,52023622.58~52040873.488,부산광역시**********,35377745.484~35430365.169
이**,85120*********,010-*********,kgim@g************,26017136.831~26034377.881,세종특별자**********,3726717.495~3735258.32
허**,82061*********,010-*********,tgim@y************,47320881.554~47336700.467,전라남도 ***********,4736739.438~4739940.455
문**,03010*********,010-*********,gimjeong****************,41350723.992~41372088.714,경상북도 ***********,15381713.382~15389457.345
김**,98121*********,010-*********,yeongs**************,44131526.827~44138495.208,경상북도 ***********,5283114.36~5285589.72
서**,04013*********,010-*********,ohan@*********,35461069.605~35483497.282,충청북도 ***********,2365242.052~2367197.124
김**,52120*********,010-*********,coeeu***********,75189928.77~75221453.84,제주특별자***********,4571757.717~4574797.821
김**,67042*********,010-*********,coesan**************,59236587.096~59241728.912,서울특별시*********,26329378.045~26351932.12
김**,06122*********,010-*********,syun@y************,43448313.048~43475620.275,제주특별자치*************,7882598.054~7884955.34
김**,58032*********,010-*********,minseoh**************,13480618.79~13496015.515,서울특별*********,713426.763~715079.11
심**,06012*********,010-*********,yeongi***********,27643250.416~27656049.258,서울특별*********,4261005.693~4261438.856
김**,88022*********,010-*********,iyeong**************,9106705.443~9113318.168,대구광역********,1637615.941~1639073.698
홍**,80111*********,010-*********,haeun78***************,3332880.063~3351553.427,전라남도 ***********,111073.925~111875.842
박**,47071*********,010-*********,migyeo***********,85232600.642~85252275.031,제주특별자치**************,50392603.065~50520479.267
이**,02111*********,010-*********,minseo*************,93438399.718~93473217.832,경기도 안**********,8516898.676~8533032.214
김**,53110*********,010-*********,cseo@y************,32735304.9~32740407.487,충청남도 ***********,474670.171~475491.241
배**,45060*********,010-*********,junhyeog****************,63059190.106~63070456.16,경상북도 ***********,13986795.488~13996911.797
김**,99041*********,010-*********,ohaeun************,83943347.163~83959721.894,경상북도 ***********,14571280.328~14579739.798
김**,96041*********,010-*********,yeongjin****************,94962852.049~94965838.286,제주특별자***********,10915583.258~10923594.052
김**,52012*********,010-*********,baghye**************,18681824.882~18702696.413,강원도 *******,1425874.172~1426444.618
황**,96022*********,010-*********,seongj***********,17932034.508~17947316.666,경기도 파**********,6043007.82~6046642.912
최**,13113*********,010-*********,jihu*********,81177289.26~81202634.902,대전광역*********,9146681.635~9159586.875
김**,98031*********,010-*********,yeweon**************,43112202.238~43122260.594,경상남도 ***********,8204257.539~8208812.2
송**,55011*********,010-*********,imije*********,35642530.573~35655001.616,제주특별자치*************,15153925.682~15164669.617
백**,67112*********,010-*********,kson*******,45907572.65~45926172.242,서울특별*********,11484980.172~11488646.72
윤**,02060*********,010-*********,coejuny**************,95783200.547~95791145.72,전라남도 ***********,19022757.91~19026877.2
김**,45030*********,010-*********,ihyejin***************,38439153.987~38456848.557,충청남도 ***********,4111790.096~4115440.582
서**,83042*********,010-*********,minseog****************,20136241.918~20198029.624,울산광역********,2140480.626~2142254.036
차**,94073*********,010-*********,minjae7***************,40160475.42~40169976.079,부산광역********,8456116.427~8465926.112
이**,48021*********,010-*********,ibyeon**************,60445840.289~60468567.542,경상남도 ***********,4837682.968~4841416.844
고**,64090*********,010-*********,qha*******,82133801.036~82139536.193,경상남도 창**************,4355912.936~4357564.751
김**,13122*********,010-*********,pno@y***********,6242699.008~6251970.859,경상남도********,1652440.95~1653097.916
이**,47081*********,010-*********,bagseong******************,49448525.627~49453986.916,강원도 *******,14418425.403~14425096.218
박**,94062*********,010-*********,gimjih************,77461041.455~77482137.484,충청북도 ***********,10360290.397~10366950.356
문**,79102*********,010-*********,hyeonj***********,85139672.687~85158403.454,서울특별*********,29606068.258~29633170.925
박**,65050*********,010-*********,minjae************,9727933.248~9742727.61,대구광역********,1018884.524~1022389.951
이**,67031*********,010-*********,ogsun30***************,27656049.258~27661353.355,서울특별시**********,5947915.099~5950972.297
차**,10052*********,010-*********,munye**********,86576072.623~86601444.933,전라북도 ***********,42562510.256~42632169.664
안**,55062*********,010-*********,mijeong4****************,29332952.491~29355133.444,부산광역********,2041944.494~2045383.453
김**,11031*********,010-*********,songare****************,93791758.954~93820663.09,서울특별시***********,56052635.181~56174826.506
안**,86101*********,010-*********,ei@b*********,44220772.63~44235648.201,강원도 양**********,8313815.168~8319108.187
송**,58042*********,010-*********,seongmin****************,86327160.832~86337771.974,전라북도 ***********,13191702.844~13193934.418
김**,71012*********,010-*********,njang***********,71159809.635~71195032.643,강원도 정**********,29032409.848~29067783.175
민**,69061*********,010-*********,jeonghun*****************,67101853.465~67118784.822,세종특별자**********,47601530.996~47667292.148
김**,73081*********,010-*********,songs**********,53152424.398~53168457.806,광주광역********,15887242.512~15907584.935
진**,59110*********,010-*********,gimjeong****************,89491631.907~89499370.022,울산광역********,20943960.055~20979784.922
김**,74051*********,010-*********,donghyeo******************,90278954.6~90323598.738,세종특별자치*************,7093119.621~7094264.222
백**,55072*********,010-*********,yanggyeo*****************,86199776.119~86203000.213,경기도 수**********,8066019.481~8074429.5
김**,78081*********,010-*********,seongh*************,93266502.436~93285848.548,인천광역시*********,11972385.86~11981711.842
박**,65041*********,010-*********,coejun*************,84271958.477~84280264.618,경상북도 ***********,4977757.221~4982502.311
이**,52010*********,010-*********,jiweon**************,31597362.605~31609343.338,전라남도 **********,4448025.37~4450728.937
구**,55081*********,010-*********,jeongh*************,29940859.392~29958757.568,강원도 *******,5006674.371~5013720.657
김**,82070*********,010-*********,minsu8*************,97764649.302~97803252.968,전라북도 ***********,46184136.263~46271917.006
노**,11061*********,010-*********,jeongs*************,87289055.335~87304294.299,대전광역********,23129473.407~23149302.43
김**,87042*********,010-*********,jgim@j*************,72948941.427~72974955.744,전라남도*******,23253479.777~23268826.053
장**,63081*********,010-*********,ji@jus***********,89987915.937~90007346.44,충청북도 청**************,19910535.768~19917567.22
박**,05070*********,010-*********,coejae**************,97246316.939~97252007.1,전라북도 ***********,14245035.155~14254356.931
최**,53110*********,010-*********,gimj*********,55963536.394~55975760.726,전라남도 ***********,6639867.451~6644973.049
권**,98082*********,010-*********,seunghy***************,60510929.877~60524540.946,강원도 *******,18437876.204~18451932.976
이**,09051*********,010-*********,yeonggil*****************,98465666.042~98472681.318,전라남도 ***********,20782308.098~20796414.534
허**,10052*********,010-*********,gimmin***********,87087950.013~87107294.382,세종특별자치*************,30558537.79~30571086.629
김**,53011*********,010-*********,lbag*******,56767901.388~56810797.223,대전광역*********,7584313.702~7589541.989
김**,09031*********,010-*********,bjeon@**************,82027960.027~82063945.292,제주특별자***********,7767538.784~7771713.553
박**,66061*********,010-*********,jiminse****************,59739343.286~59759067.11,부산광역*********,29502753.384~29514361.653
박**,06120*********,010-*********,coesang****************,36856406.636~36875101.546,서울특별시**********,2157886.58~2160453.025
최**,71041*********,010-*********,omun@b************,24553063.674~24566205.034,인천광역*********,2938524.642~2939048.708
문**,04100*********,010-*********,lgim@j*************,73774355.176~73785887.167,경상남도 ***********,2430799.37~2431576.889
안**,03021*********,010-*********,ujinhan***************,55475331.176~55508995.569,전라남도 ***********,21821033.216~21851476.181
정**,57022*********,010-*********,jia01@**************,97164862.475~97203395.227,강원도 영**********,19882108.322~19890818.603
곽**,02120*********,010-*********,ymin*******,46574876.859~46588053.64,울산광역********,10200547.407~10210349.572
박**,78101*********,010-*********,ci@j*******,16310709.895~16323535.386,전라남도 ***********,593816.08~596011.873
김**,10122*********,010-*********,jihu77@**************,7410813.242~7424023.228,서울특별시*********,1646320.553~1649290.702
손**,12022*********,010-*********,seongsu**************,13250329.333~13266171.522,서울특별*********,8503283.211~8507928.222
김**,53070*********,010-*********,gimji**********,60226778.86~60241263.455,서울특별*********,26329378.045~26351932.12
서**,47121*********,010-*********,ugim@y*************,49669289.166~49696219.602,광주광역********,10073567.201~10078164.472
김**,46112*********,010-*********,ijinu@**************,88029735.826~88044811.732,경상북도 ***********,3469687.063~3476352.408
이**,04101*********,010-*********,gimyeong*****************,25229228.211~25238806.015,대구광역********,5168147.832~5173311.94
박**,98031*********,010-*********,gimjiu***********,23902322.832~23934622.739,대전광역********,10210349.572~10220571.902
윤**,74052*********,010-*********,songgeo**************,57800231.534~57808264.606,제주특별자치**************,3205652.629~3208960.044
구**,93021*********,010-*********,yeongs*************,42533819.207~42549096.119,대전광역********,4962278.16~4970365.09
김**,44071*********,010-*********,miyeong1****************,19801560.918~19818314.029,대전광역*********,1440296.43~1440912.406
윤**,81032*********,010-*********,sunog17****************,35952035.594~35965728.352,부산광역*********,16812716.021~16814999.38
황**,98123*********,010-*********,hwangsum*****************,18747820.464~18751117.894,광주광역********,543896.432~545330.793
김**,99053*********,010-*********,seungh*************,52633053.901~52646710.886,대구광역*********,8844508.737~8852484.284
이**,64101*********,010-*********,bbae********,41340930.542~41350723.992,부산광역시**********,3791745.167~3793566.352
김**,99090*********,010-*********,gimhayu****************,29918295.04~29940859.392,충청남도 ***********,12559904.566~12562491.104
김**,82042*********,010-*********,ijia********,41795279.261~41813981.895,인천광역*********,2942421.32~2944007.166
최**,74102*********,010-*********,sgim@b************,76468363.016~76474474.246,광주광역********,21310136.63~21312305.527
윤**,84091*********,010-*********,eungye***********,48775623.09~48800338.53,제주특별자치*************,4202737.53~4205307.345
한**,89042*********,010-*********,hwangm************,41188812.307~41217561.373,광주광역********,19215782.478~19222826.662
박**,10092*********,010-*********,jieuny***********,76228211.959~76239135.951,전라남도 ***********,6948001.504~6954730.902
윤**,75081*********,010-*********,cunja*********,64421862.066~64457950.481,서울특별*********,48809617.208~48893820.377
박**,90060*********,010-*********,jjang***********,5971335.386~5985440.784,충청남도 ***********,507793.265~508548.66
유**,73101*********,010-*********,gbag********,82294454.051~82301966.294,울산광역시 ***********,3597407.618~3597866.471
김**,94092*********,010-*********,baggye***********,66526098.264~66539862.234,세종특별자치*************,13258274.996~13264199.536
이**,88012*********,010-*********,hyeon**********,40727564.538~40749001.516,경상북도 ***********,6619828.892~6622544.223
이**,71091*********,010-*********,mijeong***************,20382410.972~20393270.268,경상북도 ***********,3214777.993~3218779.092
이**,49010*********,010-*********,rmun@g*************,60028208.206~60038322.239,전라남도 *********,8934318.926~8940432.547
최**,96112*********,010-*********,yeonghwa*****************,62348108.138~62375767.951,강원도 홍***********,7395202.859~7399344.703
김**,85070*********,010-*********,jinho06***************,28047099.343~28061441.097,서울특별*********,16857621.61~16870738.82
강**,58020*********,010-*********,eunjui*************,19711036.385~19720221.129,대구광역*********,8640421.855~8645154.822
이**,50121*********,010-*********,haeungi**************,49613056.635~49639657.178,경상남도********,18659784.965~18671241.615
한**,85121*********,010-*********,gimmin*************,42485475.334~42495119.43,울산광역********,4422559.654~4424226.439
김**,46120*********,010-*********,gimyeo************,71465440.622~71467818.122,경기도 화**********,11143110.941~11151539.274
박**,70061*********,010-*********,misugba****************,3448666.985~3478365.254,충청남도 ***********,273853.978~274888.11
이**,61010*********,010-*********,yeongg**************,68590386.093~68609528.71,광주광역시*********,24528541.874~24538193.729
한**,76080*********,010-*********,gimjeo************,60857643.852~60868221.738,광주광역********,29851460.766~29871473.31
최**,65032*********,010-*********,dohyeon3****************,32535849.852~32556787.77,대전광역********,13200067.383~13203795.661
이**,81110*********,010-*********,minse***********,44762884.966~44774008.093,대구광역*********,14258444.528~14260935.236
최**,68012*********,010-*********,yujinja**************,93404622.322~93407798.441,경상남도 ***********,24528541.874~24538193.729
허**,45123*********,010-*********,gimhyeo**************,30425374.409~30446438.077,인천광역*******,1898867.975~1900361.284
이**,70073*********,010-*********,yeongsig****************,44358956.16~44376208.935,인천광역시 ***********,8720487.689~8728597.745
손**,56092*********,010-*********,nco*******,6768481.436~6791864.37,제주특별자치**************,2227864.204~2229293.656
박**,77101*********,010-*********,coejeong******************,52521203.802~52542974.619,대구광역*********,5240382.428~5244771.275
최**,90051*********,010-*********,songjeo****************,80742659.815~80749104.006,경상북도 ***********,39588931.974~39684808.626
장**,94092*********,010-*********,igim*******,97887021.442~97893994.465,충청북도 ***********,51114855.716~51221772.883
박**,44103*********,010-*********,icoe@g**************,46740080.454~46744164.694,강원도 철**********,3515664.638~3516382.5
한**,66092*********,010-*********,coeyeong******************,51919762.894~51927222.074,경기도 수*********,26772829.15~26800472.436
김**,77061*********,010-*********,jeonghy***************,26369391.28~26388766.183,전라남도 **********,2496982.53~2501027.051
김**,58120*********,010-*********,mhwa********,63028601.501~63038992.379,대구광역시*********,8142802.376~8153036.29
이**,61091*********,010-*********,bagmins**************,22340865.772~22357638.195,강원도 원**********,6164856.405~6166938.643
박**,68062*********,010-*********,lbag@y************,53152424.398~53168457.806,제주특별자치*************,1034984.642~1035954.541
홍**,69012*********,010-*********,rgim@y*************,85862846.009~85900098.113,세종특별자치*************,7771713.553~7773836.185
김**,11020*********,010-*********,ihaeun@**************,76999691.937~77032467.272,세종특별자치*************,24255970.419~24258965.447
박**,54051*********,010-*********,ujin********,33680818.978~33710257.227,강원도 고**********,1170520.76~1171524.86
류**,76040*********,010-*********,siubag*************,13162064.254~13201312.536,울산광역********,904039.305~908615.277
최**,05061*********,010-*********,jungsu**************,41739544.307~41795279.261,대구광역********,3454400.511~3456231.945
이**,67070*********,010-*********,ijihu***********,29181780.987~29189405.88,경기도 안**********,3931985.924~3934104.356
전**,72011*********,010-*********,go@******,32505907.017~32522526.027,전라북도 ***********,16179044.016~16190337.335
이**,92052*********,010-*********,jihun3**************,76091523.717~76110685.456,대구광역********,11119764.31~11131249.791
장**,76071*********,010-*********,jeongh**************,42962143.169~42974791.247,서울특별*********,7956561.261~7963924.826
오**,60041*********,010-*********,jiyeon************,26470718.473~26500262.661,광주광역*********,7790342.152~7792846.852
황**,66012*********,010-*********,qcoe@y*************,76424398.45~76442606.691,전라남도 ***********,2751911.901~2753011.491
윤**,56120*********,010-*********,ogjaryu***************,58399326.112~58426815.429,제주특별자치**************,967018.527~967642.964
강**,09022*********,010-*********,junyeo*************,84881363.785~84915686.63,강원도 원**********,20432169.008~20454536.052
이**,52040*********,010-*********,vjeong**************,68066408.594~68107168.938,경기도 *******,35021388.546~35065071.18
이**,99091*********,010-*********,godonghy******************,72122287.626~72140617.67,제주특별자***********,48701846.045~48809617.208
한**,14042*********,010-*********,anjeon***********,70478816.466~70485581.876,인천광역*********,8864273.693~8870536.632
윤**,69122*********,010-*********,jange***********,46195579.84~46218364.413,경상북도 ***********,12240294.024~12268445.523
성**,45090*********,010-*********,njang@************,71137365.258~71146860.969,부산광역********,19629023.026~19637136.254
최**,69030*********,010-*********,seojunja*****************,82111522.283~82120493.018,경기도 *******,25967546.149~26006825.003
최**,70122*********,010-*********,gojeongh*****************,50484407.411~50490008.866,전라북도 ***********,23268826.053~23277561.863
이**,77051*********,010-*********,eunse***********,13162064.254~13201312.536,인천광역*********,1987527.495~1990559.402
류**,04012*********,010-*********,gimjeo************,71887044.575~71899109.896,세종특별자치*************,7358704.782~7367057.076
양**,79081*********,010-*********,obae@b***********,35589300.801~35605213.199,대전광역*********,143133.63~144797.11
김**,67032*********,010-*********,gimseung*****************,61220378.63~61229778.1,경기도 용인*************,13017099.799~13021043.354
이**,10050*********,010-*********,ohyeonj****************,18520111.568~18547063.583,강원도 삼**********,2893971.38~2894898.79
손**,58112*********,010-*********,juyunse****************,39516557.956~39521873.928,서울특별*********,3750245.926~3752677.365
김**,13032*********,010-*********,myeong*************,93911833.676~93933045.408,대전광역********,1302251.181~1302938.971
이**,98110*********,010-*********,jojihu*************,11125015.837~11138498.496,전라남도 ***********,5940774.836~5943719.4
김**,70082*********,010-*********,bagmye***********,88305456.808~88343390.36,충청남도 ***********,8546335.818~8556163.024
김**,61091*********,010-*********,bi@c*********,29598150.652~29631885.308,서울특별*********,20257795.509~20276119.336
전**,80010*********,010-*********,ogwag*********,60369239.16~60391886.892,세종특별자치*************,12306232.881~12314415.749
이**,57030*********,010-*********,hwangy**************,40749001.516~40760437.758,세종특별자치*************,9865218.58~9871908.011
김**,67051*********,010-*********,jgang***********,11138498.496~11157684.665,강원도 홍***********,6933044.186~6939666.0
박**,53021*********,010-*********,yeongceo*****************,65247576.212~65284937.563,경상남도 ***********,2654370.001~2657837.088
김**,74071*********,010-*********,jeongh************,65704977.154~65732349.601,경상북도 ***********,44780917.74~44837361.95
최**,54020*********,010-*********,yujin*********,21051406.932~21075442.6,세종특별자치*************,138918.762~140966.712
이**,15011*********,010-*********,yejing***********,79708175.744~79746671.747,전라남도 ***********,2548061.296~2548560.769
오**,70052*********,010-*********,iyejun************,94101854.039~94127849.61,부산광역********,31733812.872~31755864.46
안**,76121*********,010-*********,jinho15***************,70790848.0~70810093.92,전라북도 ***********,29871473.31~29901653.883
이**,10031*********,010-*********,jieunseo******************,88945727.276~88986038.908,충청북도 ***********,740923.034~742872.44
김**,04010*********,010-*********,ujin*********,3136577.05~3178650.055,광주광역********,2388410.75~2389262.986
박**,70102*********,010-*********,jgim*******,86669878.126~86676255.609,강원도 춘**********,23637759.119~23653572.809
박**,91012*********,010-*********,kmun*********,7658450.427~7666320.882,충청남도 당***********,285205.198~286083.082
박**,68092*********,010-*********,kyun@***********,57351764.656~57358488.371,제주특별자치*************,24075786.724~24080942.54
최**,07120*********,010-*********,jeongho***************,39534486.663~39558471.325,전라북도********,2389262.986~2390307.189
조**,62062*********,010-*********,anyeong**************,39717241.197~39727741.594,전라북도 ***********,6026855.25~6030587.565
장**,89081*********,010-*********,ijiweo************,20534545.533~20542510.261,강원도 평**********,4357564.751~4360813.4
백**,70030*********,010-*********,fi@yuh***********,19388163.272~19436235.361,충청북도 ***********,3571167.295~3576625.606
남**,91110*********,010-*********,seonghog****************,38990037.912~39042183.748,경상남도 창원***************,13996911.797~14044592.864
박**,63040*********,010-*********,gimseoye*****************,2225267.754~2236792.094,강원도 정**********,445601.976~449608.57
이**,05010*********,010-*********,bcoe@**********,94476706.767~94506507.003,대전광역*********,15689723.176~15698074.412
최**,12052*********,010-*********,yunseo**************,4787744.145~4809680.149,울산광역********,360512.817~360968.986
심**,74080*********,010-*********,jihug*********,95767409.724~95783200.547,울산광역********,5574005.811~5579473.631
한**,59122*********,010-*********,gi@i*******,86164175.745~86175246.946,제주특별자치**************,2984766.474~2985872.796
박**,70102*********,010-*********,gimdohye****************,67054972.076~67069691.429,부산광역시**********,13441740.669~13448738.752
허**,57051*********,010-*********,zba*******,6155510.074~6166190.635,경상북도 ***********,562379.623~563407.599
안**,63092*********,010-*********,smin*******,70774055.592~70790848.0,강원도 *******,20137435.613~20150451.28
김**,54090*********,010-*********,yeonggi****************,88605760.602~88628191.37,경상북도********,5989571.925~5990881.383
박**,70090*********,010-*********,areumb***********,44358956.16~44376208.935,대전광역*******,4087590.993~4089300.405
강**,69031*********,010-*********,fgi*******,48909422.238~48959310.563,대구광역********,24563715.816~24568569.709
김**,09062*********,010-*********,ihyeo***********,49808932.008~49818597.517,대구광역********,7888543.255~7889448.393
김**,06013*********,010-*********,than*******,48884519.006~48909422.238,대전광역*********,1450019.502~1452936.243
손**,76062*********,010-*********,coeji***********,34514476.759~34532115.935,경상남도 ***********,19222826.662~19228981.245
김**,00100*********,010-*********,jeongsugg******************,32903167.376~32909907.093,울산광역********,1744885.724~1745070.726
최**,00050*********,010-*********,fi@ju***********,70410497.549~70434484.972,광주광역********,9082146.753~9088970.811
고**,76042*********,010-*********,jongsui***************,87568390.249~87585975.121,대구광역시***********,29656272.257~29669857.277
안**,81072*********,010-*********,hgim@*********,44442888.485~44463099.453,대구광역*********,13067095.82~13072986.053
김**,61102*********,010-*********,jiugim@**************,52958368.499~52982967.927,울산광역********,13516263.515~13523995.134
김**,04032*********,010-*********,ui@******,63038992.379~63059190.106,대전광역********,44877327.026~45096325.95
배**,82102*********,010-*********,minjae*************,79117258.548~79149285.747,강원도 평**********,46703207.135~46765958.92
이**,14110*********,010-*********,wbag@**********,90408849.47~90443271.386,전라남도 ***********,38545954.035~38633790.295
노**,48082*********,010-*********,hi@g********,28973943.371~29000526.473,전라북도 ***********,6886732.17~6888032.324
김**,83122*********,010-*********,jihuni@**************,99152617.359~99159957.872,경상북도 ***********,51221772.883~51522582.288
안**,60041*********,010-*********,gimmin*************,68779175.802~68821267.92,전라북도********,28128623.002~28159771.656
홍**,05010*********,010-*********,mijeon**************,79907393.586~79916832.474,충청남도 ***********,22489950.102~22499334.216
양**,57120*********,010-*********,sunja*********,61320480.114~61346368.707,전라남도 ***********,3211648.743~3213710.667
심**,89112*********,010-*********,ijunhye****************,48701425.054~48720529.6,경상남도 ***********,3915095.134~3921745.335
황**,55041*********,010-*********,baegsu**************,46135011.566~46157271.61,제주특별자치*************,7501931.854~7509171.122
김**,84081*********,010-*********,ucoe@j************,5041014.234~5048964.9,전라남도 ***********,728727.058~729372.628
박**,45121*********,010-*********,yeongsi**************,78606181.4~78614026.482,세종특별자치*************,10173793.757~10190430.6
이**,00042*********,010-*********,emin@**********,36907336.435~36935719.882,부산광역*********,8542429.314~8546335.818
이**,01021*********,010-*********,doyun***********,23283341.05~23300495.066,부산광역시*********,2925527.362~2926900.882
김**,59121*********,010-*********,honggy************,77687551.519~77700734.7,울산광역********,1432386.303~1433243.178
이**,76101*********,010-*********,lju@i**********,15309615.935~15321420.26,서울특별시*********,3890615.217~3900914.775
이**,80090*********,010-*********,simseung******************,56505446.221~56514783.908,울산광역********,7564672.392~7568216.355
박**,10081*********,010-*********,zi@yuh***********,73248091.464~73280021.178,전라북도 ***********,44422114.676~44489112.827
김**,69050*********,010-*********,gumyeon***************,20250984.055~20267370.648,경기도 수**********,4877493.056~4880926.986
곽**,91041*********,010-*********,misug0*************,11227218.29~11257680.951,경기도 연**********,3884014.656~3886080.41
양**,14110*********,010-*********,eunjeo***********,74978650.617~74987319.116,충청남도 ***********,18031059.469~18040278.099
박**,01012*********,010-*********,jeongm*************,87698633.334~87709850.268,경상북도 ***********,5479491.33~5484836.65
김**,01070*********,010-*********,ryusangc****************,91829042.31~91867492.915,인천광역********,3873537.419~3876035.717
이**,67110*********,010-*********,seohye***********,4461329.638~4490443.8,부산광역********,286726.787~290041.128
김**,71102*********,010-*********,gyeong************,49704872.82~49717352.367,서울특별시**********,25116825.865~25145911.393
고**,57040*********,010-*********,than*********,88086177.55~88117054.076,대구광역********,37692121.328~37736465.526
송**,50031*********,010-*********,yeongsi***************,58467851.591~58475197.422,부산광역*********,34784077.658~34813542.653
우**,44121*********,010-*********,minsug************,76370003.294~76389694.71,충청북도 ***********,18451932.976~18457100.439
박**,99070*********,010-*********,gimjunye*****************,74388882.444~74395259.169,대구광역시***********,8955248.155~8960570.252
강**,02050*********,010-*********,ugim@***********,29813543.735~29816606.352,강원도 정*********,8351056.104~8354055.616
김**,48080*********,010-*********,hwangy**************,56704828.114~56714882.256,충청북도 ***********,7670501.163~7677452.799
권**,55123*********,010-*********,hayun**********,53569776.991~53591911.833,경상남도 ***********,16334877.298~16341719.783
김**,99051*********,010-*********,hgang***********,91788275.359~91829042.31,대전광역********,15718678.815~15723372.426
박**,14091*********,010-*********,fgim@b**************,36462221.448~36491671.577,인천광역*********,5487243.389~5491522.792
김**,96042*********,010-*********,bgim*******,58684473.008~58716819.327,충청남도 ***********,21803452.034~21821033.216
최**,48103*********,010-*********,bagjeon***************,46677011.992~46685428.94,부산광역*********,28960330.577~28987297.2
한**,47040*********,010-*********,miyeon************,2679226.637~2707753.268,서울특별*********,993950.53~995596.153
서**,59051*********,010-*********,scoe@**********,40970209.614~41003270.607,제주특별자치*************,17828610.4~17834237.102
손**,86121*********,010-*********,jiyeo**********,22278395.578~22317241.885,전라남도 ***********,2474680.08~2476048.156
김**,94031*********,010-*********,jeongs**************,71909039.463~71916343.238,강원도 양*********,7171044.596~7174696.134
백**,14032*********,010-*********,hayun65****************,10963466.901~10974163.358,인천광역시 ***********,3864291.4~3869001.376
심**,06052*********,010-*********,caeweong****************,92191121.162~92216452.15,광주광역*********,38085556.784~38143127.738
최**,93042*********,010-*********,donghyeo*****************,67453362.839~67460388.858,광주광역*******,1889430.45~1891567.366
김**,83091*********,010-*********,gweonyeon*******************,60078112.771~60088231.664,강원도 화*********,16705047.759~16721862.315
박**,80103*********,010-*********,yeonghwa******************,58973658.567~59013256.398,경기도 *******,486237.6~487651.047
김**,49042*********,010-*********,ujinbag***************,70109375.653~70124017.991,경상북도 ***********,14476618.8~14478644.457
최**,97122*********,010-*********,gi@yuh***********,90448045.693~90455992.282,경상북도 포*************,6818783.042~6825526.924
김**,06081*********,010-*********,gimsunj***************,43435614.95~43448313.048,대구광역*********,10569250.566~10577169.191
박**,66071*********,010-*********,gweonj*************,20571355.685~20587510.854,경상북도 ***********,775060.609~775773.616
이**,82123*********,010-*********,mmun@**********,10341395.368~10368428.163,경기도 양**********,3643498.523~3646768.006
송**,54041*********,010-*********,sanghye****************,86893321.008~86912711.879,전라북도********,1474515.251~1476309.296
박**,85122*********,010-*********,jinugim***************,89453812.867~89476930.334,경기도 김***********,36775941.877~36796748.781
진**,84010*********,010-*********,yeongsu****************,72815908.463~72825029.267,경상북도 ***********,13910205.192~13925266.554
이**,56011*********,010-*********,gyeong***********,21278850.159~21292528.518,인천광역*********,7615591.029~7623905.846
이**,76052*********,010-*********,yhong@**************,86325539.051~86327160.832,경기도 파**********,41612914.703~41719118.379
곽**,48012*********,010-*********,iujin@**************,92374983.886~92392910.824,인천광역시***********,16204984.36~16207036.782
이**,10062*********,010-*********,vcoe*******,10282366.204~10295879.376,제주특별자**********,1837962.184~1840411.01
강**,63052*********,010-*********,yeongsig****************,36744410.883~36760230.445,제주특별자치*************,4523329.08~4526871.58
김**,57053*********,010-*********,jyun@*********,5848738.772~5856965.677,울산광역*******,738886.413~740923.034
이**,98011*********,010-*********,yeonghw***************,67319586.808~67349735.816,대전광역*********,12050372.918~12059626.916
김**,65123*********,010-*********,yujiny**************,18327841.069~18351845.243,부산광역*********,1804778.427~1805614.122
강**,71081*********,010-*********,yuneunye****************,97757926.806~97764649.302,강원도 인*********,21275021.89~21298919.995
이**,80102*********,010-*********,geonu48****************,72031508.742~72041253.088,경상북도 ***********,15600259.086~15609821.906
조**,98102*********,010-*********,bagsugj****************,10527237.908~10578807.317,경상북도 ***********,5943719.4~5947915.099
김**,88112*********,010-*********,gimji**********,76228211.959~76239135.951,경기도 용**********,39400453.083~39429201.066
윤**,81081*********,010-*********,seongji****************,19121470.709~19135109.058,세종특별자치*************,7141578.216~7143885.683
서**,93071*********,010-*********,siu74*********,32556787.77~32565506.304,충청북도 ***********,7927122.17~7930849.772
권**,78092*********,010-*********,jiuh*********,38655234.918~38673852.317,강원도 *******,2177355.492~2180071.028
강**,65042*********,010-*********,hyeonji8*****************,65952117.786~65973987.461,제주특별자치*************,13398202.925~13406562.199
황**,90103*********,010-*********,sunogya****************,23024348.551~23031591.181,경상남도 창***********,2320315.662~2322551.706
박**,92122*********,010-*********,yunse*********,17450138.854~17470224.502,경기도 *********,5271992.59~5275765.894
오**,54111*********,010-*********,seonye***********,32740407.487~32748459.152,세종특별자치*************,736019.306~737949.382
장**,73121*********,010-*********,sangh**********,53182939.513~53208956.328,충청북도 ***********,16612019.111~16630377.326
김**,08093*********,010-*********,jeongung*****************,79101408.08~79117258.548,울산광역********,48548520.068~48579759.81
이**,99040*********,010-*********,ogja*********,71477949.205~71518828.123,대구광역********,39195560.486~39208310.004
황**,77112*********,010-*********,hansangh****************,56251397.029~56285419.262,대전광역*********,3700667.29~3706375.782
이**,04071*********,010-*********,seohyeo***************,94269440.75~94287798.289,인천광역*********,15946107.464~15950154.506
박**,78090*********,010-*********,whan@y*************,34822514.423~34838454.012,경기도 *******,12876319.985~12881863.537
김**,47050*********,010-*********,yeongsi**************,10509701.472~10527237.908,울산광역시 ***********,3009253.368~3013549.039
박**,09022*********,010-*********,jiyeon************,36290299.709~36311700.972,광주광역********,17048997.32~17056243.86
노**,96031*********,010-*********,seomis**************,62737793.703~62754215.828,전라북도 ***********,21174234.25~21180094.807
김**,13120*********,010-*********,jinu83************,44637845.217~44653838.829,서울특별********,7029326.758~7031123.684
황**,83092*********,010-*********,gimge**********,7407222.654~7410813.242,경상북도 ***********,439773.216~440151.001
이**,07033*********,010-*********,xcoe@**********,16029798.78~16034387.134,대구광역********,1422473.665~1425345.5
김**,93021*********,010-*********,jiweon**************,19445144.344~19448947.759,경상북도 ***********,5047355.095~5052567.949
오**,76020*********,010-*********,seongm************,90807416.82~90823479.735,대구광역*********,14747719.229~14765838.304
김**,60072*********,010-*********,agim@***********,48512627.759~48518658.49,경기도 여**********,9478337.912~9485826.539
박**,75101*********,010-*********,ijeong**************,28718652.465~28727389.58,강원도 *******,5094599.913~5097342.026
안**,03020*********,010-*********,ojihye*************,84546153.667~84590610.891,대구광역********,15011514.933~15019406.731
김**,07053*********,010-*********,egim********,21395394.444~21415702.584,대구광역시***********,5629652.173~5637680.523
장**,76092*********,010-*********,junseo**************,6538015.773~6552619.115,경상북도 ***********,1196092.37~1202286.942
김**,69041*********,010-*********,jeongh***********,40144372.63~40150971.474,충청남도 당***********,9746797.813~9751479.253
최**,93101*********,010-*********,minjae***********,61379153.178~61404629.054,경상남도 ***********,1440912.406~1441186.226
박**,06100*********,010-*********,ogsuna*************,92125269.416~92139390.527,충청북도 ***********,2199510.608~2201122.086
김**,54111*********,010-*********,sumin**********,8880451.675~8891960.816,강원도 강**********,5641426.624~5650266.56
김**,06031*********,010-*********,bagjeo***********,53208956.328~53218901.307,경상북도 ***********,5116333.914~5120045.274
이**,45100*********,010-*********,yeongho****************,2790849.53~2797498.171,충청남도 ***********,821382.83~827287.084
최**,98011*********,010-*********,gimyeong*****************,91987632.384~92008079.862,경상남도 **********,45304228.384~45420141.848
손**,04040*********,010-*********,jeong***********,48355192.082~48366829.726,경기도 성**********,10001766.043~10006556.63
이**,45020*********,010-*********,jeongs*************,65973987.461~65997236.632,부산광역시 ***********,16158564.34~16179044.016
윤**,63122*********,010-*********,abag*********,3881894.909~3894664.192,제주특별자치**************,571986.82~573766.027
김**,46102*********,010-*********,namu*********,14080541.556~14087244.088,부산광역시*********,730498.486~732763.988
이**,49062*********,010-*********,jeonghyi*****************,22359812.495~22369660.762,경상남도 ***********,3108134.789~3112032.689
김**,84120*********,010-*********,fgim@n***********,81596593.921~81604906.699,제주특별자치**************,5943719.4~5947915.099
노**,93080*********,010-*********,pgang@***********,64190901.008~64207004.596,강원도 *******,6883115.741~6885343.682
김**,80110*********,010-*********,gimjunh***************,62784975.307~62797705.768,전라남도 ***********,24355463.37~24367274.296
이**,70042*********,010-*********,yeongho****************,16257637.591~16267529.4,인천광역시 ***********,1041004.001~1041854.292
최**,60080*********,010-*********,suno*********,79162468.288~79173323.46,경상남도 ***********,13307869.316~13316247.541
박**,89061*********,010-*********,junhyeo**************,6435689.622~6462362.001,부산광역시*********,1642144.129~1643781.832
김**,12060*********,010-*********,goyeongm*****************,65739940.704~65756941.714,부산광역*********,34585190.736~34613271.794
한**,72022*********,010-*********,yeong***********,65637770.108~65652112.006,강원도 *******,4546726.27~4551622.001
이**,53020*********,010-*********,bagseongh*******************,30406619.552~30425374.409,경상북도 ***********,7543845.085~7548983.31
손**,82061*********,010-*********,wi@yuh***********,11623624.981~11634206.046,세종특별자치*************,4888080.81~4890777.119
김**,02103*********,010-*********,yeeun**********,57670056.781~57694412.812,울산광역********,1302251.181~1302938.971
이**,02060*********,010-*********,tgwag@*************,42343880.268~42365983.455,충청남도 ***********,6444232.173~6448997.3
강**,81041*********,010-*********,bagsugj****************,34009050.384~34055220.662,울산광역********,14507200.822~14511791.914
이**,71091*********,010-*********,miyeong**************,11554635.751~11603772.295,경상북도 ***********,464291.268~466876.746
윤**,95122*********,010-*********,hyeon***********,83779396.624~83808135.848,광주광역*********,18415379.422~18425624.825
박**,76032*********,010-*********,gyeonghy*****************,14268948.538~14287293.353,세종특별자치*************,6724617.222~6730160.999
김**,51122*********,010-*********,minse**********,53679675.747~53696839.118,광주광역********,13589850.403~13595855.669
손**,54011*********,010-*********,seojun9**************,46620040.468~46642169.77,경상북도********,1053333.807~1055327.432
심**,68101*********,010-*********,eunjeo************,16497844.98~16526875.003,울산광역********,5468410.559~5475459.148
김**,52040*********,010-*********,gimyeon****************,43596986.862~43606513.694,경기도 수**********,551325.633~554527.154
김**,78042*********,010-*********,yeongsu**************,58204677.626~58209557.238,울산광역********,16960158.188~16974425.465
김**,13022*********,010-*********,wgim@**********,42513470.441~42533819.207,세종특별자치*************,11282386.05~11287875.607
이**,71113*********,010-*********,junyeon***************,90323598.738~90332868.675,충청북도 ***********,15170593.606~15177545.209
이**,46072*********,010-*********,bgang@************,34947548.514~34990263.341,대구광역*********,8494924.059~8498703.446
류**,71082*********,010-*********,gweonhy**************,46402803.756~46416315.716,경상북도 ***********,2483829.445~2486014.346
강**,51091*********,010-*********,jinu41@**************,81547270.189~81572514.996,대구광역********,58779862.545~59097283.36
장**,93062*********,010-*********,chan@y************,34604650.903~34621855.109,경기도 가**********,23948787.146~23969803.141
이**,05090*********,010-*********,seungmi**************,34009050.384~34055220.662,광주광역시*********,6151581.772~6155259.379
류**,00082*********,010-*********,ogsun3************,66932388.305~66935079.855,울산광역********,4427002.875~4430146.043
이**,04102*********,010-*********,kha@j**********,64457950.481~64486642.148,제주특별자***********,3038904.363~3040273.57
이**,13022*********,010-*********,bagjeo***********,92350452.909~92367838.08,충청남도 ***********,14564503.412~14571280.328
박**,87040*********,010-*********,minsu8*************,96481368.086~96484677.366,경기도 성**********,3160847.67~3164466.813
김**,79031*********,010-*********,jeongna***************,88135162.834~88142432.541,경상남도 창************,8211220.174~8215265.593
심**,99101*********,010-*********,hayun70***************,91106732.854~91138316.256,전라북도 전************,40898857.437~40914319.308
권**,65031*********,010-*********,yejini*************,25060824.318~25070865.636,경기도 광***********,1538836.162~1539888.952
박**,96011*********,010-*********,sunog3**************,35461069.605~35483497.282,경기도 안**********,4935307.295~4936854.1
이**,66041*********,010-*********,li@g*********,78983728.312~78993082.467,울산광역********,7204478.389~7206956.554
이**,53041*********,010-*********,hi@yuh***********,61229778.1~61254949.058,울산광역********,27831214.749~27839078.712
진**,60061*********,010-*********,mineungye******************,48656110.732~48661801.934,제주특별자***********,832095.256~833901.832
이**,97083*********,010-*********,lryu@**********,9773674.474~9783305.005,충청남도 ***********,1159605.551~1160514.59
이**,47111*********,010-*********,ri@******,17403621.104~17450138.854,인천광역*********,2278873.326~2280513.874
문**,61092*********,010-*********,yeji*********,58209557.238~58225313.261,부산광역********,12759362.867~12771025.945
배**,74061*********,010-*********,wbag@h***********,54581849.199~54595595.145,인천광역시 ***********,26503032.633~26544057.786
박**,76030*********,010-*********,songja**************,3287579.659~3297431.337,제주특별자치*************,220385.916~224305.477
전**,72122*********,010-*********,areumsi****************,87271394.786~87282958.06,강원도 철**********,13480931.199~13486627.283
김**,75103*********,010-*********,yeongsi****************,25658474.55~25672800.869,강원도 원**********,10270651.336~10286750.778
지**,92071*********,010-*********,gi@yu**********,41009726.957~41025538.169,경상남도 ***********,5038237.492~5040805.054
김**,54041*********,010-*********,hyeons************,14799762.097~14803247.439,전라남도 ***********,736019.306~737949.382
송**,54111*********,010-*********,jieu*********,9462093.941~9473039.011,대전광역********,4594374.82~4597976.268
권**,55061*********,010-*********,heohyeon****************,74870548.284~74876595.434,경기도 남***********,10086914.964~10090369.218
서**,04111*********,010-*********,subin7*************,50391471.074~50415378.728,강원도 고***********,6891978.246~6899097.465
안**,96102*********,010-*********,yeongs*************,95525484.079~95585549.386,대전광역********,24568569.709~24580144.752
김**,84010*********,010-*********,to@na**********,21912955.591~21948732.119,경기도 안**********,2157509.804~2157886.58
차**,48022*********,010-*********,mi@ba*********,6910057.71~6918020.746,경상북도 ***********,2036519.032~2041944.494
강**,52052*********,010-*********,jihu15***********,16336176.978~16346362.152,경상북도 ***********,5677661.173~5685726.926
전**,71040*********,010-*********,myeongj***************,28545706.865~28555135.069,서울특별*********,8645154.822~8653333.85
홍**,85121*********,010-*********,munjunhy******************,6005503.712~6018974.859,세종특별자치*************,484184.602~485221.012
최**,62112*********,010-*********,misugg*************,57139998.27~57151469.586,경기도 *******,3261778.98~3262855.635
김**,48081*********,010-*********,kbaeg@***********,74366294.336~74388882.444,서울특별시***********,11719402.864~11720980.34
최**,53090*********,010-*********,yim@*********,94008177.719~94032880.248,경상남도 창************,7165287.002~7171044.596
서**,03121*********,010-*********,jhan*******,47336700.467~47379692.085,제주특별자치**************,932915.636~933731.223
이**,44070*********,010-*********,dohyeo**************,6129263.478~6133908.253,서울특별*********,628698.952~629388.378
양**,89112*********,010-*********,wsong@*************,96784429.405~96789725.714,경상남도 ***********,33635798.163~33645722.451
송**,09042*********,010-*********,nacun***********,27143810.18~27155631.409,경기도 김**********,5755972.855~5760173.417
유**,93112*********,010-*********,yheo*******,85566596.575~85578811.2,충청북도 ***********,24367274.296~24394360.502
김**,15011*********,010-*********,dohyeo************,71742643.213~71746750.744,대전광역*********,2812015.398~2814706.312
박**,79110*********,010-*********,wgim@*********,72103935.615~72122287.626,세종특별자치*************,34264419.582~34332061.352
서**,57041*********,010-*********,juweon***********,80005269.398~80022944.615,인천광역시 ***********,9938002.679~9944478.488
김**,62050*********,010-*********,jangyeeu****************,91239894.48~91252026.63,경상북도 ***********,37080205.582~37106273.469
박**,10102*********,010-*********,seongsu***************,59211844.391~59222310.099,전라남도 ***********,36436654.578~36460896.645
강**,97022*********,010-*********,rgim*********,51417454.205~51427001.616,경상남도 ***********,5869395.641~5875489.442
박**,80121*********,010-*********,jeongjay****************,21395394.444~21415702.584,세종특별자치*************,10526363.65~10539515.395
장**,53092*********,010-*********,cbag@j*************,57808264.606~57816497.196,제주특별자치**************,19400896.582~19408419.855
강**,68030*********,010-*********,eunyeo***********,58475197.422~58498101.436,울산광역********,32112139.019~32139239.825
박**,14040*********,010-*********,yangje*************,10740944.216~10783268.309,인천광역********,1776571.57~1778920.56
김**,62070*********,010-*********,jeonghun*****************,8547492.813~8560921.94,충청남도 ***********,451236.876~452731.196
강**,93061*********,010-*********,yangjeo***************,91413870.193~91451151.342,광주광역시*********,7973365.875~7973559.494
김**,06110*********,010-*********,gimmyeong******************,25916397.778~25935423.277,울산광역********,13905608.878~13910205.192
한**,60110*********,010-*********,yeongja7****************,67006398.051~67023461.752,전라남도 ***********,13332268.454~13356534.416
성**,69010*********,010-*********,hayun21**************,66418282.899~66431825.408,충청북도 ***********,39195560.486~39208310.004
고**,12031*********,010-*********,ugim*******,52425962.6~52442657.854,제주특별자***********,17942301.372~17957296.0
정**,77110*********,010-*********,seonghog*****************,95226996.308~95292141.969,전라남도 ***********,4807605.614~4808454.16
나**,95122*********,010-*********,mgim@*********,62180685.455~62203607.089,세종특별자치*************,43448530.979~43511388.112
한**,93050*********,010-*********,jongsu**************,4031745.131~4066025.486,제주특별자치**************,727233.75~728727.058
이**,70091*********,010-*********,seonghun****************,66013300.188~66029790.051,대구광역********,19563762.877~19578316.379
이**,69042*********,010-*********,ryang***********,70830692.185~70850912.236,부산광역시*********,20628327.268~20645175.037
이**,63122*********,010-*********,ieun*********,48609382.648~48634758.458,제주특별자치**************,15491970.547~15505103.583
김**,76102*********,010-*********,ujin*********,6226058.163~6237154.695,경기도 *******,475491.241~475992.638
김**,13051*********,010-*********,sanghog****************,27765438.05~27805601.94,세종특별자치*************,6030587.565~6034726.362
김**,90083*********,010-*********,myan********,22488472.991~22524304.544,세종특별자치*************,2077662.448~2079714.4
이**,50071*********,010-*********,pi@*****,74635619.783~74662424.748,전라남도 ***********,25626498.422~25640353.962
강**,57111*********,010-*********,qba*******,73774355.176~73785887.167,경상남도 창원***************,29996890.768~30029908.697
조**,84013*********,010-*********,minjun*************,45338565.762~45355979.994,충청북도*******,16748870.281~16758096.52
박**,10091*********,010-*********,myeongsu*****************,84046650.449~84067735.937,제주특별자치**************,15135303.744~15141843.837
김**,01031*********,010-*********,wgim@*********,66586966.45~66597912.33,경기도 성**********,33268956.379~33323547.064
최**,91090*********,010-*********,hyeons***********,86134092.722~86164175.745,경상북도 포*************,8111408.862~8123398.49
김**,08071*********,010-*********,yeongjag*****************,40065233.408~40081107.054,전라북도 ***********,16640912.72~16643196.036
김**,66040*********,010-*********,miyeongs******************,90750175.877~90760306.145,울산광역*******,40128016.562~40167990.877
권**,87060*********,010-*********,jihye7**************,13648532.552~13656190.699,전라북도 ***********,656561.646~658263.668
박**,98033*********,010-*********,bi@jeo***********,52510315.815~52521203.802,서울특별시*********,13414132.026~13421545.846
박**,68051*********,010-*********,jaeho69***************,49138238.241~49167962.915,울산광역시 ***********,26017054.747~26046213.687
강**,76082*********,010-*********,bi@g*******,81059975.387~81093930.912,전라남도 ***********,11794587.785~11802304.984
김**,68101*********,010-*********,icunj***********,34446621.204~34456899.635,강원도 양*********,2664505.07~2668875.69
김**,49082*********,010-*********,jaehye**************,44080150.091~44105924.976,제주특별자치**************,11725024.398~11730987.222
홍**,00042*********,010-*********,json*******,92139390.527~92158451.58,경상북도 ***********,21735839.405~21770938.126
신**,48080*********,010-*********,eomjin*************,57783508.425~57800231.534,충청북도 ***********,13817020.656~13825549.105
최**,09063*********,010-*********,baeyu**********,86045394.93~86049700.612,대구광역********,31540327.139~31555895.237
김**,07100*********,010-*********,sugja20***************,56869644.224~56877522.779,울산광역********,17472285.248~17480011.412
박**,85032*********,010-*********,gyeong************,93957979.742~93971709.042,부산광역*********,12335779.826~12344201.902
김**,95061*********,010-*********,misugg***********,32107946.166~32122115.049,경기도 수원***********,1829202.942~1831903.222
장**,05032*********,010-*********,sbag@h*************,11037229.09~11077512.586,경상북도 ***********,6462599.996~6466511.194
김**,78111*********,010-*********,coebyeong*******************,17332503.357~17366156.886,경상남도 ***********,4348303.656~4353197.774
양**,99080*********,010-*********,hyeonjung******************,6173078.485~6195315.329,경상북도 ***********,1017350.41~1018884.524
이**,07100*********,010-*********,sgo@ig***********,97273915.19~97296815.665,경상북도*******,38421240.728~38479692.774
김**,60081*********,010-*********,jeongja****************,90278954.6~90323598.738,경기도 *******,32805766.568~32820202.513
김**,05030*********,010-*********,jiweon28****************,11735797.771~11764640.744,대전광역********,4418413.253~4420952.894
박**,72012*********,010-*********,jiweon9****************,23176948.774~23188720.379,경기도 용**********,8180195.38~8189724.224
김**,63062*********,010-*********,gimdonghy******************,73728590.056~73749793.598,부산광역*********,16029663.73~16058012.285
박**,62061*********,010-*********,eungyeo***************,70961900.716~70976436.576,경상북도********,25745144.352~25770769.875
이**,52120*********,010-*********,jiyeongg******************,75934889.287~76006406.958,인천광역********,19890818.603~19910535.768
이**,14041*********,010-*********,yeongg***********,20289706.282~20328438.318,인천광역*********,1455550.698~1456447.711
김**,71122*********,010-*********,seunghye****************,37358061.777~37395825.2,서울특별*********,12174686.467~12177380.99
성**,80111*********,010-*********,caeweonj****************,41255967.496~41273850.066,전라남도 ***********,1260588.33~1262534.425
신**,59022*********,010-*********,baghyeo***************,60949684.731~60962391.069,경상남도 **********,19629023.026~19637136.254
최**,77061*********,010-*********,jinhoj**************,50738230.066~50771636.001,경상남도 ***********,27713629.194~27733624.261
이**,10052*********,010-*********,baggyeo****************,79450490.246~79468135.459,인천광역*********,23415778.551~23426380.626
나**,64090*********,010-*********,bagyeeu****************,88704454.147~88759652.356,대전광역*********,32934426.925~32979840.526
박**,11053*********,010-*********,jsong*********,18881016.841~18919753.283,경상북도 ***********,5466361.696~5468410.559
윤**,58112*********,010-*********,mo@******,34102402.789~34120626.98,서울특별*********,2135654.557~2137739.45
김**,70121*********,010-*********,seungm************,60028208.206~60038322.239,충청북도 ***********,8503283.211~8507928.222
박**,13092*********,010-*********,yeong***********,33946369.41~33960199.851,부산광역*********,7407669.077~7409662.0
문**,45051*********,010-*********,jia22@**************,19135109.058~19149730.133,충청북도 ***********,2005838.586~2007536.492
최**,59121*********,010-*********,jiyeo***********,39386305.971~39392606.776,대전광역********,6753429.738~6756737.283
강**,58032*********,010-*********,seong***********,84713395.024~84740525.554,경기도 *******,3173641.762~3174821.38
서**,52010*********,010-*********,gimcun*************,2466432.24~2480386.754,강원도 횡**********,485221.012~486237.6
최**,58110*********,010-*********,gangj***********,62136477.61~62180685.455,광주광역********,4924161.303~4927437.387
성**,67121*********,010-*********,hyeonji***************,52375227.405~52404181.304,울산광역********,5598354.312~5604024.875
장**,66111*********,010-*********,minseo*************,34498338.0~34514476.759,경상남도 ***********,14889426.362~14897958.148
양**,73081*********,010-*********,bagjuwe***************,23031591.181~23076755.302,울산광역********,3233035.727~3237483.478
최**,45101*********,010-*********,gimyeo***********,8336687.928~8365220.436,서울특별*********,1161039.931~1161675.01
이**,53122*********,010-*********,wno@yu***********,10141306.157~10155553.829,경상북도 ***********,243538.27~244988.198
오**,75120*********,010-*********,minjaegi****************,76625984.48~76633890.02,경상북도 ***********,5219021.043~5223753.776
허**,63072*********,010-*********,gimsanghy******************,79663563.204~79670547.806,경기도 여**********,2512966.934~2517701.136
이**,51103*********,010-*********,ayun*******,66983688.488~67001326.398,충청북도 ***********,12095154.466~12105068.531
고**,14090*********,010-*********,gimmi***********,55012712.514~55037855.7,경상남도 ***********,1794635.536~1799871.603
김**,98080*********,010-*********,jeongn***********,51578270.365~51604362.864,경상남도 창************,7860931.174~7875664.317
이**,13103*********,010-*********,bagjung***************,96348444.15~96371199.204,강원도 *******,6023290.222~6024700.569
황**,67061*********,010-*********,jihu03@**************,58594497.916~58613583.585,대구광역시*********,23332977.54~23349506.8
김**,52030*********,010-*********,yeongsun******************,72122287.626~72140617.67,제주특별자***********,5883276.88~5891885.288
김**,80052*********,010-*********,gimjuns****************,59580660.588~59589928.559,경기도 *******,7042278.887~7047194.994
김**,89070*********,010-*********,gimareu**************,24166235.824~24176990.568,대전광역********,14172305.036~14176494.036
김**,61080*********,010-*********,wan@o**********,37759244.075~37762919.432,경기도 *******,3278165.444~3282856.472
최**,55110*********,010-*********,nbag*******,15643165.536~15657641.632,부산광역********,1161039.931~1161675.01
박**,86071*********,010-*********,mins*********,93213584.406~93240276.111,경기도 고**********,21548353.594~21570413.806
김**,02090*********,010-*********,seoyeon**************,23816792.288~23831743.749,서울특별*********,8660224.433~8666100.002
김**,80070*********,010-*********,seoj*********,99466676.908~99476331.936,충청남도 천**************,23332977.54~23349506.8
이**,62021*********,010-*********,bagdohy**************,46265106.782~46282456.285,인천광역*********,14274697.396~14292994.763
문**,97042*********,010-*********,gimmyeon*****************,57442937.295~57460454.759,강원도 양***********,3667742.762~3669962.365
장**,54081*********,010-*********,minsu93***************,96235155.73~96257693.635,부산광역*********,8896939.032~8899178.295
이**,07050*********,010-*********,bgweon************,11830924.847~11845900.378,세종특별자치*************,475992.638~476330.956
김**,88111*********,010-*********,hyeonj***********,73236095.576~73241639.7,경상북도 ***********,5228226.061~5232502.999
양**,06051*********,010-*********,li@jus***********,28533071.889~28545706.865,경상남도 **********,13264199.536~13274561.69
이**,80072*********,010-*********,yeonghwa******************,25589576.149~25622739.587,세종특별자치*************,1456447.711~1459244.678
이**,94011*********,010-*********,imiyeon**************,6274097.101~6280687.522,제주특별자치**************,2240255.247~2242661.16
황**,05030*********,010-*********,junyeon****************,62615876.069~62637538.891,경기도 평**********,17766063.964~17783179.039
최**,75011*********,010-*********,acoe*********,21178123.686~21182987.031,전라남도 ***********,8336873.618~8348160.904
문**,86090*********,010-*********,rca@g***********,6681268.444~6694132.658,강원도 원**********,290962.354~293181.785
황**,48112*********,010-*********,gimmi***********,83824444.784~83837826.294,대구광역********,11164345.111~11172754.435
류**,53102*********,010-*********,geonui*************,77167894.533~77190971.68,제주특별자***********,5750249.061~5751453.733
양**,82112*********,010-*********,jeonghyi*****************,35892666.009~35903792.699,충청북도 진***********,3646768.006~3650967.975
이**,65060*********,010-*********,yeong***********,45960737.862~45981535.763,경기도 *******,23476409.772~23491459.422
신**,96070*********,010-*********,geonuso***************,18661110.12~18681824.882,인천광역시 ***********,4229684.904~4231762.45
조**,78030*********,010-*********,coejon**************,26909978.08~26911550.354,경상남도 ***********,7860931.174~7875664.317
김**,85070*********,010-*********,yeong***********,27661353.355~27697281.786,경기도 용**********,1972707.264~1979060.214
이**,61121*********,010-*********,siu6*******,95392820.444~95420102.649,경상남도 ***********,43790545.44~43830893.264
성**,50032*********,010-*********,qi@*****,18865706.838~18881016.841,제주특별자치*************,3669962.365~3670672.068
백**,90091*********,010-*********,jgi*******,49567022.098~49613056.635,울산광역********,17250268.557~17254320.47
최**,01050*********,010-*********,vgim@*********,2316527.539~2337726.942,세종특별자치*************,141225.472~143133.63
김**,65020*********,010-*********,ei@yuh***********,60241263.455~60257011.072,충청남도 ***********,9919879.72~9921432.89
김**,47010*********,010-*********,yejunh***********,56331514.205~56344741.951,인천광역********,209503.258~210810.772
김**,50042*********,010-*********,sanghun***************,89965955.235~89987915.937,전라남도 ***********,3772588.248~3776321.424
김**,86112*********,010-*********,seohyeon*****************,92642943.87~92648258.214,충청남도 ***********,24944230.866~24951554.638
이**,89032*********,010-*********,gimsug*************,6237154.695~6242699.008,대전광역********,772337.403~773255.404
정**,44102*********,010-*********,gimseun****************,65912721.221~65932961.469,서울특별*********,8573936.08~8581749.825
김**,14032*********,010-*********,gimdonghy******************,60922000.784~60931167.113,경상남도 ***********,29139115.213~29180861.064
강**,91031*********,010-*********,hyeon***********,84992780.62~85025421.134,대구광역********,3245706.486~3247183.795
백**,98071*********,010-*********,seohyeon*****************,62933233.328~62955716.133,충청북도 ***********,21787987.031~21803452.034
이**,72120*********,010-*********,seunghye****************,22437239.386~22488472.991,서울특별*********,5961868.0~5964332.24
김**,48051*********,010-*********,gimgye***********,27656049.258~27661353.355,전라북도 ***********,15164669.617~15170593.606
오**,74030*********,010-*********,minse***********,35903792.699~35917099.968,광주광역********,3032379.001~3035053.96
김**,01021*********,010-*********,eunseog****************,63502044.611~63527870.623,울산광역********,538633.273~539804.714
배**,72071*********,010-*********,iseongj**************,94678529.27~94689922.188,충청북도 ***********,9577080.259~9581453.985
홍**,60040*********,010-*********,hyeon***********,48347761.644~48355192.082,제주특별자***********,1420394.023~1421522.933
최**,45113*********,010-*********,bagare**************,31959024.246~31978695.562,대구광역시*********,12883953.41~12886770.581
김**,04110*********,010-*********,seongho***************,54017126.994~54042160.35,제주특별자치**************,6503133.571~6505382.147
권**,86060*********,010-*********,sanghu**************,62784975.307~62797705.768,경상남도 ***********,13523995.134~13532354.65
배**,61080*********,010-*********,minjun************,51302920.434~51322574.205,대구광역********,25503899.897~25531880.577
김**,78101*********,010-*********,bagjeong******************,17014214.618~17022971.536,광주광역*********,2934333.877~2935472.73
나**,93092*********,010-*********,cgim@y*************,74770913.23~74778837.905,경상북도 ***********,32897549.421~32934426.925
이**,06111*********,010-*********,seunghye****************,92889581.95~92892589.72,부산광역********,3093798.146~3097397.466
김**,51060*********,010-*********,iim*******,98350535.373~98374864.085,광주광역*******,1346868.552~1348713.563
최**,08032*********,010-*********,yeongh*************,26764032.39~26773624.513,인천광역********,2306735.518~2307802.383
장**,59081*********,010-*********,esim@*********,90931537.88~90937909.576,전라북도 ***********,5923453.819~5927260.685
박**,89082*********,010-*********,minseo***********,91905806.096~91928314.735,인천광역*********,14522681.357~14531059.015
장**,92100*********,010-*********,ro@hw***********,77535650.44~77556896.634,경상북도 ***********,33472477.317~33519950.961
김**,77011*********,010-*********,bagjunh****************,19711036.385~19720221.129,대전광역********,6547904.964~6553718.977
곽**,64011*********,010-*********,ogja*********,39420824.746~39440836.183,광주광역********,8088431.464~8093556.013
송**,87060*********,010-*********,songseon*****************,11938828.149~11947589.513,충청북도 ***********,1628703.467~1630896.441
안**,53031*********,010-*********,mseong***********,63082042.17~63116218.68,부산광역*********,12950266.902~12956222.678
김**,12010*********,010-*********,ryun@g***********,28490739.504~28510637.236,광주광역********,702561.591~703712.483
김**,03121*********,010-*********,hju@*******,43401953.024~43417152.734,강원도 *******,7571319.676~7575608.036
이**,75103*********,010-*********,yujin08@****************,67460388.858~67474853.714,서울특별*********,12046317.684~12050372.918
오**,82041*********,010-*********,minseo**************,22150597.019~22164949.889,제주특별자치*************,836703.03~837585.22
윤**,09042*********,010-*********,fbag*******,8773034.195~8778446.354,광주광역********,2770436.808~2774852.611
김**,68090*********,010-*********,ui@g*******,90155958.768~90180845.862,세종특별자**********,22524829.206~22532762.351
김**,63022*********,010-*********,ni@yuh***********,41668495.756~41682499.486,충청남도 당***********,6304896.718~6317803.062
장**,14062*********,010-*********,minju**********,22001544.886~22022623.022,강원도 *******,1956955.082~1960177.545
김**,61052*********,010-*********,hyeonjeo******************,47788253.907~47808862.223,제주특별자치*************,19176496.123~19189419.576
장**,55042*********,010-*********,seongji****************,7974177.722~7992153.177,세종특별자치*************,1047344.315~1048999.806
김**,76120*********,010-*********,sgweon@***************,55443702.34~55475331.176,부산광역********,1919079.032~1920880.357
이**,73050*********,010-*********,agim@y*************,85771985.96~85785634.019,울산광역*******,2060067.184~2060420.255
이**,44022*********,010-*********,seoyeon***************,70774055.592~70790848.0,전라남도 ***********,30682254.886~30721820.39
백**,49071*********,010-*********,geonu***********,98060915.517~98067926.06,전라북도 ***********,36504059.48~36538918.58
김**,78022*********,010-*********,ii@go**********,64598207.91~64624671.017,제주특별자치*************,5160872.235~5163524.995
조**,56111*********,010-*********,jeongjag*****************,34818995.725~34822514.423,경기도 평**********,5908458.164~5913260.299
박**,94082*********,010-*********,jeongh***********,10341395.368~10368428.163,제주특별자***********,5340054.937~5344304.531
김**,10010*********,010-*********,wheo********,12829684.278~12838219.022,경상남도 ***********,3138295.286~3140323.572
권**,48011*********,010-*********,jeongja**************,10216683.67~10241710.899,부산광역********,713426.763~715079.11
김**,81041*********,010-*********,seojun76****************,45490078.494~45500869.412,강원도 인**********,2361604.466~2362637.825
김**,91102*********,010-*********,eunjeong******************,48465139.898~48486944.325,울산광역********,2901209.853~2906026.925
김**,75110*********,010-*********,minji7**************,58322132.634~58351873.675,서울특별*********,13166807.611~13171878.04
박**,81032*********,010-*********,suno*********,43401953.024~43417152.734,세종특별자치*************,3724561.335~3726717.495
이**,47061*********,010-*********,ogim@j************,43147776.832~43176163.043,충청남도 ***********,25851905.473~25899301.188
이**,64080*********,010-*********,junhy***********,51450984.867~51465506.198,경기도 ********,11780827.086~11794587.785
양**,01061*********,010-*********,yeongh************,2122569.138~2140362.098,강원도 *******,312479.388~313440.206
최**,74030*********,010-*********,dohyeo************,53130393.912~53152424.398,서울특별*********,1392471.382~1392822.206
김**,98061*********,010-*********,gangjunye******************,85469170.338~85493373.058,제주특별자치**************,1144871.734~1146400.558
나**,76112*********,010-*********,sumins**************,63972387.371~64018593.76,세종특별자치*************,22289507.841~22299058.704
권**,03042*********,010-*********,juweo*********,27390602.949~27432119.622,강원도 *******,2410928.262~2415338.171
정**,01122*********,010-*********,ujang@**************,40660611.955~40667758.392,서울특별*********,2476048.156~2478491.137
최**,92011*********,010-*********,lgim@y*************,56344741.951~56353546.145,경상남도 ***********,11699649.955~11703117.203
최**,14061*********,010-*********,seungh**************,98465666.042~98472681.318,강원도 *******,59748581.371~60402299.283
윤**,03070*********,010-*********,bi@yuh***********,39420824.746~39440836.183,강원도 *******,4132716.031~4134526.094
윤**,12062*********,010-*********,yuji*********,38161563.368~38187053.015,전라북도 전*************,3104824.017~3108134.789
이**,53092*********,010-*********,siu84@***********,72825029.267~72837991.499,전라북도********,9884075.642~9887407.691
박**,81011*********,010-*********,subin***********,90098317.91~90114945.688,전라남도 *********,4326921.989~4330538.936
김**,72111*********,010-*********,jeonseo**************,10726116.666~10740944.216,제주특별자치**************,182557.363~184887.715
황**,86061*********,010-*********,bagmins***************,76186003.424~76197478.37,충청북도 ***********,6700237.391~6704087.162
이**,64111*********,010-*********,bagjon**************,53244442.54~53250689.917,서울특별*********,39188388.515~39195560.486
허**,63040*********,010-*********,songe**********,69283910.124~69304442.709,울산광역********,4613049.702~4613848.421
고**,07080*********,010-*********,yunmins***************,6538015.773~6552619.115,전라북도 ***********,178749.952~179820.506
이**,83111*********,010-*********,uo@gim***********,44034362.737~44080150.091,울산광역********,13494328.456~13516263.515
박**,74040*********,010-*********,ggim@s***********,17614735.9~17621955.789,인천광역시*********,5380332.434~5389448.326
김**,72072*********,010-*********,yeongj************,18702696.413~18726574.404,강원도 영**********,2384432.118~2388410.75
심**,57042*********,010-*********,yeweo**********,86825222.68~86831145.806,서울특별*********,15628133.585~15631610.051
손**,45072*********,010-*********,dgim*******,94310319.356~94347674.516,충청남도 ***********,8881047.762~8888232.242
박**,91052*********,010-*********,pi@gim************,3244839.035~3256231.195,인천광역********,311155.728~312479.388
강**,68092*********,010-*********,rbae@***********,39588379.725~39598299.793,충청북도 ***********,17550763.566~17556263.441
황**,04022*********,010-*********,gimminj**************,68281217.282~68296555.24,전라남도 ***********,31474890.158~31508238.346
이**,87110*********,010-*********,kgim@y*************,35403584.273~35430643.907,제주특별자***********,9687795.93~9704694.756
이**,58062*********,010-*********,coejih**************,48679435.726~48701425.054,세종특별자**********,8616357.447~8621435.935
최**,52122*********,010-*********,seonghy**************,16497844.98~16526875.003,경기도 안**********,5210837.569~5213850.371
홍**,12051*********,010-*********,imminsu***************,77365931.577~77369339.528,강원도 횡***********,7488914.596~7497365.151
이**,78021*********,010-*********,johye**********,15403786.603~15433253.363,경기도 용**********,1202286.942~1203266.851
김**,60032*********,010-*********,ganguji****************,98898531.765~98946701.692,인천광역*********,55603967.837~55875653.906
최**,13052*********,010-*********,ugang@**************,36107891.436~36132836.747,충청남도 ***********,5491522.792~5494679.971
김**,64102*********,010-*********,wgi*******,5057347.49~5061815.432,광주광역********,1074694.443~1075269.95
김**,51050*********,010-*********,yejun*********,78354182.264~78377877.336,충청남도 ***********,3380525.452~3380908.374
박**,95032*********,010-*********,gangseong*******************,27463050.114~27482856.784,전라북도 ***********,5593488.498~5598354.312
강**,60052*********,010-*********,ogsungi***************,91499730.635~91517939.936,광주광역*********,13656818.219~13673870.842
송**,93022*********,010-*********,zhan@j*************,79025338.681~79042067.139,부산광역*********,24237253.144~24241705.94
김**,81042*********,010-*********,agim@j*************,40108939.938~40124460.226,부산광역********,3742232.641~3747838.189
이**,49053*********,010-*********,gimmiyeo*****************,45803041.418~45815273.465,울산광역********,9541296.282~9545389.595
김**,83092*********,010-*********,yeongmib****************,58048529.984~58065996.286,대구광역********,27036971.398~27062420.354
이**,91100*********,010-*********,jeongsug******************,11032706.181~11037229.09,대구광역시***********,2859379.481~2863289.473
이**,77062*********,010-*********,sangh**********,55185269.578~55197936.316,대구광역시*********,20849901.4~20875375.514
이**,48121*********,010-*********,jiu9********,20985303.333~20999039.847,충청남도 ***********,5094599.913~5097342.026
이**,75022*********,010-*********,ogsun57***************,78377877.336~78400199.796,충청북도 청************,35296571.449~35345255.974
김**,47081*********,010-*********,seunghye****************,72783204.968~72808711.147,대전광역*******,14562128.326~14564503.412
박**,74010*********,010-*********,yeongs***********,22150597.019~22164949.889,전라남도 ***********,4386179.106~4391890.99
김**,96030*********,010-*********,cjeo********,73300123.562~73353510.776,대전광역********,25480347.622~25503899.897
김**,01122*********,010-*********,byeongce****************,10368428.163~10377380.984,대구광역시*********,2027297.901~2028811.795
나**,65112*********,010-*********,ri@******,62662131.636~62664122.0,울산광역********,23253479.777~23268826.053
한**,48112*********,010-*********,junhoga**************,8391197.014~8408235.81,전라남도 ***********,2049917.254~2050581.982
서**,82030*********,010-*********,gimyej************,19637166.721~19694200.992,부산광역********,280694.571~281215.762
박**,49070*********,010-*********,seohye***********,94423279.733~94438131.996,제주특별자***********,13156531.611~13166807.611
류**,93081*********,010-*********,sujingi****************,28929253.43~28934412.469,부산광역시 ***********,7092303.92~7093119.621
이**,99111*********,010-*********,gimhyeon******************,41042208.755~41072230.871,대전광역시*********,4267291.002~4269949.433
박**,12101*********,010-*********,jungsu***********,38673852.317~38683961.744,경기도 성**********,3611709.511~3614995.636
박**,07111*********,010-*********,osangh*************,74623766.163~74635619.783,경기도 *******,18682321.021~18692676.244
고**,99051*********,010-*********,sangh***********,46819429.711~46863313.399,충청남도 ***********,3497913.401~3501415.603
하**,81042*********,010-*********,yeweo**********,46819429.711~46863313.399,경상북도 ***********,4718814.67~4729005.69
강**,48101*********,010-*********,areum***********,36503075.139~36506592.365,서울특별*********,21530267.208~21535997.435
송**,01031*********,010-*********,iogja@**************,85252275.031~85266944.846,광주광역********,2935472.73~2935917.702
오**,65101*********,010-*********,ybag@***********,10484037.069~10492432.983,강원도 영월***********,1518198.675~1518992.045
남**,97012*********,010-*********,ki@gim*************,12064739.671~12075251.176,경상남도 ***********,1726110.606~1728997.576
김**,97111*********,010-*********,sangc***********,14595662.905~14643243.426,대구광역시***********,3242259.142~3245706.486
황**,58031*********,010-*********,ai@gi*********,9608562.005~9622875.6,경기도 김**********,1810978.347~1812904.464
김**,57092*********,010-*********,ggim@y*************,92862606.807~92879606.574,울산광역********,14695710.13~14709306.728
권**,96092*********,010-*********,seonghu****************,65732349.601~65739940.704,충청남도 ***********,2431576.889~2433913.37
오**,52112*********,010-*********,seongh*************,81788240.817~81841371.818,강원도 춘**********,22086989.385~22112446.269
김**,50052*********,010-*********,jbag@j************,42452400.141~42466248.44,대전광역*********,15549833.112~15559209.609
이**,80041*********,010-*********,jeongsun*****************,39392606.776~39399023.146,대구광역시 ***********,13430737.529~13441740.669
심**,76093*********,010-*********,gyeong*************,82430719.232~82435995.505,부산광역시*********,57141102.91~57335206.718
이**,99091*********,010-*********,pan*******,45643351.391~45660975.965,세종특별자치*************,8053870.139~8056273.725
이**,56120*********,010-*********,gimhyeon****************,59866876.602~59882450.448,세종특별자치*************,13374853.867~13381507.881
고**,67032*********,010-*********,zi@g*********,53119821.697~53129001.378,경상북도 ***********,3890615.217~3900914.775
이**,67100*********,010-*********,minjaem****************,3751515.951~3757956.53,세종특별자치*************,245607.375~247426.13
박**,02050*********,010-*********,bagjunh***************,30046909.9~30075269.302,인천광역시 ***********,7930849.772~7937196.048
장**,14051*********,010-*********,seonghu****************,24176990.568~24198832.741,제주특별자치*************,8044738.988~8053870.139
김**,52030*********,010-*********,gimseo*************,72049261.06~72059511.16,서울특별*********,6502056.239~6503133.571
이**,50032*********,010-*********,miyeongb*****************,63850099.724~63885668.785,인천광역********,1170520.76~1171524.86
이**,83032*********,010-*********,hyeji***********,12719277.058~12766900.601,광주광역********,2175629.204~2177355.492
김**,70070*********,010-*********,ibag*********,79568280.771~79584068.416,전라남도 ***********,23214480.76~23221296.116
김**,62070*********,010-*********,xbag@g************,77369339.528~77383168.727,인천광역*********,39935826.76~39943250.536
김**,05082*********,010-*********,zgim*******,21243743.792~21263077.69,강원도 홍**********,3399250.461~3399817.509
홍**,46101*********,010-*********,jihye*********,13951366.41~13992461.001,울산광역시 ***********,272132.619~273257.294
박**,69071*********,010-*********,gyeong************,29454456.596~29467932.593,경상북도 ***********,16814999.38~16823536.998
문**,02120*********,010-*********,gangseo***************,29940859.392~29958757.568,충청남도 ***********,1361196.408~1366515.581
이**,63062*********,010-*********,ibaeg@**************,21650113.375~21659846.874,광주광역시*********,4128583.389~4130741.392
박**,51111*********,010-*********,gimjihy****************,31306537.908~31321341.348,울산광역********,13234605.668~13238456.582
양**,05040*********,010-*********,ieungy**************,42962143.169~42974791.247,울산광역********,2901209.853~2906026.925
강**,52070*********,010-*********,boramba****************,90966434.978~90996245.953,대구광역*********,11441630.047~11453886.045
안**,44040*********,010-*********,minseos**************,72854175.894~72870466.497,강원도 화**********,25270499.756~25293149.424
홍**,69062*********,010-*********,seonyeo***************,48279795.607~48312576.78,인천광역*********,14176494.036~14182836.631
이**,60080*********,010-*********,seongsu****************,18259078.478~18268648.362,경기도 *******,4916574.678~4921401.11
김**,48081*********,010-*********,gimhyeji****************,18855580.533~18862336.986,충청남도 ***********,3847262.368~3859546.184
김**,01051*********,010-*********,ijeongj****************,95360646.563~95392820.444,전라북도 ***********,11871970.211~11874581.033
최**,52090*********,010-*********,seunghye******************,3414075.147~3426129.239,세종특별자치*************,1029627.864~1033034.867
박**,95082*********,010-*********,zgim@**********,19448947.759~19456658.901,충청북도 청**************,8921809.444~8930446.462
김**,07080*********,010-*********,yejigi************,43581582.518~43596986.862,부산광역시 ***********,5350855.021~5354933.416
이**,88072*********,010-*********,gimgyeon*****************,91724383.005~91746890.876,서울특별*********,58357260.882~58464212.793
김**,93022*********,010-*********,jaehyeon*****************,49696219.602~49704872.82,대전광역*********,9742589.136~9743499.303
권**,94120*********,010-*********,caeweon**************,57726720.816~57762645.147,인천광역시 ***********,2978101.863~2979276.136
류**,64110*********,010-*********,jihuy*********,51356041.504~51368832.646,광주광역********,1752540.684~1753072.424
손**,65021*********,010-*********,jeonghyi****************,64932151.412~64938593.35,경상북도 ***********,2394452.965~2397842.663
신**,70021*********,010-*********,hyeonj************,49994854.722~50012136.693,전라남도 ***********,386423.785~388094.133
이**,85122*********,010-*********,gimgyeo***************,55606485.634~55654538.774,전라북도 ***********,4808454.16~4811681.169
나**,60043*********,010-*********,gimj*********,64121472.14~64137901.084,세종특별자치*************,6023290.222~6024700.569
최**,09071*********,010-*********,seojun4****************,46157271.61~46174721.283,인천광역시*********,5141318.04~5150675.621
김**,08030*********,010-*********,gimsan***********,32807098.401~32832882.377,경기도 연**********,4044701.182~4046676.178
백**,11031*********,010-*********,dmin@**********,21051406.932~21075442.6,충청남도 ***********,3509927.766~3511491.917
김**,14111*********,010-*********,gyeongs****************,62180685.455~62203607.089,서울특별*********,47486349.429~47584142.4
김**,81031*********,010-*********,abag@g***********,85609684.991~85615719.688,경상남도 ***********,198220.854~200192.506
정**,71031*********,010-*********,songjih****************,98436412.198~98465666.042,인천광역시 ***********,39188388.515~39195560.486
김**,66061*********,010-*********,gimmi**********,87365512.627~87386978.56,강원도 *******,32436456.005~32464931.184
최**,54070*********,010-*********,coeyewe**************,23732365.924~23776555.266,부산광역*********,13046966.378~13051199.779
김**,83100*********,010-*********,junhye************,58509811.52~58559314.205,경기도 *******,6624663.886~6631377.082
안**,88050*********,010-*********,junhye**************,39451236.374~39477484.351,광주광역********,15215122.996~15224206.871
김**,79041*********,010-*********,yeonghw****************,61822318.13~61867452.8,충청남도 ***********,30774959.085~30793568.106
손**,70092*********,010-*********,jiyeong***************,37735099.169~37759244.075,대구광역*********,11097266.441~11110316.349
김**,90041*********,010-*********,ojeongs**************,82859165.773~82897965.396,충청북도 청**************,17834237.102~17854019.105
황**,56012*********,010-*********,eunjeong*****************,77861919.764~77907912.64,경기도 이**********,30407256.86~30459415.156
신**,03031*********,010-*********,baeji**********,15816243.948~15823911.448,전라남도 ***********,2712046.72~2712672.128
송**,01061*********,010-*********,isugja@**************,27661353.355~27697281.786,울산광역********,20096416.886~20112188.765
조**,62073*********,010-*********,yeongsu**************,43940148.25~43946267.887,인천광역*********,1332628.464~1335039.163
김**,80020*********,010-*********,yi@*******,78846839.698~78869648.349,경상북도********,25534844.598~25549340.077
최**,06080*********,010-*********,gyeongh**************,13273827.261~13300054.666,부산광역********,1674582.041~1677637.086
김**,54080*********,010-*********,jangsu**************,40081107.054~40088134.097,충청북도 ***********,5445702.894~5450177.445
한**,13102*********,010-*********,baghyeonj******************,45372595.56~45392789.322,충청북도 ***********,12945811.124~12950266.902
김**,95092*********,010-*********,ugim*********,9493188.832~9514777.215,광주광역********,538633.273~539804.714
김**,82050*********,010-*********,eunju8*************,44580695.204~44592889.309,인천광역시*********,11227550.699~11230400.892
조**,56011*********,010-*********,jangye**************,96618507.371~96629365.884,부산광역********,40856586.544~40898857.437
김**,81021*********,010-*********,bageunye*****************,18653062.872~18661110.12,대구광역시*********,2188984.783~2199510.608
강**,09050*********,010-*********,ogeon***********,79317446.706~79346426.584,경상남도 ***********,18475495.267~18488562.671
류**,79020*********,010-*********,seonghye******************,17797964.82~17814865.223,경기도 *******,2642833.508~2644146.889
김**,14051*********,010-*********,suji*********,89060192.057~89069240.65,세종특별자**********,23491459.422~23508869.824
이**,99041*********,010-*********,hayun***********,35589300.801~35605213.199,부산광역********,11764662.583~11768663.543
남**,04110*********,010-*********,jbag@*********,24587305.27~24609660.669,대전광역*********,11914577.602~11925590.105
안**,90030*********,010-*********,hyeonjeo****************,79382219.219~79411924.242,인천광역*********,8102897.491~8111408.862
김**,44120*********,010-*********,pcoe*******,13613004.106~13633646.851,경상남도 ***********,2753011.491~2754305.455
성**,14122*********,010-*********,bagye***********,63173160.5~63190851.737,제주특별자치*************,13900198.525~13905608.878
송**,92042*********,010-*********,yunhyeon*****************,34924690.705~34947548.514,충청남도********,531148.792~531817.822
박**,04070*********,010-*********,seungh*************,8925448.354~8940363.9,서울특별*********,6518282.776~6525448.928
이**,04111*********,010-*********,oseoye*************,80161813.33~80187292.988,대구광역********,44006459.297~44120257.905
이**,45033*********,010-*********,phon*******,50980398.17~51017093.0,제주특별자치*************,24024203.161~24038693.794
노**,65042*********,010-*********,wno@yu***********,60058020.253~60067081.008,울산광역*******,4472202.955~4474540.755
황**,14060*********,010-*********,xjan********,32832882.377~32855856.461,대전광역********,249425.391~250084.522
박**,44060*********,010-*********,eungye**************,50391471.074~50415378.728,대전광역*********,18890204.409~18898549.694
지**,74090*********,010-*********,gimjeong*****************,70717323.918~70740700.694,대전광역********,10114053.886~10124425.951
김**,55050*********,010-*********,junyeo************,81018723.212~81059975.387,충청북도 ***********,18290770.995~18295589.716
김**,71010*********,010-*********,yeongs***********,44325356.83~44335062.246,울산광역********,13547385.12~13567736.81
이**,12062*********,010-*********,qbag@y*************,22878693.082~22904763.624,충청남도 ***********,15689723.176~15698074.412
이**,99032*********,010-*********,gwagse**************,90033690.104~90047195.938,대전광역*********,15344327.98~15356385.246
한**,53081*********,010-*********,bi@yuh***********,11369175.376~11379035.189,충청남도 ***********,896386.389~900596.092
박**,98062*********,010-*********,heohaeun****************,10194899.22~10210060.68,경기도 이**********,1083005.012~1083364.617
안**,65012*********,010-*********,jiu31@***********,16613370.554~16627852.89,제주특별자***********,4165339.275~4167385.678
양**,44090*********,010-*********,jeongs**************,56972712.988~57024445.003,전라남도 ***********,2747560.11~2751911.901
최**,57031*********,010-*********,minjis**************,16691859.145~16700040.09,전라북도 ***********,839636.384~841886.954
권**,94022*********,010-*********,hyeonj**************,77733718.299~77759709.628,울산광역********,9541296.282~9545389.595
김**,51102*********,010-*********,rhwang**************,45135007.332~45159419.123,전라남도 ***********,4134526.094~4135290.591
김**,58052*********,010-*********,obag*******,26442400.297~26470718.473,대전광역********,9194637.022~9200705.382
고**,76100*********,010-*********,pcoe@s************,41105151.734~41112312.971,경상북도 ***********,10824250.334~10833426.006
박**,09042*********,010-*********,seongmin*****************,33894848.787~33922497.858,세종특별자**********,18525193.047~18529435.96
서**,84120*********,010-*********,pi@gim***********,81911168.958~81940667.968,서울특별*********,19499330.841~19502719.737
최**,04020*********,010-*********,sanghyeo*****************,54795763.332~54812401.874,충청남도 ***********,18047308.213~18055324.172
남**,67031*********,010-*********,jeongh*************,88814433.235~88820009.756,대전광역*********,15731985.024~15739920.778
오**,80021*********,010-*********,jeongs**************,74764116.989~74770913.23,세종특별자치*************,4015041.272~4016469.254
유**,59120*********,010-*********,jihyeonc*****************,28086473.579~28127005.969,서울특별시 ***********,138918.762~140966.712
강**,86013*********,010-*********,yeongsi**************,69857531.023~69867744.233,대구광역시 ***********,24626679.675~24651139.378
강**,80103*********,010-*********,fbag@b***********,11524970.027~11536314.254,광주광역*********,152815.8~153824.572
이**,81060*********,010-*********,fgi*******,48747416.204~48758905.382,전라북도********,20337876.743~20342679.093
이**,84060*********,010-*********,yson********,22101633.459~22108990.075,충청북도 ***********,3447512.637~3452604.757
하**,97040*********,010-*********,ogim@*********,8290773.545~8306755.346,대전광역********,1614330.92~1624301.108
김**,90100*********,010-*********,sunog48**************,52542974.619~52583074.26,울산광역********,9132878.632~9136307.051
이**,90061*********,010-*********,junhy***********,25259445.284~25264348.45,제주특별자치**************,554527.154~556452.228
박**,04112*********,010-*********,minseo************,55939525.05~55963536.394,세종특별자치*************,5821252.337~5822331.28
김**,45051*********,010-*********,eunseogi****************,21112305.086~21127509.585,경기도 성***********,1114482.71~1116968.299
오**,44081*********,010-*********,coeyeo***********,28167915.531~28212812.671,서울특별*********,3456231.945~3460016.418
양**,68021*********,010-*********,minja**********,71061808.291~71068223.059,전라북도 ***********,12555728.664~12559904.566
김**,76122*********,010-*********,jiyeo**********,89041575.892~89060192.057,인천광역*********,17043857.953~17048997.32
고**,80033*********,010-*********,hyeonugi****************,11952191.912~11958150.053,충청남도 ***********,1646320.553~1649290.702
이**,12090*********,010-*********,bagmyeong******************,34803916.337~34818995.725,광주광역********,20257795.509~20276119.336
박**,60031*********,010-*********,ogsun*********,17698642.045~17707426.9,경상북도 ***********,8313815.168~8319108.187
김**,59030*********,010-*********,yeonghog*****************,48868662.458~48884519.006,충청남도 ***********,10152682.202~10155788.387
강**,53022*********,010-*********,seongsu**************,75461960.382~75484186.569,전라북도 ***********,3460016.418~3467915.209
한**,00051*********,010-*********,yjo@yu************,61292919.198~61308910.911,강원도 삼***********,24563715.816~24568569.709
민**,57022*********,010-*********,junyeong****************,61915031.393~61955881.31,경기도 용**********,24951554.638~24953260.381
윤**,48040*********,010-*********,eunseo**************,37477168.553~37520380.386,경상북도 **********,5800659.056~5804819.019
김**,44071*********,010-*********,seongmin******************,92480342.256~92518937.568,부산광역시**********,21717079.573~21735839.405
조**,94022*********,010-*********,jiminha***************,8306755.346~8315279.139,강원도 고**********,1867594.995~1870371.954
우**,75111*********,010-*********,yeeun*********,62737793.703~62754215.828,경상남도 ***********,376484.294~378193.973
박**,51120*********,010-*********,jeong**********,15542387.714~15559229.284,광주광역********,2229293.656~2232061.205
김**,88022*********,010-*********,iminja************,55660608.821~55678505.291,전라북도 ***********,25915996.905~25954602.76
이**,85111*********,010-*********,sunog***********,79434924.299~79450490.246,울산광역********,34172272.406~34203888.262
박**,13103*********,010-*********,iseo@**********,9608562.005~9622875.6,경상남도 ***********,528530.564~531148.792
최**,45033*********,010-*********,gyeon***********,31488418.054~31514359.768,경상남도********,20150451.28~20163971.889
박**,53122*********,010-*********,juweoni***************,29708030.88~29720232.938,경상남도 ***********,2182323.917~2185099.576
이**,62123*********,010-*********,jangseo****************,32268062.09~32272263.973,경상남도 ***********,2906026.925~2910612.252
장**,44121*********,010-*********,eunseo8**************,96499461.155~96507694.775,대전광역********,14983607.011~14988425.684
김**,48030*********,010-*********,myeongsu*****************,83311772.422~83339233.457,대전광역********,10441973.115~10449290.076
송**,69010*********,010-*********,seongh**************,39787370.076~39813280.695,서울특별********,4202737.53~4205307.345
이**,78011*********,010-*********,doyun4***********,95824693.11~95835830.57,대전광역********,62035118.822~62584319.965
박**,04101*********,010-*********,donghyeo****************,27628998.054~27643250.416,대전광역********,8709274.809~8716050.187
김**,88012*********,010-*********,yeongsug*****************,79468135.459~79488436.71,제주특별자치**************,28394130.922~28425037.65
최**,66021*********,010-*********,hyeonji**************,99940727.693~99958028.128,인천광역시*********,36982205.12~37080205.582
최**,93090*********,010-*********,ehwa*********,3825923.349~3830217.272,대전광역********,2754305.455~2755890.462
김**,98090*********,010-*********,gimseoh***************,75862815.437~75885646.384,전라남도 ***********,5705050.989~5708159.518
박**,07112*********,010-*********,byeongce****************,8222529.328~8235440.756,인천광역********,820394.113~821382.83
이**,93012*********,010-*********,ebaeg@g**************,13928983.256~13951366.41,제주특별자치*************,2674060.941~2676330.886
이**,15010*********,010-*********,eunju***********,19818314.029~19846494.46,광주광역********,12231960.83~12240294.024
김**,66071*********,010-*********,gimjia***********,92578593.782~92581690.584,강원도 홍**********,23801444.058~23812397.701
김**,85120*********,010-*********,tseo@***********,23848895.024~23856783.872,전라남도 ***********,12499058.153~12510619.398
김**,08120*********,010-*********,hongmij***************,80093552.673~80107720.716,강원도 *******,17216473.408~17229904.284
이**,47021*********,010-*********,bagyuns****************,81484316.549~81494907.33,경기도 고***********,1430175.628~1432386.303
박**,60032*********,010-*********,eunyeong******************,39691566.694~39717241.197,대구광역시*********,15867834.571~15875055.392
한**,50071*********,010-*********,gyeongja*****************,11206597.077~11218324.1,세종특별자치*************,2962419.943~2966264.25
김**,64010*********,010-*********,yeongho****************,87265780.043~87271394.786,서울특별********,34681455.458~34732508.977
박**,44040*********,010-*********,jojeo***********,62203607.089~62230056.244,부산광역********,15145768.902~15150028.67
장**,66122*********,010-*********,bgim@g*************,97156255.35~97164862.475,경상북도 울***********,28612924.409~28625443.2
김**,67030*********,010-*********,jiagim**************,62778438.714~62784975.307,충청북도 ***********,14897958.148~14902378.92
김**,82061*********,010-*********,seungmi***************,8472582.83~8478647.72,경기도 *********,1801624.54~1802724.358
이**,10070*********,010-*********,doyuno***********,24566205.034~24574993.535,제주특별자***********,5881088.445~5883276.88
고**,92022*********,010-*********,gimmijeo****************,95420102.649~95451780.843,부산광역********,67238888.578~69572831.823
권**,49070*********,010-*********,yeji*********,49869917.748~49896777.266,대전광역********,22777784.476~22797178.424
진**,72060*********,010-*********,vgim*******,15491727.81~15499591.974,세종특별자치*************,220385.916~224305.477
지**,00021*********,010-*********,gimseo**************,17262976.765~17287633.626,전라남도 ***********,3873537.419~3876035.717
장**,57012*********,010-*********,sunjah**************,57432702.9~57442937.295,광주광역********,23593141.538~23601684.718
백**,00102*********,010-*********,agi*******,76077855.142~76091523.717,충청남도 ***********,19641551.223~19648118.967
류**,49061*********,010-*********,pbag@y************,73749793.598~73774355.176,강원도 고***********,6868556.285~6873122.077
유**,00041*********,010-*********,myeong************,56857181.92~56869644.224,강원도 화**********,1947497.44~1949647.185
강**,67081*********,010-*********,xseong************,6251970.859~6265958.855,경상북도********,1892650.376~1896451.17
김**,48053*********,010-*********,eunse**********,21231618.578~21243743.792,대전광역********,8817534.659~8826170.198
양**,62111*********,010-*********,jihye95***************,32014348.486~32028323.27,경상북도 ***********,10883825.09~10885747.33
박**,04121*********,010-*********,fcoe@**********,24243960.672~24266617.633,충청남도 ***********,10233589.17~10239619.485
김**,78012*********,010-*********,gyeongj***************,68504011.734~68516156.401,대구광역********,32353266.217~32386641.242
백**,50022*********,010-*********,junho**********,97026463.406~97107355.727,대구광역********,12275262.991~12290697.511
김**,61020*********,010-*********,gimseungh******************,73241639.7~73248091.464,전라북도 ***********,14935304.268~14951414.885
주**,57062*********,010-*********,coeha**********,11958150.053~11984096.731,제주특별자치**************,1152354.438~1155791.897
김**,98080*********,010-*********,coegyeon*****************,74635619.783~74662424.748,서울특별*********,34343669.545~34368122.674
최**,64110*********,010-*********,sanghyeon******************,74211242.801~74218501.929,경상북도 ***********,8290993.368~8297703.372
강**,82102*********,010-*********,fhwa*********,39303233.544~39342285.469,대구광역********,5337050.5~5340054.937
이**,86052*********,010-*********,coejunye****************,72665001.421~72723312.2,제주특별자**********,10136591.357~10147171.046
박**,14111*********,010-*********,seoye***********,83303721.912~83311772.422,대구광역시*********,33353356.994~33399296.266
오**,62091*********,010-*********,coedonghy******************,2011955.999~2057609.903,전라북도 ***********,797264.204~799430.53
이**,56082*********,010-*********,nhong***********,62375767.951~62390299.062,제주특별자치**************,26250607.689~26288529.322
장**,49110*********,010-*********,eungyeon******************,78718293.04~78723144.867,전라남도 ***********,13758685.122~13763172.958
김**,50080*********,010-*********,namj*********,36760230.445~36776781.987,울산광역시 ***********,8491643.074~8494924.059
이**,00111*********,010-*********,seungmi****************,38614888.312~38622457.754,울산광역시 ***********,4184647.06~4187364.755
손**,61032*********,010-*********,eunjeo***********,89920003.608~89944811.027,부산광역*********,31964587.045~32052237.562
최**,03050*********,010-*********,mijeong4****************,26346559.133~26367203.584,대구광역*********,6777188.941~6785423.818
김**,51012*********,010-*********,coeeu**********,68990608.962~69021672.465,대전광역********,4867637.133~4869347.831
이**,76061*********,010-*********,caeweon0****************,15571599.576~15586395.289,광주광역*********,1228411.979~1229291.144
박**,99012*********,010-*********,janghy***********,2106728.314~2122569.138,광주광역********,839274.507~839636.384
서**,82040*********,010-*********,aco*******,85266944.846~85269654.96,경상북도********,48320315.893~48446097.469
김**,64052*********,010-*********,bagsan**************,75934889.287~76006406.958,경기도 *******,12925893.023~12932987.125
이**,03040*********,010-*********,sumin2*************,40031572.893~40046650.116,세종특별자**********,2939048.708~2939412.74
이**,79120*********,010-*********,ijunse**************,78436674.007~78452705.936,서울특별*********,4068662.56~4070095.725
김**,89021*********,010-*********,seoyu***********,47205331.168~47213644.313,경상남도 ***********,12199348.325~12209738.725
홍**,82041*********,010-*********,hcoe@j*************,75619094.69~75630374.838,부산광역*********,14564503.412~14571280.328
이**,45120*********,010-*********,yeongmi***************,83071942.411~83076696.15,인천광역*********,6838612.774~6841260.433
이**,99022*********,010-*********,myeongja*****************,40791252.098~40841984.59,광주광역********,11500697.003~11501862.511
김**,57080*********,010-*********,seonyeo**************,2952564.784~2953580.336,대전광역********,231165.519~236344.197
이**,87022*********,010-*********,gimseo***********,89875077.69~89889736.984,경상북도 ***********,20419989.46~20426525.138
박**,53012*********,010-*********,iseunghy*****************,31987467.178~32001808.734,부산광역시*********,2844878.862~2847351.871
김**,91042*********,010-*********,tgan*******,70046749.106~70063046.897,인천광역********,3597407.618~3597866.471
김**,67012*********,010-*********,seojungi****************,31306537.908~31321341.348,부산광역********,6537592.845~6541389.38
박**,57042*********,010-*********,simsiu************,13305670.839~13330153.094,전라남도 ***********,1189236.392~1196092.37
이**,52110*********,010-*********,minseogg****************,46642169.77~46650520.226,경상남도 ***********,11151539.274~11156536.961
오**,56080*********,010-*********,sunjah***********,2225267.754~2236792.094,서울특별*********,290962.354~293181.785
장**,86070*********,010-*********,fgim@y*************,11702489.757~11735797.771,광주광역********,5289232.84~5291386.782
이**,53072*********,010-*********,byeongc***************,67283955.11~67298589.168,충청북도 청**************,3620964.638~3623565.036
김**,57052*********,010-*********,coesan************,61606474.081~61620772.25,울산광역********,37106273.469~37174343.274
이**,66100*********,010-*********,fi@ig*********,60257011.072~60281073.792,제주특별자치**************,1904732.674~1906167.422
김**,03022*********,010-*********,ngi*******,38890742.016~38922090.382,전라남도 ***********,17240316.462~17250268.557
김**,08050*********,010-*********,oboram**************,3426129.239~3448666.985,강원도 *******,1374541.379~1375197.25
장**,97121*********,010-*********,boram69***************,76161191.646~76170048.874,경기도 용**********,9871908.011~9879509.683
이**,02071*********,010-*********,yuseongm*****************,66844998.22~66853294.39,울산광역*******,2415338.171~2417188.554
이**,14051*********,010-*********,seunghye*****************,92067911.816~92125269.416,충청북도 ***********,14918201.833~14931435.212
이**,51122*********,010-*********,migyeongh*******************,25514920.598~25543780.936,대구광역********,16385563.701~16395465.0
구**,12040*********,010-*********,jeonghyi******************,95318335.381~95329394.07,대구광역시*********,14626609.46~14630793.224
김**,05041*********,010-*********,jaeho24**************,57311593.144~57351764.656,서울특별*********,5966819.755~5971437.12
김**,75102*********,010-*********,fgim@*********,94032880.248~94040762.276,부산광역시 ***********,22570108.404~22583010.682
김**,57020*********,010-*********,gimsu*********,59374527.938~59406079.649,경상북도 ***********,5285589.72~5289232.84
장**,06090*********,010-*********,jeongsu5****************,17262976.765~17287633.626,인천광역********,3438798.546~3442245.441
박**,80063*********,010-*********,seojuni***************,79259919.705~79264314.877,광주광역시*********,6092750.363~6094748.048
문**,01111*********,010-*********,jeongsunj******************,7002345.875~7009548.361,경기도 *******,551325.633~554527.154
강**,14121*********,010-*********,eunyeo*************,15840001.235~15861682.573,대전광역********,615261.241~621328.435
문**,66043*********,010-*********,jinu********,35320762.31~35338675.98,인천광역*********,5150675.621~5157586.007
이**,61122*********,010-*********,vbag@c***********,70438639.591~70445644.798,인천광역*********,28877061.413~28907868.927
손**,79120*********,010-*********,jihu9***********,75747482.622~75761309.508,인천광역*********,10966995.0~10971377.784
최**,50021*********,010-*********,coeseo***********,55443702.34~55475331.176,인천광역시 ***********,10730258.63~10732561.96
강**,66080*********,010-*********,ti@ub*********,76274843.537~76301615.258,경상남도 ***********,11665317.789~11674365.435
박**,57020*********,010-*********,ygang@**************,18661110.12~18681824.882,서울특별*********,1996333.837~1999371.572
서**,93080*********,010-*********,jinseon***************,40268933.35~40293714.073,강원도 인*********,1812904.464~1815277.699
윤**,85121*********,010-*********,minja***********,83197711.607~83204627.664,광주광역*******,7655144.356~7659924.258
김**,45111*********,010-*********,isujin*************,21864133.427~21868925.11,경상남도 **********,9207646.565~9219365.925
윤**,90072*********,010-*********,qeom@**********,40065233.408~40081107.054,충청남도 ***********,4554105.95~4556537.15
이**,87010*********,010-*********,seojung**************,29831341.042~29883516.641,경상남도 ***********,997844.344~1001826.307
김**,04111*********,010-*********,minjij***********,96789725.714~96793330.023,부산광역시**********,41373193.291~41550943.136
이**,60123*********,010-*********,gweonsug****************,18444595.888~18455563.16,대전광역*********,11224385.649~11227550.699
이**,89110*********,010-*********,yunseo0****************,50490008.866~50501202.001,서울특별시*********,3535628.468~3539975.811
이**,78091*********,010-*********,jeongj***********,8274234.078~8290773.545,경상북도********,3381910.414~3383622.725
손**,67112*********,010-*********,jeongsug****************,26500262.661~26523222.151,전라북도 ***********,9756816.501~9760281.595
신**,53041*********,010-*********,jihye47***************,79370709.256~79375152.324,서울특별*********,33787225.94~33917107.539
김**,47072*********,010-*********,qba*******,11514515.097~11524970.027,세종특별자치**************,413731.748~416214.703
최**,63033*********,010-*********,mijeongg*****************,11379035.189~11420919.081,인천광역시 ***********,1441186.226~1443316.824
김**,94102*********,010-*********,jihye**********,89602897.654~89618832.522,대전광역********,28015162.89~28035285.78
김**,06102*********,010-*********,jiyeong**************,86951773.385~86962782.888,대구광역********,8533032.214~8537634.085
조**,65092*********,010-*********,yeonggil******************,32275180.466~32278018.962,광주광역********,14718348.021~14723378.557
김**,00112*********,010-*********,seongho****************,15826444.104~15835216.59,대구광역*********,106026.659~108540.857
최**,56040*********,010-*********,man@ju************,17731611.643~17737627.104,세종특별자치*************,2814706.312~2815113.511
이**,93012*********,010-*********,yeongsu***************,39069468.035~39101442.918,경상남도 ***********,13042102.731~13046966.378
윤**,92070*********,010-*********,sanghu*************,99770373.66~99798975.162,광주광역*******,27477178.976~27517559.154
지**,87092*********,010-*********,seungh*************,49818597.517~49837677.523,충청남도 ***********,24953260.381~24967701.653
김**,73101*********,010-*********,sanghye***************,78187941.847~78214371.55,충청남도 ***********,5076648.678~5077949.449
박**,13071*********,010-*********,gimjeon****************,21894858.289~21909262.76,경상북도 ***********,2673525.083~2674060.941
박**,00042*********,010-*********,jiu42***********,64857331.889~64883168.533,서울특별시*********,19853679.264~19864605.089
김**,00080*********,010-*********,anam********,31597362.605~31609343.338,강원도 철*********,13274561.69~13285135.41
윤**,80043*********,010-*********,jeong***********,35860060.162~35869852.396,충청북도 단***********,21312305.527~21323874.027
장**,68121*********,010-*********,seojun**************,99436021.4~99449221.103,대구광역시 ***********,18295589.716~18307904.678
김**,71051*********,010-*********,hyejin**************,58973658.567~59013256.398,전라남도 ***********,10378874.28~10383090.795
황**,93062*********,010-*********,qbag*******,64904910.906~64909988.64,전라북도 ***********,27433233.98~27451219.192
윤**,48120*********,010-*********,gimyeon***************,83477070.669~83493147.216,울산광역********,505702.385~507793.265
박**,50060*********,010-*********,munyeong*****************,73788785.01~73792570.005,제주특별자치*************,2581541.353~2585601.861
김**,51111*********,010-*********,nbag@***********,89377036.358~89387207.86,경기도 용**********,15487115.311~15491970.547
안**,13032*********,010-*********,yeongho****************,49083346.407~49112328.944,인천광역*********,22593938.28~22606503.444
이**,65070*********,010-*********,usangho***************,73236095.576~73241639.7,부산광역*********,1641523.452~1642144.129
송**,76061*********,010-*********,junye***********,38746117.752~38766724.5,울산광역*********,2509390.372~2512178.46
조**,48041*********,010-*********,ojiyeo**************,19044460.861~19055940.962,강원도 홍*********,6991399.902~7002064.308
이**,55061*********,010-*********,minseogg*****************,19436235.361~19445144.344,인천광역*********,3311460.063~3313642.526
김**,73020*********,010-*********,anyew**********,64644817.064~64668546.474,세종특별자치*************,8000054.206~8008921.73
김**,83112*********,010-*********,seongho**************,3544231.71~3557876.344,충청북도 ***********,2035282.008~2036519.032
강**,86122*********,010-*********,yeweo***********,71618956.444~71640343.799,경기도 성**********,2169113.222~2170458.79
한**,52022*********,010-*********,jbaeg***********,38525782.224~38541231.625,울산광역********,14866649.068~14878869.029
남**,12100*********,010-*********,gimogj************,33117018.131~33179309.36,충청남도 천**************,373387.854~373684.481
하**,56062*********,010-*********,ogjagim**************,74093716.296~74125454.017,대전광역********,17403262.06~17416666.013
이**,94022*********,010-*********,seosu*********,60067081.008~60078112.771,대전광역********,21389694.094~21396685.691
이**,68041*********,010-*********,ujin27***********,95498714.909~95499365.723,전라북도 **********,52418982.284~52655974.058
오**,48052*********,010-*********,seongsu**************,86501863.785~86540460.096,광주광역시*********,25770769.875~25776646.205
이**,66053*********,010-*********,rhong@***********,84871818.56~84881363.785,광주광역********,5905461.244~5908458.164
이**,95011*********,010-*********,zan@y***********,87825246.369~87828165.108,경상북도 ***********,8583140.046~8594209.914
최**,90030*********,010-*********,imin********,89780547.249~89829251.625,서울특별*********,34145350.81~34172272.406
김**,01041*********,010-*********,hayun**********,29189405.88~29195788.833,세종특별자치*************,2185099.576~2186243.204
이**,63042*********,010-*********,cunja**********,92392910.824~92416759.299,충청남도 ***********,25915996.905~25954602.76
김**,12010*********,010-*********,iseony***********,47630754.593~47643667.358,경기도 화**********,510259.986~511345.014
최**,73102*********,010-*********,ni@b*********,16613370.554~16627852.89,세종특별자**********,1732624.522~1733990.428
류**,99121*********,010-*********,chan@h*************,91905806.096~91928314.735,대구광역시*********,10475081.34~10478270.088
홍**,59062*********,010-*********,jeongnam*****************,42438983.442~42447856.057,대전광역*********,1809516.683~1810978.347
양**,02040*********,010-*********,gyeonghy****************,40431749.298~40437733.248,전라북도 ***********,26250607.689~26288529.322
이**,48122*********,010-*********,yeongg************,32050258.904~32071651.28,제주특별자***********,5891885.288~5899213.364
성**,02041*********,010-*********,yeongho****************,10842380.151~10864237.076,서울특별*********,570774.822~571986.82
강**,02100*********,010-*********,junseo*************,41479341.536~41489257.51,전라남도 ***********,1407046.015~1408925.238
박**,59121*********,010-*********,jeongs**************,27322287.423~27366773.759,경상북도 ***********,14846067.389~14851261.85
이**,74071*********,010-*********,jungsu**************,23360479.497~23379473.248,충청남도*******,17403262.06~17416666.013
유**,77121*********,010-*********,rbag@j************,68019283.5~68043747.213,강원도 횡**********,21608391.52~21620001.589
김**,91102*********,010-*********,yeju********,98670173.34~98686898.413,대구광역*********,29937215.626~29949034.947
박**,96041*********,010-*********,oju@*******,56157264.95~56184987.842,충청북도 청**************,13000260.206~13010683.329
이**,54052*********,010-*********,jiui@**********,15773913.578~15796652.779,경기도 고**********,124388.521~128977.923
박**,14102*********,010-*********,tryu*******,99086510.754~99145178.927,경상북도 ***********,16960158.188~16974425.465
진**,88071*********,010-*********,di@******,52510315.815~52521203.802,서울특별*********,1262534.425~1264506.96
김**,52092*********,010-*********,fjan*********,76929595.832~76947377.165,충청남도 ***********,12750330.427~12759362.867
곽**,07090*********,010-*********,minjun7***************,27765438.05~27805601.94,경상남도 ***********,473383.908~474670.171
황**,80062*********,010-*********,iseohy************,41217561.373~41235078.06,서울특별*********,4205307.345~4208852.529
허**,46071*********,010-*********,jiu18**********,99499558.292~99563033.718,전라북도 ***********,17616290.563~17618771.64
박**,72072*********,010-*********,yeongho***************,54122423.047~54149644.085,서울특별*******,23228470.386~23253479.777
하**,85020*********,010-*********,hi@ju***********,60687230.6~60708281.884,강원도 화**********,2599766.325~2603719.123
김**,61041*********,010-*********,igwangs***************,10157271.555~10168715.413,울산광역시 ***********,5867174.849~5869395.641
이**,04101*********,010-*********,namsumi****************,27979481.291~28012488.574,경기도 수**********,6920585.516~6933044.186
김**,13050*********,010-*********,wheo@j*************,38402726.369~38410363.779,전라남도 ***********,20612217.073~20628327.268
김**,73052*********,010-*********,chwang***********,8756050.075~8773034.195,서울특별*********,401071.981~404806.251
박**,56121*********,010-*********,ijiyeo***********,69332846.299~69367838.861,세종특별자**********,7134745.793~7138563.75
김**,67081*********,010-*********,hayun3************,47555767.49~47574516.725,서울특별시*********,26941098.637~26954431.857
김**,83111*********,010-*********,scoe@j************,44608678.589~44637845.217,제주특별자***********,5738901.312~5744193.48
이**,69060*********,010-*********,jeongsugg*******************,80339706.81~80376159.227,경상북도 ***********,189368.709~192416.918
송**,46072*********,010-*********,gyeongja****************,7531825.64~7566439.938,부산광역*********,3997705.15~3999145.362
김**,87032*********,010-*********,seonyeong******************,10842380.151~10864237.076,경기도 파**********,1630896.441~1635044.077
엄**,64080*********,010-*********,eunseo7****************,76716434.715~76754628.107,광주광역********,14318241.941~14329173.806
김**,58052*********,010-*********,baegcaew******************,98757064.747~98793368.898,광주광역********,48579759.81~48701846.045
남**,59030*********,010-*********,bagmije**************,43333497.696~43367915.967,울산광역********,19917567.22~19933551.776
최**,13030*********,010-*********,yeongj*************,61229778.1~61254949.058,울산광역시 ***********,2526068.262~2526659.773
이**,70063*********,010-*********,useoy***********,95352187.287~95356636.11,충청남도 ***********,18782229.991~18791864.214
양**,09072*********,010-*********,gwangs************,18432386.016~18444595.888,경기도 *******,599819.785~600174.657
최**,94111*********,010-*********,ijuweon***************,10037566.184~10085775.81,인천광역시 ***********,4208852.529~4213653.255
황**,89051*********,010-*********,fson@**********,39780598.343~39787370.076,세종특별자치*************,2134713.145~2135654.557
박**,47041*********,010-*********,ujin30@**************,28555135.069~28591532.478,세종특별자치*************,18067359.753~18076184.17
김**,98060*********,010-*********,yi@ib*********,31061244.796~31084915.469,세종특별자**********,6844087.655~6846159.18
이**,52091*********,010-*********,gimyeo***********,71540895.163~71567548.022,대구광역********,1343921.134~1344634.79
최**,95120*********,010-*********,jimin*********,7380508.048~7403901.412,전라남도********,588421.159~589055.676
주**,61020*********,010-*********,seoyeo***********,21292528.518~21313453.673,부산광역*********,8351056.104~8354055.616
박**,66052*********,010-*********,mijeong***************,73816215.842~73842742.674,대전광역*********,27649712.08~27669031.36
이**,98040*********,010-*********,gimyeong*****************,12529537.623~12553509.791,전라남도********,6374248.475~6376868.133
김**,02071*********,010-*********,ieunjeon****************,9247018.199~9278350.944,대구광역********,1140878.972~1144871.734
김**,86060*********,010-*********,yeongs***********,13228475.877~13250329.333,충청남도 ***********,6019850.528~6023290.222
나**,53112*********,010-*********,gwangsu8****************,18728178.969~18747820.464,전라북도 ***********,1596413.758~1599591.723
장**,01021*********,010-*********,ggim@j************,81982634.628~82012873.263,세종특별자치*************,14747719.229~14765838.304
서**,50090*********,010-*********,hayunhon****************,6724619.754~6732007.238,세종특별자치*************,1847467.496~1849359.85
이**,82062*********,010-*********,hyeonjeo****************,73536662.786~73555795.035,부산광역*********,5291386.782~5296880.015
강**,89112*********,010-*********,gimsu***********,90801839.905~90807416.82,전라북도 ***********,2451069.478~2452070.695
한**,11031*********,010-*********,ajang@**************,67481703.856~67493580.149,경상북도 포**************,14292994.763~14306289.563
김**,98071*********,010-*********,fhan@j************,6741476.033~6768481.436,광주광역********,2204362.078~2205830.674
서**,59091*********,010-*********,minjiba****************,59822258.112~59827655.424,전라남도********,35827761.773~35894606.294
김**,04101*********,010-*********,baghay*************,90772940.977~90796169.836,경기도 안**********,21377591.24~21382038.255
최**,84110*********,010-*********,gimjuns****************,95092279.598~95110162.399,대전광역********,15069198.652~15071741.992
안**,03021*********,010-*********,kgim@g*************,68396501.281~68403577.81,전라북도 ***********,1285541.18~1289118.416
이**,53101*********,010-*********,geonu**********,47443645.079~47451367.984,울산광역********,30283696.296~30298549.443
박**,74032*********,010-*********,minjuni***************,83397012.238~83415453.369,인천광역시 ***********,219739.321~220385.916
신**,71071*********,010-*********,gi@i*******,47836882.622~47860826.17,강원도 춘*********,17285637.743~17294164.036
김**,50020*********,010-*********,jinho5*************,10655834.607~10673195.018,강원도 양***********,3078976.509~3081744.232
김**,85061*********,010-*********,fcoe@**********,64668546.474~64730889.256,울산광역시 ***********,36644406.599~36698354.771
나**,89061*********,010-*********,minsu08**************,67772226.554~67797115.634,광주광역*********,23426380.626~23445674.708
김**,11091*********,010-*********,doyunba***************,5755666.611~5773100.378,충청북도 청**************,1435370.767~1436442.314
김**,13010*********,010-*********,fi@******,51618165.781~51631499.928,경상북도 ***********,22583010.682~22584310.657
박**,50022*********,010-*********,jihugim***************,80921022.54~80940133.611,전라남도 ***********,4424226.439~4427002.875
김**,11051*********,010-*********,useong*************,18919753.283~18949826.149,인천광역시 ***********,6841260.433~6844087.655
김**,57040*********,010-*********,jinho69***************,53038012.342~53052770.634,세종특별자치*************,3444242.399~3447512.637
김**,56062*********,010-*********,iseoye*************,79488436.71~79511178.994,제주특별자치*************,17854019.105~17859818.551
심**,67041*********,010-*********,sujinba**************,34674926.353~34692376.047,인천광역*********,16207036.782~16212250.896
장**,75020*********,010-*********,donghyeo*****************,21454199.376~21487971.342,인천광역*********,7836563.836~7846667.666
백**,55032*********,010-*********,yunyeong******************,4490443.8~4511470.965,대구광역*********,2958068.518~2962419.943
이**,83101*********,010-*********,gimjeo***********,9914121.286~9926539.21,인천광역********,3516382.5~3518349.378
김**,55111*********,010-*********,yeongja***************,90007346.44~90033690.104,인천광역*********,10478550.546~10480966.238
조**,04121*********,010-*********,junyeon***************,57024445.003~57060795.926,충청남도 ***********,1366515.581~1368833.746
김**,84031*********,010-*********,igim*******,26102497.315~26128557.875,광주광역*********,1099466.115~1100432.524
권**,14061*********,010-*********,seongmin*****************,47811251.111~47836882.622,세종특별자치**************,11381254.238~11385862.35
최**,05021*********,010-*********,sinjunh****************,64155256.883~64167633.653,경상남도 ***********,3306982.338~3311460.063
김**,70061*********,010-*********,yeeun74**************,27893413.267~27913936.724,충청남도 ***********,4498371.946~4501715.089
한**,00051*********,010-*********,sangho9***************,62880187.848~62905217.42,경상북도 **********,438505.634~438841.316
안**,00071*********,010-*********,minseo7**************,53842034.37~53854625.363,충청북도 청**************,31129615.65~31146300.309
배**,45082*********,010-*********,dcoe@y*************,87763602.068~87784146.522,서울특별*********,39452721.403~39536952.001
허**,76050*********,010-*********,ran@yu************,5866162.272~5902059.9,충청북도 청**************,2415338.171~2417188.554
이**,71061*********,010-*********,gangseu****************,48058037.285~48084231.37,충청남도 ***********,15522577.668~15529829.198
정**,10032*********,010-*********,gimsan**************,3713786.417~3720234.387,부산광역*********,438841.316~439773.216
김**,97020*********,010-*********,junhyeo**************,59822258.112~59827655.424,대구광역시**********,37682020.274~37692121.328
박**,70032*********,010-*********,gimhye************,46588053.64~46600972.667,경기도 *******,11568863.861~11572100.377
고**,60050*********,010-*********,sanghos****************,75707566.25~75715617.138,경기도 가*********,16705047.759~16721862.315
고**,76123*********,010-*********,minji98**************,8851056.853~8880451.675,경기도 고**********,3153030.76~3155778.906
황**,55050*********,010-*********,eunjeo***********,89618832.522~89645971.776,대구광역********,20049073.199~20056063.04
이**,12040*********,010-*********,xhon*******,25935423.277~25953434.552,충청남도 ***********,3414200.388~3415208.019
이**,93020*********,010-*********,bhan@***********,95110162.399~95113553.458,대구광역********,52309144.03~52418982.284
김**,83020*********,010-*********,gbag@y************,16716826.455~16779689.752,경상남도 창************,5728169.599~5734745.168
하**,46050*********,010-*********,yejinco**************,10241710.899~10275658.296,강원도 화**********,461069.127~463630.998
심**,12061*********,010-*********,ijiu********,89950515.083~89965955.235,대구광역시 ***********,30228890.987~30262218.83
이**,79012*********,010-*********,yejun**********,64295067.376~64313457.08,강원도 춘**********,5434498.941~5435600.48
이**,05120*********,010-*********,bagog***********,5151187.627~5158704.054,대구광역********,100971.991~102958.332
최**,70051*********,010-*********,gimseong*****************,62444283.888~62487980.595,서울특별*********,22797178.424~22829492.656
이**,91052*********,010-*********,jinho85**************,43070285.996~43078752.051,광주광역********,7898377.448~7902324.486
문**,61012*********,010-*********,seong**********,77494119.972~77507077.126,전라남도 ***********,5744193.48~5750249.061
이**,44101*********,010-*********,ubae@y*************,63425163.233~63461451.04,경상남도 ***********,11780827.086~11794587.785
고**,54012*********,010-*********,eunju***********,97822778.02~97847356.617,제주특별자치**************,17788987.81~17793752.476
박**,07041*********,010-*********,fbag@j*************,50370436.436~50378888.172,부산광역시**********,8029399.574~8038282.905
김**,90070*********,010-*********,yejun5**************,80584291.808~80605106.939,광주광역시*********,224305.477~224741.456
이**,52022*********,010-*********,iseong************,9911263.722~9914121.286,경기도 안*********,5659521.802~5663123.9
이**,86011*********,010-*********,sanghu***********,53105447.067~53119821.697,울산광역********,28612924.409~28625443.2
이**,13072*********,010-*********,yeonghwa****************,11830924.847~11845900.378,서울특별시**********,7856653.346~7860931.174
이**,71100*********,010-*********,eungyeo**************,21761647.406~21788384.815,경상북도 ***********,1135913.141~1138256.141
박**,59102*********,010-*********,gimyeo***********,17554712.817~17563636.81,인천광역********,3737009.347~3737839.025
서**,88122*********,010-*********,gna@********,26149340.122~26166264.75,서울특별*********,1578816.342~1580547.914
김**,95101*********,010-*********,seoye***********,3090244.656~3098627.919,전라남도 담************,1550005.69~1559325.639
김**,98012*********,010-*********,ao@se**********,96235155.73~96257693.635,인천광역*********,20011459.296~20019930.725
이**,90122*********,010-*********,bagjaeh***************,54700828.908~54721411.926,제주특별자치**************,578767.314~579808.786
이**,89082*********,010-*********,coejeo************,71146860.969~71159809.635,대구광역********,7497365.151~7501931.854
강**,92050*********,010-*********,yeongji****************,7492228.06~7497999.636,부산광역********,1211779.906~1215107.816
손**,95062*********,010-*********,abag@j*************,16113706.819~16162069.152,강원도 *******,4628584.613~4631281.534
이**,44070*********,010-*********,bgim@s************,79584068.416~79591613.328,경상남도 ***********,10641797.298~10644217.76
김**,92072*********,010-*********,ijaehy**************,89987915.937~90007346.44,충청남도 천**************,7185192.718~7190334.842
진**,12012*********,010-*********,di@******,3061322.763~3067476.992,충청북도 ***********,733544.322~734060.999
박**,79051*********,010-*********,junseog***************,3326899.893~3332880.063,대전광역********,1252649.499~1253124.338
이**,54052*********,010-*********,hyeji*********,58798366.78~58814909.669,광주광역********,13156531.611~13166807.611
유**,57052*********,010-*********,seungh*************,39213069.336~39233672.416,충청북도 청**************,110487.204~110887.324
김**,80010*********,010-*********,seongye**************,21369078.288~21382951.984,경상남도 ***********,14537911.521~14548594.336
박**,13082*********,010-*********,jeongsi**************,97138937.621~97146700.103,제주특별자***********,42741814.05~42782313.274
주**,73053*********,010-*********,cbag*******,63527870.623~63558981.192,전라남도 ***********,30338887.691~30368161.976
장**,59122*********,010-*********,gimhyeon*****************,30245142.787~30273094.693,충청북도 ***********,4613049.702~4613848.421
오**,06112*********,010-*********,yeongsug*****************,43713322.556~43741228.878,세종특별자치*************,2478491.137~2481000.758
이**,87092*********,010-*********,tgim@y*************,15586395.289~15604120.553,강원도 *******,3629801.052~3630943.486
김**,64111*********,010-*********,jeongho****************,74723376.876~74764116.989,대구광역*********,26318522.639~26329378.045
손**,88062*********,010-*********,gimsangh****************,67298589.168~67300102.822,경상남도 **********,10312465.285~10320526.549
윤**,12093*********,010-*********,juweon*************,17366156.886~17403621.104,전라남도 ***********,2101822.254~2104160.384
김**,85032*********,010-*********,jinu66**************,20516467.876~20534545.533,대구광역시 ***********,7742967.647~7746819.77
홍**,52010*********,010-*********,cgim@y*************,98104128.45~98124332.131,광주광역********,52144719.416~52309144.03
김**,84072*********,010-*********,bagminj***************,47015413.938~47030177.388,충청북도 청**************,2521652.764~2524107.986
최**,07121*********,010-*********,namjihy****************,7002345.875~7009548.361,경상남도 ***********,277674.219~279948.7
이**,88100*********,010-*********,ogim@**********,76977753.034~76983425.86,부산광역*********,12117338.903~12120627.53
류**,95080*********,010-*********,icoe@y*************,71772770.719~71789598.407,충청남도 ***********,14695710.13~14709306.728
문**,69092*********,010-*********,yujin4**************,86164175.745~86175246.946,인천광역*******,6584601.736~6596939.905
김**,10110*********,010-*********,jeongsug****************,14176851.597~14192486.939,충청남도 ***********,8215265.593~8226414.538
김**,84123*********,010-*********,ogja*********,56557010.876~56564704.879,대구광역********,20230132.466~20233104.68
이**,69033*********,010-*********,gimyeongc******************,48800338.53~48803810.113,경기도 *******,19933551.776~19937241.656
류**,64110*********,010-*********,seongminb******************,20212629.442~20250984.055,세종특별자치*************,3548123.312~3557172.374
김**,69120*********,010-*********,gimjeo************,62512861.212~62533715.216,충청북도 ***********,30338887.691~30368161.976
김**,76041*********,010-*********,hanjih************,9940143.965~9954217.377,대전광역********,7120837.988~7126570.281
이**,46092*********,010-*********,eunjeo**************,79929661.614~79948986.63,광주광역*********,11914577.602~11925590.105
오**,93081*********,010-*********,gimmijeo****************,93669629.563~93690662.336,광주광역********,18985971.991~18997011.849
김**,12082*********,010-*********,vgim@***********,86183098.195~86190907.746,경상북도 포*************,12363657.831~12365575.648
최**,75070*********,010-*********,iminseo**************,25706300.734~25741596.671,충청남도 ***********,6890791.206~6891978.246
오**,61101*********,010-*********,ucoe@i***********,75484186.569~75493311.135,인천광역시 ***********,5445702.894~5450177.445
이**,99120*********,010-*********,yeongs**************,16299809.852~16310709.895,대구광역*******,2778031.235~2781541.067
김**,64102*********,010-*********,jgwe*********,70279532.176~70293268.015,강원도 철**********,10320526.549~10327084.572
한**,44081*********,010-*********,yejin3*************,92972290.454~92988617.422,부산광역시*********,34732508.977~34754205.25
박**,02112*********,010-*********,yejija*************,92892589.72~92906797.184,강원도 원**********,4286163.77~4288955.384
김**,02102*********,010-*********,thong@************,11603772.295~11623624.981,인천광역********,6660803.488~6665910.978
김**,10112*********,010-*********,hyeon**********,42447856.057~42452400.141,부산광역*********,4688852.747~4691063.533
김**,61052*********,010-*********,sgim********,45521974.459~45548362.302,부산광역시 ***********,9293000.595~9303329.533
문**,91101*********,010-*********,hyeonsug*****************,58874684.715~58889145.31,전라북도 ***********,422450.831~422942.551
김**,14073*********,010-*********,jungs*********,30806189.535~30817854.654,세종특별자치*************,10847000.93~10854683.321
김**,92030*********,010-*********,seongj**************,41489257.51~41496531.256,제주특별자**********,16281804.006~16291388.76
서**,92041*********,010-*********,gwangs*************,63911668.107~63934947.843,광주광역********,11204826.254~11217249.382
김**,68070*********,010-*********,sanghyeo*****************,3757956.53~3763661.011,서울특별*********,354976.375~356161.056
박**,74111*********,010-*********,jiu47***********,10275658.296~10282366.204,경상남도 ***********,3396380.406~3399250.461
김**,79011*********,010-*********,sumin**********,28929253.43~28934412.469,경상북도 ***********,6297841.666~6301999.297
강**,05031*********,010-*********,jeongsug*****************,51225054.94~51250193.369,전라북도 ***********,6257435.424~6264126.659
곽**,76112*********,010-*********,gyeongja*****************,15352454.228~15372702.083,전라북도 ***********,1936386.89~1938619.616
곽**,76121*********,010-*********,gimji***********,89683334.935~89701918.191,대전광역*********,25954602.76~25967546.149
김**,13042*********,010-*********,jongsu**************,5151187.627~5158704.054,부산광역********,1524858.583~1531115.436
김**,54042*********,010-*********,gyeong************,79663563.204~79670547.806,경상북도 ***********,31410913.37~31414941.318
고**,75090*********,010-*********,iyeong************,75161984.412~75189928.77,광주광역********,8485258.601~8491643.074
강**,67051*********,010-*********,gimseohy******************,49032035.262~49041834.803,대구광역********,4115440.582~4118735.081
박**,10062*********,010-*********,jangyeon******************,69933835.501~69964099.625,인천광역*********,642975.044~644855.489
박**,72020*********,010-*********,yeongsun*****************,51765195.808~51769173.826,제주특별자***********,13805837.848~13817020.656
주**,06051*********,010-*********,yeweonba****************,88385875.72~88389309.432,인천광역********,25899301.188~25915996.905
최**,86051*********,010-*********,fim******,63756081.72~63776914.147,대전광역********,1501652.897~1503781.272
황**,44041*********,010-*********,ebaeg@************,45853060.298~45863451.858,서울특별시**********,3793566.352~3795299.869
박**,69021*********,010-*********,coemye**************,55907507.235~55939525.05,인천광역********,9932788.812~9938002.679
김**,67071*********,010-*********,yeongsig*****************,65872640.4~65884885.179,경기도 *******,18425624.825~18429631.595
이**,11092*********,010-*********,jihyeonj****************,17152550.859~17182857.12,전라북도 ***********,5685726.926~5690526.418
이**,12011*********,010-*********,yunyej*************,71103702.63~71127020.814,울산광역********,19445529.389~19460626.985
박**,99042*********,010-*********,seungh**************,99827575.944~99856099.217,경상남도 ***********,71720301.204~74321388.0
이**,62082*********,010-*********,yeweony***************,64279085.447~64295067.376,세종특별자치*************,7773836.185~7778137.856
한**,89102*********,010-*********,pgang@**************,15257316.923~15263690.238,경상북도 ***********,2169113.222~2170458.79
김**,64022*********,010-*********,junhyeog****************,25209786.27~25221804.355,경기도 포**********,5551586.469~5562249.325
이**,76010*********,010-*********,gwangs************,74018831.671~74029652.186,울산광역********,50563966.587~50724816.565
김**,52092*********,010-*********,jiyeonje****************,10157271.555~10168715.413,경상북도 ***********,211949.41~217441.965
김**,95122*********,010-*********,cunjagi***************,86840476.489~86858975.2,세종특별자치*************,24740158.754~24758849.394
안**,72080*********,010-*********,mijeong**************,65973987.461~65997236.632,울산광역********,319370.809~320467.554
황**,86072*********,010-*********,gimjunh**************,4191462.112~4230777.188,전라남도 ***********,1677637.086~1682806.533
윤**,12031*********,010-*********,simdohye****************,14742838.13~14749012.226,제주특별자치**************,4666706.891~4671939.008
이**,67020*********,010-*********,caewe**********,86005853.847~86023498.01,강원도 양***********,10495894.84~10502428.878
오**,51011*********,010-*********,iboram**************,4809680.149~4834790.451,부산광역*********,913721.395~916089.976
김**,93091*********,010-*********,ojongsu**************,34779218.739~34803916.337,경상북도 포*************,273853.978~274888.11
박**,63013*********,010-*********,fgim@g************,35815395.152~35838622.53,광주광역********,3691162.391~3694126.678
허**,74042*********,010-*********,gimjinu***************,65570310.326~65599844.568,서울특별*********,16780354.13~16796106.2
서**,74011*********,010-*********,si@*****,94393222.836~94415892.2,제주특별자치*************,50724816.565~50959074.208
박**,75032*********,010-*********,angeon*************,96930410.037~96943934.946,경상남도 ***********,37665475.099~37682020.274
김**,44081*********,010-*********,ohwa*********,99600827.915~99608995.562,서울특별********,2854939.198~2855954.564
김**,75081*********,010-*********,eunyeo*************,43741228.878~43762871.189,광주광역********,1722103.747~1724021.599
김**,45021*********,010-*********,eungyeon******************,33008331.752~33031514.741,대구광역********,6331462.595~6334007.428
고**,55052*********,010-*********,yeongh************,78032403.115~78049338.454,서울특별********,25655886.87~25682515.529
이**,91080*********,010-*********,kgim@j*************,24216433.833~24228060.871,대구광역********,5427192.857~5430608.308
한**,80111*********,010-*********,yeongsu***************,97905297.621~97924769.256,세종특별자치*************,21442755.982~21463675.282
박**,89072*********,010-*********,eunjiry****************,81765788.496~81788240.817,대구광역********,9720002.517~9724347.226
김**,06062*********,010-*********,vcoe@j*************,10318322.208~10341395.368,경상북도 ***********,703712.483~704594.082
박**,57121*********,010-*********,mim*******,6400336.236~6422095.083,전라남도 ***********,697249.861~698506.685
박**,96091*********,010-*********,yeongil**************,83729654.924~83734859.014,제주특별자치*************,21267368.153~21275021.89
송**,06032*********,010-*********,qca*******,9452503.51~9462093.941,대전광역*********,1785296.337~1787047.176
나**,82070*********,010-*********,sgim@***********,46459869.445~46466784.606,충청남도 천**************,10383090.795~10386064.29
김**,56081*********,010-*********,zgo@yu************,14705278.662~14720633.812,세종특별자치*************,6631377.082~6639867.451
김**,62021*********,010-*********,siugim*************,27601851.072~27616070.0,인천광역********,8977165.089~8980981.388
장**,61021*********,010-*********,yeongho1****************,78230511.462~78253290.383,전라북도 ***********,16942243.152~16953465.874
이**,47091*********,010-*********,gimjuw*************,59615944.944~59637712.692,전라북도 ***********,10078164.472~10086914.964
김**,90123*********,010-*********,caeweo************,66805283.69~66830779.628,전라북도 ***********,8278535.896~8278810.388
이**,59112*********,010-*********,ei@j********,85963483.005~85987070.923,부산광역*********,64410167.772~64961160.083
안**,92072*********,010-*********,areum***********,31231209.118~31249958.2,경상북도 ***********,3607168.064~3609588.399
김**,78052*********,010-*********,sunja**********,27017162.131~27020818.437,전라북도 전***********,8365599.487~8376291.57
송**,04040*********,010-*********,sangceo***************,98472681.318~98484270.852,광주광역*******,19937241.656~19949439.522
이**,91021*********,010-*********,tgim@*********,22642487.998~22687810.335,전라북도 ***********,2297035.981~2301698.191
오**,85122*********,010-*********,xmun*******,17967849.232~18003115.476,대전광역*********,5574005.811~5579473.631
박**,73091*********,010-*********,sujinsi***************,13712693.409~13726412.702,대전광역*********,3714067.914~3718039.205
이**,45052*********,010-*********,jiseong**************,91549586.197~91573663.581,경기도 포***********,47080662.86~47298492.95
김**,87041*********,010-*********,sinyeo**************,93120306.156~93142839.57,울산광역********,8960570.252~8966398.347
장**,89050*********,010-*********,sujin6************,34369821.432~34384687.633,세종특별자치*************,12989344.779~12992118.969
박**,80080*********,010-*********,oba*******,5391586.979~5432482.054,대구광역시 ***********,122197.909~124388.521
이**,51091*********,010-*********,seoju**********,68918182.487~68931222.526,대구광역*********,1068355.109~1068954.876
강**,49102*********,010-*********,sgim@j*************,62797705.768~62819731.013,제주특별자치*************,4996534.249~5004296.312
백**,84082*********,010-*********,ibag*******,76666859.114~76692220.01,경상북도 ***********,9786278.774~9791969.316
이**,65041*********,010-*********,seongs***********,64956120.72~64987244.325,경기도 안***********,2224451.558~2225744.241
박**,65020*********,010-*********,jeongs************,31249958.2~31306537.908,제주특별자치*************,6991399.902~7002064.308
손**,75072*********,010-*********,seongjin*****************,40252579.68~40268933.35,대전광역*******,2852472.764~2854939.198
박**,11030*********,010-*********,yeongc************,80056765.964~80074211.415,세종특별자치*************,1904732.674~1906167.422
김**,77120*********,010-*********,eunjun***********,27135239.185~27143810.18,대구광역시 ***********,8581749.825~8583140.046
박**,91072*********,010-*********,hyejin**************,22265412.562~22278395.578,충청북도 ***********,6614706.452~6618285.788
하**,89121*********,010-*********,hcoe@g**************,99212157.029~99247780.749,전라북도 ***********,36939835.447~36982205.12
배**,59091*********,010-*********,ogweon@**************,28856531.538~28883747.08,경기도 *******,5389448.326~5395992.914
이**,03040*********,010-*********,myeongja*****************,61254949.058~61272415.042,전라북도 ***********,3518349.378~3520359.006
양**,09071*********,010-*********,hyeon***********,20765102.083~20772509.381,인천광역시*********,3670672.068~3673036.134
김**,01121*********,010-*********,yeongh**************,2268438.068~2279715.052,제주특별자치**************,156036.136~158694.764
김**,47091*********,010-*********,wgim@j************,6732007.238~6741476.033,인천광역*********,3294130.727~3296746.539
장**,89091*********,010-*********,igyeon************,18168301.841~18186948.269,전라남도*********,1017247.222~1017350.41
최**,83042*********,010-*********,seungmi****************,10241710.899~10275658.296,인천광역*********,4152940.8~4155435.924
김**,04102*********,010-*********,xseo@y*************,64224813.02~64248198.509,대전광역*********,7215727.662~7224456.064
곽**,90051*********,010-*********,zhan@y*************,70453180.893~70461827.37,서울특별*********,4071734.712~4073081.122
송**,95081*********,010-*********,vgim@*********,27582454.764~27601851.072,서울특별*********,1636140.18~1637615.941
최**,65010*********,010-*********,hyeonj**************,8706575.262~8726529.564,전라북도 ***********,3414200.388~3415208.019
이**,13080*********,010-*********,iseong**************,18626712.679~18653062.872,경상남도 ***********,6846159.18~6846601.512
윤**,46120*********,010-*********,gimyeon***************,66431825.408~66453888.392,강원도 *******,6146720.933~6151581.772
윤**,50121*********,010-*********,hayun***********,59944002.622~59982682.865,강원도 춘**********,26017054.747~26046213.687
박**,71101*********,010-*********,dson@y*************,53630273.6~53642934.199,제주특별자치**************,835094.28~835364.52
심**,55060*********,010-*********,seohyeon******************,78280676.537~78297322.155,경기도 양**********,18176902.5~18209961.894
김**,72040*********,010-*********,yunyee**************,98838564.696~98858803.765,경상남도*******,26563945.217~26572862.863
김**,87081*********,010-*********,ycoe@j**************,9514777.215~9558147.058,서울특별*********,100971.991~102958.332
구**,03092*********,010-*********,phwa*********,7333171.58~7356422.037,전라남도 ***********,1471267.718~1473202.28
김**,93060*********,010-*********,junhy***********,95050500.162~95092279.598,대전광역*********,34332061.352~34343669.545
이**,74013*********,010-*********,ghan@j*************,42312690.577~42343880.268,부산광역*********,4856196.1~4857423.91
이**,11062*********,010-*********,hayun***********,14352528.862~14387972.037,경상북도 **********,1999371.572~2002296.194
김**,08050*********,010-*********,yugyeo**************,48592376.282~48609382.648,세종특별자치*************,7103961.057~7112830.567
황**,88040*********,010-*********,ijeon**********,11379035.189~11420919.081,강원도 *******,4130741.392~4132716.031
백**,04112*********,010-*********,vseo********,87386978.56~87412774.01,세종특별자치*************,18682321.021~18692676.244
김**,71061*********,010-*********,gimyeji**************,82655004.274~82660127.179,충청북도 청**************,13216150.43~13234605.668
최**,59020*********,010-*********,ei@ba*********,81321305.856~81339250.617,경상남도 ***********,39751793.684~39840931.116
김**,51091*********,010-*********,igim@***********,62778438.714~62784975.307,전라남도 ***********,22036519.832~22063328.932
최**,44060*********,010-*********,hyeonug**************,19114709.74~19121470.709,경상북도 **********,5875489.442~5877909.765
황**,06050*********,010-*********,gimjun**************,28308828.459~28318280.794,충청북도 청**************,477030.476~483419.432
김**,11120*********,010-*********,iseunghye******************,49112328.944~49124306.641,세종특별자치*************,12873788.872~12876319.985
이**,96122*********,010-*********,sugja1************,97393266.896~97428124.902,전라북도 ***********,2160453.025~2162483.037
김**,53032*********,010-*********,yson*******,70562650.54~70580952.763,제주특별자***********,24171151.478~24179872.502
이**,11051*********,010-*********,seongj**************,61096868.37~61116787.829,대구광역********,11037614.894~11041515.636
한**,55110*********,010-*********,ngim@g**************,19973217.439~19996948.466,제주특별자치**************,1336950.216~1339574.92
최**,72100*********,010-*********,ehwang**************,37834836.04~37877280.208,경기도 수**********,5547987.84~5551586.469
김**,46040*********,010-*********,yunmin*************,82435995.505~82449635.294,강원도 삼**********,6362703.914~6366295.384
손**,91122*********,010-*********,isang**********,85579354.765~85584633.349,충청북도 ***********,28499168.804~28521048.533
장**,88022*********,010-*********,pbag@s*************,35809362.854~35815395.152,제주특별자치**************,8999630.88~9007817.364
심**,03022*********,010-*********,migyeong****************,33485338.757~33551303.14,경상남도 ***********,5225910.836~5228226.061
김**,52062*********,010-*********,fbag@g***********,60647261.363~60660519.778,경기도 *******,17056243.86~17075609.28
고**,86011*********,010-*********,noye*********,96035626.976~96044964.571,울산광역시 ***********,28360686.787~28376972.573
김**,91102*********,010-*********,seohyeo****************,52239722.169~52251605.181,강원도 *******,8284131.115~8285363.458
조**,53031*********,010-*********,gimjinu**************,95963607.015~96017161.885,세종특별자치*************,42706784.173~42741814.05
이**,84051*********,010-*********,ogsun*********,93438399.718~93473217.832,서울특별시*********,49903912.618~50301540.467
이**,14100*********,010-*********,sanghy***********,53977375.1~54017126.994,부산광역*********,2320315.662~2322551.706
이**,55011*********,010-*********,gangseon****************,43708089.737~43713322.556,서울특별*********,9854246.666~9865218.58
한**,86042*********,010-*********,rgi*******,18186948.269~18203645.144,경상남도 ***********,5402521.991~5408135.434
송**,48121*********,010-*********,myeong***********,72059511.16~72063843.449,경기도 ********,21146697.045~21168088.846
안**,53020*********,010-*********,hbag*********,65162067.495~65178848.667,전라북도 ***********,5822918.107~5823653.641
김**,54032*********,010-*********,yujingan****************,72316653.568~72328376.002,충청북도 ***********,2935917.702~2938524.642
이**,04072*********,010-*********,gweong***********,32174258.299~32204193.025,인천광역*********,4895637.085~4898646.352
이**,65080*********,010-*********,gimhyeo***************,50370436.436~50378888.172,경상북도 ***********,12016443.95~12021873.11
류**,62111*********,010-*********,junyeong*****************,79042067.139~79053822.037,광주광역********,31410913.37~31414941.318
김**,64122*********,010-*********,vcoe*******,57089664.662~57109085.378,전라북도 ***********,15609821.906~15611791.512
김**,91022*********,010-*********,ncoe@b***********,4066025.486~4083933.065,서울특별*********,335419.19~337674.395
서**,53071*********,010-*********,fgim*******,49639657.178~49669289.166,대전광역********,5736057.616~5738901.312
성**,92050*********,010-*********,yeongjin******************,46979268.121~46991183.688,광주광역********,14562128.326~14564503.412
김**,66070*********,010-*********,seongs*************,74440572.517~74460086.075,대구광역********,15980050.37~16001024.49
송**,64121*********,010-*********,eunyeong******************,6195315.329~6220816.289,경기도 수**********,3090137.3~3093798.146
김**,65061*********,010-*********,gyeonghy******************,55907507.235~55939525.05,경기도 안**********,5626961.414~5629652.173
김**,00052*********,010-*********,dohye***********,78635378.93~78650734.419,충청남도 ***********,43657256.152~43790545.44
류**,02010*********,010-*********,gimdongh****************,96540236.58~96584092.815,경상남도 ***********,2152131.272~2154190.273
김**,03032*********,010-*********,hyeonj**************,59065689.504~59075092.21,전라남도 ***********,2945821.701~2949112.42
박**,55062*********,010-*********,seongmin*****************,38402726.369~38410363.779,경상남도 **********,3859546.184~3861648.951
이**,77082*********,010-*********,gimjiye****************,78869648.349~78883525.762,경상남도 ***********,11874581.033~11876954.983
김**,58122*********,010-*********,rmin@y*************,56451682.442~56475977.296,충청북도 ***********,10090369.218~10100093.64
이**,04101*********,010-*********,iyeong*************,19308253.221~19346076.726,대전광역********,3769338.223~3772588.248
김**,91022*********,010-*********,boram**********,45643351.391~45660975.965,울산광역********,19514702.677~19526496.443
윤**,77090*********,010-*********,seohye*************,80584291.808~80605106.939,경상남도 ***********,11260259.628~11273464.54
김**,54040*********,010-*********,di@ju***********,22437239.386~22488472.991,전라남도 ***********,538146.193~538633.273
박**,57071*********,010-*********,jeongsig****************,8076020.645~8083908.51,경상북도 ***********,396995.603~400115.301
최**,06051*********,010-*********,sunog48***************,39521873.928~39534486.663,충청남도 태***********,4173496.611~4175646.505
오**,08091*********,010-*********,iseo*******,46422906.546~46450601.27,충청남도 ***********,16547335.838~16554086.882
최**,61062*********,010-*********,jjang@**************,9278350.944~9341022.76,충청북도********,395413.811~396666.514
오**,51061*********,010-*********,juweo**********,55818368.58~55867925.731,부산광역********,11503938.224~11509061.72
성**,74102*********,010-*********,sanghun3****************,89387207.86~89407951.291,제주특별자치**************,19367127.921~19389353.53
황**,04120*********,010-*********,seoyeon****************,14668970.166~14705278.662,광주광역********,2712046.72~2712672.128
고**,67032*********,010-*********,hyejin**************,29808435.27~29813543.735,인천광역*********,6575974.748~6578580.923
장**,47022*********,010-*********,gyeongsu****************,65407179.424~65428423.327,울산광역********,1099466.115~1100432.524
김**,96030*********,010-*********,sangce*************,12812255.985~12829684.278,전라남도 ***********,4248950.406~4251492.734
박**,60012*********,010-*********,ryujeong*****************,16346362.152~16364784.162,충청남도 천*************,3174821.38~3175190.252
최**,69061*********,010-*********,sumin8**************,44117385.955~44131526.827,인천광역********,7782759.855~7787223.965
이**,11112*********,010-*********,yuneunje******************,64207004.596~64224813.02,강원도 *********,26378571.502~26383116.928
김**,08040*********,010-*********,xgim@***********,51405608.692~51417454.205,인천광역********,22755808.502~22777784.476
장**,90010*********,010-*********,janggy**************,7932925.72~7974177.722,대전광역*********,888407.08~891423.153
김**,61052*********,010-*********,gimmi**********,41350723.992~41372088.714,경기도 안**********,2393084.423~2394452.965
김**,78022*********,010-*********,seojeon**************,98374864.085~98386301.229,강원도*******,3399817.509~3401565.19
박**,13073*********,010-*********,xgim@s************,35655001.616~35658852.635,충청남도 ***********,438505.634~438841.316
전**,61061*********,010-*********,yeongs*************,71137365.258~71146860.969,울산광역********,23775347.229~23782491.315
김**,14032*********,010-*********,yi@gim***********,71467818.122~71477949.205,부산광역*********,7710570.95~7713325.492
김**,73120*********,010-*********,seoyeong*****************,92290251.059~92312739.317,세종특별자치*************,1531115.436~1536239.599
박**,79083*********,010-*********,xbag@**********,59144746.57~59164676.448,전라북도 ***********,47080662.86~47298492.95
오**,55110*********,010-*********,isuno*********,98265519.913~98268717.808,경기도 고***********,28473516.286~28485890.231
김**,79100*********,010-*********,iseongh***************,6694132.658~6712520.777,충청남도 ***********,661963.802~664907.58
윤**,10113*********,010-*********,yeongi**************,97624130.177~97643213.744,인천광역*********,8844508.737~8852484.284
김**,01121*********,010-*********,gimbye*************,49465941.393~49475925.088,충청북도 청**************,3996195.671~3997705.15
심**,87041*********,010-*********,myeong**************,8315279.139~8336687.928,경상북도 포*************,2587920.334~2589209.526
김**,85092*********,010-*********,mbag*******,90953761.478~90966434.978,전라북도 ***********,6166938.643~6171886.754
손**,04031*********,010-*********,ryueunse****************,47936378.775~47948190.708,울산광역*******,28625443.2~28650480.518
김**,72042*********,010-*********,uim*******,36237861.7~36251716.564,충청남도 ***********,1608280.014~1614330.92
조**,49050*********,010-*********,seoye**********,69566876.693~69605747.197,서울특별*********,9050699.504~9058941.371
장**,00070*********,010-*********,myeongsu*****************,13928983.256~13951366.41,충청남도 **********,2970373.603~2971514.121
안**,73031*********,010-*********,seoyeong****************,33894848.787~33922497.858,강원도 *******,9251016.256~9254794.751
김**,77062*********,010-*********,ehan@c************,6462362.001~6479615.976,세종특별자**********,1733990.428~1736269.456
김**,45011*********,010-*********,ri@******,40160475.42~40169976.079,경상북도 **********,4460182.636~4461319.229
이**,10111*********,010-*********,jinhoco**************,12304192.131~12316435.866,경기도 *********,1152354.438~1155791.897
김**,94100*********,010-*********,eunje**********,53822639.209~53842034.37,강원도 정**********,4415178.628~4418413.253
김**,69042*********,010-*********,gcoe*******,65997236.632~66013300.188,울산광역시 ***********,34044967.978~34085218.003
윤**,65100*********,010-*********,sinjeongs******************,93998232.118~94008177.719,충청남도 ***********,13139171.421~13142616.766
김**,87120*********,010-*********,mhwan**********,40088134.097~40108939.938,강원도 정**********,5663123.9~5667351.112
최**,06022*********,010-*********,baemins***************,3652336.33~3713786.417,경기도 김**********,511345.014~514488.83
권**,73111*********,010-*********,jangse*************,76389694.71~76407025.495,충청북도 ***********,6578580.923~6581655.309
이**,09072*********,010-*********,ogjah***********,94988421.557~95000833.827,충청남도 ***********,11719402.864~11720980.34
최**,97012*********,010-*********,ogim*******,8235440.756~8266491.224,경기도 용**********,1687537.44~1688922.413
백**,50082*********,010-*********,seonghy***************,3858554.15~3881894.909,대전광역********,605885.771~606330.848
박**,04042*********,010-*********,jinu51@**************,5247666.379~5301483.944,전라북도 ***********,607683.373~608789.488
김**,48102*********,010-*********,hyeonjeo*****************,60441060.001~60445840.289,광주광역********,4646240.599~4651540.5
안**,91120*********,010-*********,jongsu8****************,4490443.8~4511470.965,인천광역*********,983450.047~985422.75
이**,72120*********,010-*********,bagseoh****************,74218501.929~74232214.277,광주광역********,14364905.277~14369799.542
문**,93052*********,010-*********,cgim@g************,72825029.267~72837991.499,경상남도 ***********,4134526.094~4135290.591
박**,64021*********,010-*********,minji75**************,11469024.456~11514515.097,대구광역시 ***********,3249894.218~3254752.44
문**,77070*********,010-*********,cunja17***************,52131399.954~52158041.106,울산광역********,6034726.362~6038458.017
이**,92072*********,010-*********,yunsu*********,39980986.861~39988135.326,부산광역시*********,25367327.498~25393471.28
강**,50112*********,010-*********,misugg**************,72746400.328~72752499.505,광주광역********,27396996.867~27433233.98
박**,55100*********,010-*********,sugj*********,73248091.464~73280021.178,대전광역********,10855454.46~10870663.504
박**,82111*********,010-*********,geonu***********,26128557.875~26145041.862,광주광역********,6891978.246~6899097.465
장**,45092*********,010-*********,jeonghu**************,30966119.313~31010009.702,대구광역시 ***********,11794587.785~11802304.984
김**,77101*********,010-*********,seony***********,32174258.299~32204193.025,울산광역********,13962913.546~13967123.477
안**,82032*********,010-*********,jihyeya**************,45411242.548~45423230.715,대구광역********,4086350.347~4087590.993
박**,83113*********,010-*********,useo@g************,52958368.499~52982967.927,서울특별*********,1413940.936~1417319.427
이**,08091*********,010-*********,haseong**************,66333705.745~66351866.208,대구광역********,37244638.09~37287946.485
박**,54121*********,010-*********,ujin*******,78731290.287~78748402.446,충청남도********,12771025.945~12776180.753
김**,60112*********,010-*********,bagseong*****************,98484270.852~98527264.153,경상남도 ***********,17165445.596~17172242.576
김**,66062*********,010-*********,ncoe@**********,59416329.708~59433330.096,대구광역********,24767068.747~24787230.981
윤**,74110*********,010-*********,seongy**************,79628810.539~79634478.061,충청남도 ***********,26433651.18~26466379.961
최**,06100*********,010-*********,junyeon****************,60742106.7~60758532.691,대전광역********,20253214.181~20257795.509
문**,45090*********,010-*********,jungsumu****************,64808153.197~64857331.889,경상남도 ***********,1281553.891~1283095.385
박**,45093*********,010-*********,jiyeons***************,14890501.018~14902415.737,충청북도 ***********,5111305.204~5113271.561
이**,79073*********,010-*********,xba*******,54446113.66~54462374.272,충청남도 **********,23349506.8~23369855.235
양**,55092*********,010-*********,wgim@y*************,76338345.732~76359874.645,제주특별자치**************,12696807.522~12704220.22
고**,51021*********,010-*********,ji@jus***********,11764640.744~11781537.761,인천광역시 ***********,1401765.89~1404221.429
엄**,71082*********,010-*********,bgim@j*************,88913283.602~88933852.47,전라북도 ***********,7514643.858~7517318.233
김**,55113*********,010-*********,sryu*******,21487971.342~21500093.53,인천광역시*********,11074507.417~11081337.625
김**,66033*********,010-*********,json@*********,99272346.118~99275711.092,광주광역시*********,18415379.422~18425624.825
최**,08052*********,010-*********,eomcaew**************,18617787.17~18626712.679,경상남도 ***********,202896.426~203394.752
이**,94072*********,010-*********,ii@jus***********,69304442.709~69332846.299,광주광역********,27209961.819~27243679.366
우**,01012*********,010-*********,seongmin*****************,25070865.636~25101827.339,경상북도 ***********,3791745.167~3793566.352
이**,88060*********,010-*********,yejingi***************,5856965.677~5866162.272,부산광역시*********,1401765.89~1404221.429
홍**,04101*********,010-*********,ngim@y*************,65311217.856~65325870.505,경상남도 ***********,24937766.868~24944230.866
이**,86100*********,010-*********,miyeongg****************,10085775.81~10109111.084,전라북도 ***********,2694355.509~2700539.75
허**,82061*********,010-*********,heoyeong*****************,11109622.594~11125015.837,인천광역********,1171524.86~1173182.736
차**,85062*********,010-*********,seongh************,63588827.366~63626638.891,경기도 용인*************,13173945.692~13182196.39
김**,70062*********,010-*********,xi@g********,9462093.941~9473039.011,인천광역시 ***********,3301832.93~3306982.338
김**,81081*********,010-*********,jangyeju****************,4989685.794~4996267.039,대구광역시 ***********,629538.673~632697.599
황**,62110*********,010-*********,seonyeo***************,5563218.671~5570018.924,인천광역*********,417158.259~419562.2
김**,05041*********,010-*********,siu28@*************,47524813.354~47555767.49,대구광역시 ***********,26356580.569~26378571.502
김**,74062*********,010-*********,jimin05**************,97924769.256~97971734.19,경상남도 ***********,451236.876~452731.196
김**,13072*********,010-*********,bagyeong******************,82987087.126~82993383.568,대구광역********,2688100.818~2694355.509
신**,45052*********,010-*********,jieungi****************,18455563.16~18464697.805,경상남도 ***********,1782984.572~1785296.337
이**,82052*********,010-*********,seonghy**************,21500093.53~21502641.278,서울특별*********,1315409.796~1316029.688
이**,08122*********,010-*********,jungsug****************,64921013.222~64932151.412,충청북도 청**************,12136384.825~12147750.873
김**,46030*********,010-*********,seonghun****************,28591532.478~28610026.626,경기도 수원***********,17530341.242~17550763.566
김**,83011*********,010-*********,seoju*********,81237757.369~81263269.75,울산광역시 ***********,33268956.379~33323547.064
이**,59121*********,010-*********,wbag*********,24517067.258~24537650.656,서울특별*********,1397411.921~1398682.79
이**,93101*********,010-*********,haeu*********,7702115.26~7738267.999,전라남도 ***********,333555.034~335419.19
이**,95013*********,010-*********,yeongg***********,85269654.96~85275609.366,세종특별자치*************,18555372.578~18558406.043
송**,12032*********,010-*********,sunja33**************,53067324.189~53088439.293,울산광역********,814598.918~815579.733
노**,70121*********,010-*********,cyang@***********,84429689.587~84476800.992,인천광역시*********,44576577.05~44780917.74
이**,84012*********,010-*********,minsu*********,86327160.832~86337771.974,전라북도********,50959074.208~50983585.654
김**,52060*********,010-*********,bjeo*******,54503541.873~54517348.174,대구광역*********,6715021.278~6724617.222
김**,92102*********,010-*********,boramna***************,15826444.104~15835216.59,강원도 영**********,5867174.849~5869395.641
최**,44122*********,010-*********,qan@ju************,32789765.146~32807098.401,경상북도 ***********,21323874.027~21354394.992
장**,49121*********,010-*********,sumin***********,31514359.768~31520976.259,전라남도 ***********,5672784.707~5677661.173
김**,52091*********,010-*********,iyeweon**************,77032467.272~77087387.569,대전광역*******,29656272.257~29669857.277
송**,94010*********,010-*********,jiweon6****************,30514117.595~30537382.326,광주광역*******,3272699.58~3278165.444
류**,57072*********,010-*********,yeongsun****************,25969077.576~25992506.832,전라북도 **********,13040778.846~13042102.731
김**,00101*********,010-*********,jeonghy****************,70085174.709~70093799.118,충청북도 ***********,25640353.962~25655886.87
김**,46021*********,010-*********,gangjeon******************,47909904.019~47931090.549,서울특별*********,12972711.533~12974365.779
김**,78052*********,010-*********,seonghyeo******************,9926539.21~9928952.59,전라북도 ***********,5580934.393~5587591.196
안**,08061*********,010-*********,bagjeo************,35658852.635~35671960.101,경상남도 ***********,4576319.382~4580582.345
황**,54100*********,010-*********,jeongseon********************,46677011.992~46685428.94,제주특별자치**************,15306263.336~15316365.764
전**,11051*********,010-*********,dbag@g**************,79825845.478~79858922.997,전라북도 ***********,7648182.407~7651366.757
최**,81070*********,010-*********,seonyeon*****************,31337088.046~31359113.496,세종특별자치*************,11771112.028~11780827.086
허**,70033*********,010-*********,qgim@**********,43475620.275~43487198.08,세종특별자치*************,8645154.822~8653333.85
박**,58011*********,010-*********,seoyeon****************,48012229.325~48024315.716,울산광역********,131671.184~133550.084
강**,90040*********,010-*********,gimeun*************,35658852.635~35671960.101,강원도 고**********,5223753.776~5225910.836
최**,93100*********,010-*********,joseohye*****************,15391265.344~15403786.603,충청남도 ***********,2020582.133~2024941.47
안**,61123*********,010-*********,siu08@**************,4240982.949~4247728.112,경상남도 ***********,483419.432~484184.602
심**,67092*********,010-*********,fi@jus***********,72577912.936~72592391.876,제주특별자치**************,12306232.881~12314415.749
심**,14010*********,010-*********,junseo0****************,54425985.559~54432044.865,서울특별*********,9254794.751~9265715.822
차**,88102*********,010-*********,iseoyu**************,3763661.011~3779958.907,부산광역********,2521652.764~2524107.986
이**,12020*********,010-*********,eseo@g***********,23330277.973~23342785.124,경상남도 ***********,2927716.268~2930371.281
장**,99063*********,010-*********,minjaeg***************,35571800.545~35589300.801,인천광역시 ***********,6644973.049~6660803.488
박**,85030*********,010-*********,abae@***********,57694412.812~57701929.072,충청북도 ***********,204921.453~205063.73
한**,66050*********,010-*********,sunja**********,48854231.077~48868662.458,대전광역********,5764300.923~5765884.05
민**,51081*********,010-*********,yunjeon****************,65570310.326~65599844.568,인천광역********,8088431.464~8093556.013
서**,77010*********,010-*********,minjaegi****************,74047055.387~74055011.534,제주특별자치*************,12581757.728~12588172.012
홍**,97033*********,010-*********,subin2***********,24517067.258~24537650.656,경상남도********,4506134.266~4506819.036
김**,48041*********,010-*********,subin*********,70543212.08~70562650.54,경상남도 ***********,8966398.347~8970996.371
김**,73052*********,010-*********,jeongja***************,28318280.794~28337540.732,대구광역********,12846206.717~12852100.142
한**,57031*********,010-*********,eunji*********,4361495.232~4372797.368,울산광역********,3194403.141~3201448.858
이**,04062*********,010-*********,sugja***********,46574876.859~46588053.64,경상남도 ***********,16058012.285~16077613.05
김**,10072*********,010-*********,ieunju**************,35430643.907~35434587.852,제주특별자치**************,6440849.88~6442188.681
권**,04082*********,010-*********,yeongh*************,15919677.718~15933609.919,광주광역********,1435370.767~1436442.314
이**,50031*********,010-*********,jeongsu**************,60758532.691~60782983.883,제주특별자치**************,34238732.666~34264419.582
허**,66022*********,010-*********,gimjaeh***************,26617510.649~26645159.026,전라북도 ***********,9819600.659~9822844.005
이**,02012*********,010-*********,mcoe@j************,77781622.26~77809356.485,울산광역********,6700237.391~6704087.162
김**,47102*********,010-*********,byeong**************,26062102.677~26102497.315,대구광역시 ***********,1853756.29~1858024.295
박**,47091*********,010-*********,gweony**************,3779958.907~3781473.206,대전광역*********,659230.098~660087.859
하**,45120*********,010-*********,bagjae***********,15604120.553~15636145.997,경상북도 ***********,2819758.444~2820242.76
엄**,07041*********,010-*********,yeongsu***************,38614888.312~38622457.754,광주광역*********,3795299.869~3796062.415
이**,65101*********,010-*********,zjo@*********,18386429.458~18408037.178,경상북도 ***********,12992118.969~13000260.206
김**,89072*********,010-*********,hyeonjeon******************,54332625.768~54348368.919,충청북도 ***********,4248950.406~4251492.734
백**,81022*********,010-*********,yunse**********,55375624.188~55414195.065,강원도 삼**********,7643177.149~7645203.314
김**,98032*********,010-*********,migyeon***************,24176990.568~24198832.741,전라남도********,437050.498~438505.634
류**,67051*********,010-*********,ijin*********,74460086.075~74466156.109,강원도 *******,24953260.381~24967701.653
이**,74091*********,010-*********,ti@ha***********,8665142.381~8689520.248,충청남도 ***********,2867316.978~2872928.216
박**,13080*********,010-*********,yangmyeon*******************,63070456.16~63082042.17,울산광역********,2079714.4~2081960.869
홍**,05063*********,010-*********,ji@*****,86766717.589~86778004.155,전라남도 ***********,7548983.31~7554597.714
우**,47122*********,010-*********,jinho5*************,36107891.436~36132836.747,경상북도 ***********,8565959.456~8567145.55
장**,05032*********,010-*********,gimsiu***********,85785634.019~85815025.648,경상남도 ***********,3315595.445~3316994.166
장**,68100*********,010-*********,jiweo**********,70063046.897~70075494.887,충청북도 ***********,1246056.443~1248261.482
노**,97011*********,010-*********,bagmins**************,28337540.732~28357342.476,세종특별자치*************,2269492.419~2272063.052
한**,68110*********,010-*********,cahyeon****************,46346612.682~46397515.525,세종특별자**********,1375197.25~1376357.531
이**,60121*********,010-*********,geonu2*************,25312610.658~25374754.794,강원도 인**********,9169938.851~9173259.914
이**,52092*********,010-*********,dryu*********,39717241.197~39727741.594,인천광역*********,5018680.396~5020591.588
최**,94041*********,010-*********,nsong***********,77861919.764~77907912.64,전라남도 ***********,5654084.552~5657317.002
홍**,52072*********,010-*********,seungmi**************,93301581.837~93318010.954,제주특별자치**************,12750330.427~12759362.867
박**,56111*********,010-*********,jcoe@j*************,74135491.911~74148452.904,충청남도 ***********,25534844.598~25549340.077
한**,06053*********,010-*********,junho48**************,85699862.074~85709611.794,전라북도*******,31774193.843~31814665.544
이**,09080*********,010-*********,seunghyeo*******************,82526158.793~82537794.542,강원도 *********,21783398.241~21787987.031
이**,06052*********,010-*********,bgim@y************,6559764.786~6565090.33,경상북도 ***********,393893.041~394827.97
이**,65030*********,010-*********,cgu@se************,18124061.152~18152954.984,강원도 *******,540503.08~541662.483
이**,65092*********,010-*********,vsong**********,39889461.453~39902738.986,광주광역********,1753072.424~1754494.122
김**,95062*********,010-*********,seoyeon**************,14990262.579~14995976.538,경상남도 ***********,759541.404~761537.066
김**,07022*********,010-*********,jiyeon************,76560645.915~76573325.478,충청남도********,18238070.45~18244120.364
주**,60051*********,010-*********,fba*******,86601444.933~86606575.369,울산광역********,51114855.716~51221772.883
곽**,72082*********,010-*********,boram8***********,78599676.516~78606181.4,충청남도********,37788793.606~37859653.85
김**,57060*********,010-*********,cjo@ju************,99162978.293~99185687.333,충청남도 천**************,18020020.642~18025363.68
이**,75100*********,010-*********,ogim@g************,74218501.929~74232214.277,대구광역시***********,16001024.49~16016753.837
김**,09032*********,010-*********,jeonghy***************,36527650.644~36537169.634,세종특별자치*************,9959011.408~9962329.432
김**,64022*********,010-*********,seongmi****************,98287690.706~98308690.668,제주특별자**********,3921745.335~3926251.164
김**,54111*********,010-*********,bagsubi***************,16700040.09~16716826.455,대전광역********,750675.743~751470.47
최**,62120*********,010-*********,hhwang**************,48326480.775~48330456.243,제주특별자치**************,7262744.697~7270596.458
박**,03120*********,010-*********,kgi*******,23313176.278~23321478.498,제주특별자치**************,7594860.676~7604811.448
박**,07031*********,010-*********,yi@i********,44955736.238~44961688.553,대구광역시 ***********,28676536.492~28720532.186
장**,93040*********,010-*********,coemiy***********,83118354.101~83149392.144,경기도 ********,12493750.75~12499058.153
김**,00102*********,010-*********,igu@yu************,85665136.771~85670929.29,서울특별시*********,293181.785~294440.624
김**,05081*********,010-*********,yejin*********,8756050.075~8773034.195,경상북도 ***********,973389.754~973672.0
이**,75110*********,010-*********,eunjugi****************,51347938.021~51356041.504,부산광역시**********,1123427.999~1124392.148
김**,67032*********,010-*********,qmin*******,38559314.628~38585853.159,울산광역********,10155788.387~10173793.757
이**,84120*********,010-*********,dbag@**********,38290407.089~38312565.771,전라남도 ***********,603667.182~604913.027
이**,09011*********,010-*********,hanbora****************,15433253.363~15438257.396,대전광역*********,1433243.178~1434868.221
성**,96071*********,010-*********,gangseoh****************,20908035.114~20927606.448,울산광역********,931786.808~932915.636
고**,13031*********,010-*********,bagseoye****************,2260356.32~2268438.068,전라남도 ***********,484184.602~485221.012
장**,03112*********,010-*********,ucoe@y************,35355607.78~35364687.446,전라남도 ***********,1066482.211~1068355.109
이**,62022*********,010-*********,yeongilg*****************,80784195.589~80802107.193,전라북도 ***********,41954980.477~41974610.564
이**,10091*********,010-*********,jeongsu****************,76442606.691~76455541.176,부산광역********,30963881.403~30974498.851
서**,57062*********,010-*********,sson*******,89683334.935~89701918.191,서울특별*********,14044592.864~14052176.0
백**,02102*********,010-*********,areum***********,85900098.113~85925292.604,전라북도 ***********,12450864.148~12455798.902
이**,89062*********,010-*********,bagminju******************,84629426.569~84641716.2,부산광역*********,10588344.631~10594626.504
류**,99041*********,010-*********,seoyeo***********,23856783.872~23866738.872,강원도 홍**********,9831301.22~9832605.912
조**,04091*********,010-*********,seongh**************,27376943.194~27390602.949,충청남도 ***********,3338617.349~3343094.288
류**,96110*********,010-*********,gimji**********,94615792.282~94640093.487,부산광역*********,20056063.04~20080839.316
박**,49080*********,010-*********,gangyeong******************,87087950.013~87107294.382,충청남도 ***********,14254356.931~14258444.528
김**,59042*********,010-*********,bgi*******,59326469.037~59339355.304,제주특별자치**************,1674582.041~1677637.086
김**,50081*********,010-*********,jongsu0***************,56344741.951~56353546.145,광주광역********,10730258.63~10732561.96
이**,66112*********,010-*********,seongh************,81750844.117~81765788.496,경상북도 ***********,21930074.741~21943014.374
이**,84113*********,010-*********,ihyeo*********,8773034.195~8778446.354,광주광역*********,1100432.524~1102170.484
이**,85030*********,010-*********,hyeonu**************,71001685.6~71012086.996,전라남도 ***********,18568573.052~18578261.542
박**,79121*********,010-*********,minjun8****************,75433816.351~75447986.092,제주특별자***********,52929694.395~53247124.822
오**,72120*********,010-*********,seung***********,23342785.124~23360479.497,세종특별자치*************,7294415.872~7301248.947
류**,04070*********,010-*********,qbag*********,83627045.549~83641038.623,경상북도 ***********,13835317.829~13840893.306
김**,93092*********,010-*********,yeongsu9****************,92290251.059~92312739.317,광주광역*********,26735741.034~26772829.15
김**,00071*********,010-*********,googja@**************,45591440.688~45601019.911,충청남도 천**************,1754494.122~1755548.474
백**,61032*********,010-*********,junyeong4******************,20024728.391~20028479.091,충청남도 ***********,3338617.349~3343094.288
류**,03010*********,010-*********,yeongi************,58901042.978~58917059.685,충청북도 청**************,19460626.985~19499330.841
고**,87061*********,010-*********,qhwang@**************,85615719.688~85639754.45,경상북도 포*************,28650480.518~28660545.673
김**,89051*********,010-*********,yeom@g***********,46991183.688~47015413.938,서울특별*********,16630377.326~16640912.72
이**,72111*********,010-*********,eunju***********,32272263.973~32275180.466,전라북도 ***********,2888433.882~2890595.54
이**,11021*********,010-*********,eunjuo*************,23880558.542~23902322.832,경상북도 포*************,8640421.855~8645154.822
김**,82122*********,010-*********,yejin1**************,75189928.77~75221453.84,경기도 용**********,1567606.091~1570857.305
류**,96092*********,010-*********,eunjeong*****************,73792570.005~73803584.431,대구광역********,11572100.377~11580026.173
윤**,03030*********,010-*********,gimhay*************,82970110.367~82987087.126,경상남도 ***********,13968813.249~13972323.585
김**,54103*********,010-*********,geonug***********,68475399.379~68504011.734,전라북도 ***********,2847351.871~2850108.194
김**,54040*********,010-*********,qcoe@y*************,78883525.762~78902809.156,전라북도 ***********,4325625.535~4326921.989
황**,54082*********,010-*********,nno@*********,85048716.85~85067771.424,충청남도 ***********,7452727.862~7456771.417
한**,96051*********,010-*********,vna@h*********,4621368.322~4628300.308,서울특별********,1378265.05~1380927.184
한**,65060*********,010-*********,dohyeonc****************,66389714.593~66418282.899,전라북도 ***********,15212645.063~15215122.996
김**,73013*********,010-*********,wgan*******,17127451.841~17132534.113,세종특별자치*************,7238351.762~7240068.733
이**,80040*********,010-*********,yeonggilh*******************,12778847.369~12798088.327,대구광역********,8955248.155~8960570.252
황**,69102*********,010-*********,jia10***********,73842742.674~73863315.132,제주특별자***********,9915773.931~9919879.72
김**,74111*********,010-*********,jeongsug****************,21182987.031~21195996.107,대구광역********,3190536.766~3194403.141
이**,93041*********,010-*********,gimsu*********,49818597.517~49837677.523,제주특별자치**************,29067783.175~29074592.544
장**,04092*********,010-*********,psong***********,29261720.618~29273219.292,대구광역********,12520711.602~12529116.534
이**,49061*********,010-*********,seongh**************,73749793.598~73774355.176,대구광역********,1901016.734~1904732.674
이**,89120*********,010-*********,migyeong*****************,88530366.515~88534520.828,충청북도 ***********,30269908.768~30283696.296
정**,44083*********,010-*********,jieun*********,32534494.445~32535849.852,경기도 ********,2657837.088~2661274.026
최**,49042*********,010-*********,yeong***********,31337088.046~31359113.496,서울특별*********,13171878.04~13173945.692
박**,11112*********,010-*********,seunghye******************,15536459.643~15542387.714,경기도 성***********,2421587.16~2427788.845
최**,88011*********,010-*********,sugjaj***********,15773913.578~15796652.779,대전광역*********,182557.363~184887.715
박**,11061*********,010-*********,jeongsu***************,90629196.08~90646374.519,세종특별자치*************,14219566.861~14230140.914
우**,74031*********,010-*********,yejin**********,17554712.817~17563636.81,충청남도 천**************,4089300.405~4091537.739
민**,64040*********,010-*********,junhogi***************,90149612.452~90155958.768,제주특별자***********,22532762.351~22550834.642
류**,59041*********,010-*********,si@i*******,24373121.5~24375834.17,경기도 수**********,4316543.813~4317635.865
박**,06071*********,010-*********,oi@i*******,15657641.632~15685439.486,인천광역시*********,9342719.328~9347110.861
김**,58010*********,010-*********,juweongw****************,89377036.358~89387207.86,부산광역시*********,36775941.877~36796748.781
김**,95111*********,010-*********,namcae***********,22393503.499~22437239.386,경기도 *******,1817086.291~1818808.24
진**,87062*********,010-*********,minjae************,21454199.376~21487971.342,부산광역*********,1933233.191~1934462.694
성**,08062*********,010-*********,hgim@y************,19637166.721~19694200.992,충청북도 청**************,1849359.85~1851013.349
최**,01100*********,010-*********,bagbyeo****************,48609382.648~48634758.458,서울특별*********,16523447.471~16547335.838
황**,92100*********,010-*********,junhye**************,41072230.871~41082445.687,전라남도 ***********,10386064.29~10392660.553
김**,98081*********,010-*********,zhan@***********,56111359.327~56125700.765,충청북도 ***********,28793328.639~28829448.396
김**,67051*********,010-*********,misugg*************,14902415.737~14948283.12,울산광역********,5173311.94~5181316.502
김**,88020*********,010-*********,siugang**************,27514106.462~27525863.429,경상북도 ***********,2589209.526~2591706.31
이**,60041*********,010-*********,yejing*************,25118309.635~25123315.796,경상북도 ***********,19295839.61~19300607.343
이**,45032*********,010-*********,yeongh***********,68452113.348~68475399.379,전라남도 ***********,20019930.725~20031591.99
송**,60101*********,010-*********,boram2************,14027223.321~14043790.187,대구광역*********,4474540.755~4480349.919
전**,07062*********,010-*********,sangce************,50951651.726~50964444.089,서울특별*********,12363657.831~12365575.648
강**,94122*********,010-*********,oi@******,92416759.299~92457137.378,인천광역*********,11582231.934~11588392.446
한**,48062*********,010-*********,eunjiba****************,15451579.788~15477940.021,경상남도 ***********,6187926.7~6193091.923
박**,62031*********,010-*********,doyun**********,62998060.341~63011352.054,경상남도 ***********,9029501.943~9034639.024
이**,49072*********,010-*********,gimsuno***************,18464697.805~18489962.052,충청남도 ***********,543896.432~545330.793
김**,08072*********,010-*********,hyeonj***********,47281105.999~47299734.766,전라북도 ***********,2709942.663~2710487.147
이**,82061*********,010-*********,pgweon**************,65209792.059~65238379.068,부산광역시*********,11479064.94~11484980.172
김**,61040*********,010-*********,gimjunse****************,10492432.983~10497697.454,전라북도 ***********,3484290.229~3490714.045
이**,57062*********,010-*********,gimjeong*****************,92721973.448~92732926.134,부산광역*********,12039900.08~12046317.684
조**,69122*********,010-*********,anseoy***********,35605213.199~35610724.2,서울특별********,9899022.431~9904695.38
박**,78052*********,010-*********,gimdoyu****************,62880187.848~62905217.42,경기도 화**********,12796396.675~12798567.92
김**,06121*********,010-*********,seoseo***********,87763602.068~87784146.522,경기도 *******,6370106.975~6374248.475
양**,05062*********,010-*********,gimmigye****************,90760306.145~90772940.977,울산광역시 ***********,19508412.478~19514702.677
윤**,01101*********,010-*********,eungyeon*****************,18351845.243~18356027.952,충청북도 ***********,1793501.943~1794635.536
백**,62030*********,010-*********,seojunh***************,86606575.369~86617902.591,대전광역*********,13744215.255~13747422.847
김**,89010*********,010-*********,gno@y*********,77198113.606~77222179.574,경상북도 ***********,13840893.306~13846139.614
이**,93101*********,010-*********,jungs**********,85584633.349~85609684.991,전라북도********,18457100.439~18469398.084
황**,78031*********,010-*********,junhye**************,61582325.467~61606474.081,전라북도 전************,17556263.441~17568368.905
이**,14100*********,010-*********,kbae*******,3369653.715~3377137.021,강원도 춘**********,202896.426~203394.752
엄**,90092*********,010-*********,ci@*****,53591911.833~53630273.6,부산광역시**********,4706859.819~4709978.486
김**,10041*********,010-*********,donghy*************,89661443.454~89665084.435,충청북도 ***********,24987589.48~24997316.563
허**,12040*********,010-*********,eyun*******,53119821.697~53129001.378,광주광역*********,5475459.148~5479491.33
박**,63050*********,010-*********,jimin**********,67493580.149~67504286.466,경상북도 포*************,24944230.866~24951554.638
김**,76110*********,010-*********,seonyeon*****************,90996245.953~91006012.573,경상북도********,5590905.889~5593488.498
지**,75070*********,010-*********,imigyeo****************,8946421.248~8954455.984,대구광역********,1858024.295~1860650.218
서**,89051*********,010-*********,noseungm****************,71465440.622~71467818.122,충청남도 ***********,14554216.106~14562128.326
서**,83061*********,010-*********,pgan********,42466248.44~42485475.334,대구광역********,8319108.187~8320082.168
박**,12022*********,010-*********,gimhye**************,43527082.836~43544108.591,강원도 정**********,12399759.72~12409910.595
최**,56081*********,010-*********,yeong***********,60008496.494~60028208.206,대구광역시 ***********,26828315.058~26857749.886
양**,02012*********,010-*********,pgan*********,38766724.5~38785618.749,부산광역*********,26939179.325~26941098.637
김**,12112*********,010-*********,yeongja***************,74335879.408~74340219.139,경상북도 ***********,14478644.457~14480972.13
오**,85102*********,010-*********,jeonghun******************,5144231.544~5151187.627,부산광역********,776964.925~777787.462
김**,67120*********,010-*********,hyejin*************,92882735.2~92889581.95,대전광역*********,13139171.421~13142616.766
김**,72112*********,010-*********,minjae7****************,90937909.576~90945417.324,울산광역********,2227389.864~2227864.204
한**,90083*********,010-*********,yeongmij*****************,40466671.22~40503344.146,전라남도 ***********,10453989.076~10457883.748
이**,67022*********,010-*********,yeongji**************,70543212.08~70562650.54,충청남도 ***********,774509.73~775060.609
김**,68032*********,010-*********,geon*********,84641716.2~84651600.376,울산광역********,21770938.126~21783398.241
김**,04032*********,010-*********,gimjung**************,50501202.001~50560407.724,경상남도 ***********,7007998.304~7014651.462
류**,11081*********,010-*********,gimjiu***********,20482784.138~20516467.876,대전광역*******,3294130.727~3296746.539
이**,90081*********,010-*********,cgwe********,68821267.92~68838403.328,세종특별자치*************,32681352.552~32701818.712
김**,87031*********,010-*********,jaeho**********,92892589.72~92906797.184,충청남도 ***********,10763915.317~10777263.657
김**,13070*********,010-*********,whan*******,40293714.073~40297033.732,대전광역*********,6024700.569~6026855.25
김**,10071*********,010-*********,ijunh**********,8022434.678~8063063.042,경상북도 ***********,1160514.59~1161039.931
박**,54101*********,010-*********,gweonjun******************,98067926.06~98094418.91,충청북도 ***********,60707438.358~60865738.744
박**,87022*********,010-*********,minjun**************,94965838.286~94978323.43,충청북도 ***********,23055817.46~23074481.904
최**,67022*********,010-*********,byeong************,19751861.337~19784110.397,전라남도 곡***********,9485826.539~9489840.407
하**,92052*********,010-*********,bagjuweo****************,95470990.703~95498714.909,세종특별자치*************,28247905.786~28253105.341
김**,55121*********,010-*********,dgang**********,24943678.877~24955073.754,강원도 평**********,11466103.941~11472941.453
이**,81090*********,010-*********,geonu*********,84319202.741~84335437.467,경기도 안**********,14633755.6~14640717.055
백**,59022*********,010-*********,siui@b*************,25238806.015~25251347.787,전라북도 *********,14425096.218~14435767.622
김**,62032*********,010-*********,bi@yu***********,31898691.52~31921785.276,경기도 양*********,7902324.486~7904388.04
곽**,56080*********,010-*********,yeong***********,69117293.323~69121221.259,제주특별자***********,40719616.577~40809114.068
곽**,96123*********,010-*********,pjeon**********,37405165.979~37477168.553,대전광역*********,20112188.765~20137435.613
박**,71081*********,010-*********,hwangjeong**********************,26783272.849~26791572.52,경상남도 ***********,938715.492~940489.302
오**,05040*********,010-*********,hanmig************,35182064.21~35218305.181,충청북도 ***********,14878869.029~14889426.362
손**,08051*********,010-*********,sanghun****************,75563173.746~75586183.836,경상북도 ***********,11025916.726~11031993.969
김**,04112*********,010-*********,ui@******,51044456.448~51054991.215,서울특별*********,19026877.2~19043750.704
양**,86060*********,010-*********,yeongilm*****************,80187292.988~80191986.592,부산광역시**********,13747422.847~13758685.122
이**,90022*********,010-*********,qbag********,21602187.443~21623307.198,서울특별*********,8594209.914~8598473.256
이**,68081*********,010-*********,yeongsu**************,3596079.458~3620145.472,경상북도 ***********,2398563.489~2399448.907
이**,75111*********,010-*********,bagyeo**************,61888962.25~61915031.393,전라남도 ***********,9664658.455~9670146.09
박**,02030*********,010-*********,seonghun****************,17152550.859~17182857.12,대전광역********,2854939.198~2855954.564
강**,76011*********,010-*********,ogim@r*************,15559229.284~15571599.576,서울특별*********,1545189.318~1548927.539
박**,81052*********,010-*********,fbag@**********,55112751.419~55123727.474,강원도 평**********,24260311.495~24267752.701
이**,97021*********,010-*********,ijihun@**************,79346426.584~79365728.492,제주특별자치**************,15362186.046~15381713.382
류**,63121*********,010-*********,cunja6***********,99360364.108~99382047.112,전라남도 **********,57141102.91~57335206.718
전**,00081*********,010-*********,yryu@*********,62955716.133~62978257.543,대전광역*********,21087682.265~21097225.033
안**,87042*********,010-*********,bagmi***********,67652276.817~67682706.95,대구광역*********,151205.979~152423.351
한**,65073*********,010-*********,doyun11***************,7906759.829~7919012.574,부산광역시*********,1719615.908~1722103.747
양**,89080*********,010-*********,ogsun51***************,41465209.606~41479341.536,강원도 강**********,14765838.304~14776020.256
홍**,75082*********,010-*********,eunseoi**************,64313457.08~64316284.01,울산광역********,8323387.418~8327685.281
서**,47082*********,010-*********,subingi****************,5939033.62~5971335.386,전라북도 ***********,904039.305~908615.277
김**,91101*********,010-*********,ijihy**********,19480313.48~19490832.873,경기도 연**********,4004383.681~4008782.587
김**,44073*********,010-*********,ggim@***********,82268444.587~82282686.269,경상남도 ***********,9007817.364~9010563.42
한**,62111*********,010-*********,migyeong*****************,91539581.144~91549586.197,경상북도 포*************,26976532.784~26996498.754
윤**,47011*********,010-*********,bagjieu***************,79746671.747~79789696.927,경상북도 ***********,14511791.914~14522681.357
강**,57112*********,010-*********,cunjag*************,72437222.784~72447212.551,충청남도 ***********,14052176.0~14057855.719
김**,14121*********,010-*********,ihayun@**************,67118784.822~67142366.246,울산광역********,7937196.048~7941994.244
차**,54012*********,010-*********,gwagjunh******************,93726209.896~93737573.525,경상북도 ***********,15583022.905~15591485.714
김**,11011*********,010-*********,yejig***********,33179309.36~33203565.227,광주광역********,13414132.026~13421545.846
고**,95011*********,010-*********,iseo@c**************,62080575.506~62090014.772,충청남도********,5301753.752~5306139.042
권**,01032*********,010-*********,ihyeo**********,20456061.138~20463834.605,전라북도 ***********,5527316.43~5528866.306
류**,13112*********,010-*********,ri@a*******,15391265.344~15403786.603,광주광역********,4680203.936~4685783.812
김**,52120*********,010-*********,juweon3***************,48380329.04~48394501.504,전라북도********,2232989.96~2235213.384
김**,88081*********,010-*********,gbag*********,96375199.673~96403472.121,대구광역시 ***********,10210349.572~10220571.902
성**,61050*********,010-*********,hgo@********,83477070.669~83493147.216,대전광역*********,7463691.634~7479513.696
홍**,93080*********,010-*********,hsin*******,33844764.115~33851135.137,광주광역********,6933044.186~6939666.0
한**,10080*********,010-*********,gimjae************,66066114.36~66083744.259,경상남도 ***********,12852100.142~12863723.146
김**,05111*********,010-*********,vgim@j************,92367838.08~92374983.886,서울특별*********,54485753.924~54563852.055
이**,06123*********,010-*********,seong***********,16105680.859~16113706.819,강원도 인**********,5764300.923~5765884.05
안**,56102*********,010-*********,hi@jus***********,29049524.987~29071809.156,서울특별********,11304154.15~11308846.034
이**,58070*********,010-*********,yunsan*************,32234238.208~32245348.608,전라남도 ***********,3013549.039~3018658.664
이**,67032*********,010-*********,hgim@*********,2220563.944~2225267.754,충청북도 청**************,910480.036~911861.214
노**,02101*********,010-*********,djang@**************,11536314.254~11554635.751,대구광역********,1097912.284~1099466.115
조**,65021*********,010-*********,eunseog***************,88216541.614~88225171.883,제주특별자***********,6777188.941~6785423.818
홍**,65042*********,010-*********,ijeon***********,40268933.35~40293714.073,부산광역시*********,575639.091~578767.314
김**,09061*********,010-*********,jinhog*************,82171108.373~82233395.882,울산광역********,23869375.207~23879881.2
김**,60050*********,010-*********,hyeonju***************,39875077.741~39889461.453,대전광역********,11500697.003~11501862.511
나**,74031*********,010-*********,jinu8***********,35986800.172~36010333.041,경기도 *******,4135290.591~4139753.342
박**,82052*********,010-*********,jinhoi@**************,85444147.363~85469170.338,인천광역*********,6472622.961~6475068.54
장**,58031*********,010-*********,eunjeo***********,4265181.12~4281818.469,경상남도 ***********,189368.709~192416.918
박**,73040*********,010-*********,jaehyeon*****************,44592889.309~44597666.505,대전광역********,3442245.441~3443096.988
이**,57043*********,010-*********,areumga****************,64909988.64~64913577.444,충청남도 ***********,7042278.887~7047194.994
박**,64072*********,010-*********,yeongsu****************,39836152.021~39843258.997,충청북도 청**************,4152940.8~4155435.924
김**,73042*********,010-*********,hi@no**********,84408331.664~84429689.587,전라북도 ***********,12917226.188~12925893.023
오**,95102*********,010-*********,yeonghwa******************,46459869.445~46466784.606,충청남도*********,201460.13~202242.4
박**,51050*********,010-*********,coeseo***********,79292326.382~79317446.706,전라북도 ***********,20047508.741~20049073.199
권**,63041*********,010-*********,jiyeonj**************,16034387.134~16071648.41,세종특별자치*************,6400245.237~6401581.23
민**,89121*********,010-*********,ijaeho***********,36875101.546~36891291.235,충청남도 ***********,3755358.391~3758443.902
손**,53083*********,010-*********,qi@co**********,40088134.097~40108939.938,제주특별자치**************,3049923.734~3053962.256
김**,85031*********,010-*********,jeongja**************,64509792.512~64533441.056,부산광역********,17254320.47~17266063.159
김**,81030*********,010-*********,boram*********,44311153.966~44325356.83,제주특별자치*************,1346868.552~1348713.563
이**,57012*********,010-*********,seungh*************,89102826.386~89119429.12,전라북도 ***********,21310136.63~21312305.527
성**,61033*********,010-*********,phwa*********,18520111.568~18547063.583,광주광역********,6088418.693~6092750.363
이**,74080*********,010-*********,yeonghwa****************,45490078.494~45500869.412,울산광역시 ***********,5899213.364~5902797.326
장**,03052*********,010-*********,bagju***********,79259919.705~79264314.877,부산광역*********,15477965.011~15487115.311
문**,03110*********,010-*********,minjun9***************,72415694.374~72421084.508,광주광역*********,3112032.689~3114777.052
안**,62111*********,010-*********,eunjeong*****************,85399456.251~85407794.616,인천광역*********,3247183.795~3247865.995
김**,83111*********,010-*********,coeyu***********,40366540.376~40390132.13,전라북도 ***********,4628584.613~4631281.534
김**,93050*********,010-*********,jihyeo**************,51100084.042~51110845.092,충청북도 청**************,4484278.991~4486604.419
김**,45020*********,010-*********,ii@gi**********,63911668.107~63934947.843,전라북도 ***********,10312465.285~10320526.549
김**,67032*********,010-*********,pbag@j*************,6422095.083~6435689.622,제주특별자치*************,3143327.752~3147547.373
박**,13012*********,010-*********,pi@ju***********,47141804.693~47168603.569,경상북도 ***********,14182836.631~14210094.592
김**,48030*********,010-*********,jeongsun****************,22927774.025~22948583.144,대구광역시*********,955381.781~956364.1
김**,68110*********,010-*********,igim@j*************,96890827.216~96930410.037,대전광역********,55875653.906~56052635.181
박**,72070*********,010-*********,acoe@j*************,13433167.042~13439229.398,경기도 안**********,3977683.152~3979058.917
김**,88120*********,010-*********,vgim@***********,47761374.284~47770104.106,광주광역********,5365212.093~5370074.336
고**,75090*********,010-*********,yeong***********,6355835.166~6363623.619,강원도 강**********,1934462.694~1935838.124
홍**,60081*********,010-*********,ojeong*************,38470992.174~38477615.446,대구광역*********,7023452.322~7025179.964
최**,44031*********,010-*********,jangyeo**************,61308910.911~61320480.114,강원도 춘**********,14718348.021~14723378.557
이**,47020*********,010-*********,xi@ba*********,49498113.888~49516533.918,전라남도 **********,23214480.76~23221296.116
남**,95070*********,010-*********,seonyeong******************,3478365.254~3488559.446,충청남도*******,337674.395~337885.301
이**,79052*********,010-*********,gimyun*************,18311025.161~18327841.069,서울특별시**********,2165446.791~2166819.979
손**,58112*********,010-*********,yejunb*************,25293043.94~25305958.692,서울특별시**********,1328729.58~1331198.539
황**,66091*********,010-*********,abag@j*************,38622457.754~38641613.397,충청남도 ***********,6510211.001~6513727.718
김**,50062*********,010-*********,yeongh**************,50445509.138~50484407.411,충청북도 ***********,31814665.544~31845560.004
김**,61073*********,010-*********,yuyejun***************,9994303.808~10000150.282,세종특별자치*************,2076776.661~2077221.258
이**,89062*********,010-*********,siuco*********,46620040.468~46642169.77,경상남도 ***********,23040793.971~23055817.46
정**,88101*********,010-*********,ieunye**************,78400199.796~78428749.699,제주특별자치*************,21463675.282~21479212.614
강**,79052*********,010-*********,uheo@*********,46916386.18~46936541.245,울산광역********,14594627.05~14602524.705
이**,67040*********,010-*********,idohye***********,42312690.577~42343880.268,충청남도 천**************,4615371.658~4619368.683
조**,10041*********,010-*********,hyeonj**************,21292528.518~21313453.673,경상북도 **********,9803850.404~9809551.34
이**,03042*********,010-*********,jiweong****************,73499973.32~73518216.573,전라북도 ***********,15519006.218~15519850.826
구**,52123*********,010-*********,eunyeon***************,26950487.834~27009959.028,충청북도 ***********,12039900.08~12046317.684
이**,84032*********,010-*********,fjo@b**********,97015322.596~97026463.406,부산광역시*********,23866325.082~23869375.207
김**,86080*********,010-*********,areum6*************,21948732.119~21973182.413,인천광역*********,9379642.4~9383123.91
박**,06121*********,010-*********,seonghu***************,55319692.638~55353988.755,경상북도 ***********,967018.527~967642.964
오**,96091*********,010-*********,hgang***********,86881593.77~86893321.008,대전광역********,16434575.877~16444357.866
안**,96080*********,010-*********,seoyun**************,68590386.093~68609528.71,전라남도 ***********,4823610.778~4832470.623
이**,84122*********,010-*********,munjieu***************,51916276.906~51919762.894,강원도 인**********,4626012.945~4628584.613
신**,90061*********,010-*********,san@ju************,20859388.986~20863841.013,제주특별자치**************,5124293.298~5126303.009
박**,69100*********,010-*********,gimsum***********,12591415.09~12618660.94,제주특별자치**************,236344.197~238411.809
오**,13100*********,010-*********,gimjiyeo*****************,38585853.159~38593913.353,부산광역*********,13840893.306~13846139.614
서**,80022*********,010-*********,fjeon@*************,20786509.839~20795637.785,강원도 양**********,3262855.635~3264932.64
이**,94020*********,010-*********,eunju80***************,38161563.368~38187053.015,경상북도 **********,1782984.572~1785296.337
김**,02080*********,010-*********,ajang*********,23426468.125~23459523.183,서울특별*********,11424940.352~11437858.832
오**,71102*********,010-*********,pan*******,54017126.994~54042160.35,경상북도 ***********,9019976.478~9027738.549
김**,70062*********,010-*********,xsim@y*************,55101459.144~55112751.419,전라북도 ***********,34393935.603~34444323.656
이**,94112*********,010-*********,wi@ju***********,88677075.415~88704454.147,울산광역********,11511522.032~11521720.799
한**,81090*********,010-*********,gimeu***********,60618530.284~60636788.486,대전광역*********,16314071.374~16319147.213
이**,98010*********,010-*********,ri@yuh***********,56125700.765~56157264.95,부산광역시*********,11399868.964~11402483.714
이**,03030*********,010-*********,eungye*************,84280264.618~84319202.741,세종특별자치*************,4508374.384~4516160.758
송**,14092*********,010-*********,seonghu****************,5902059.9~5914492.97,인천광역시 ***********,1452936.243~1455550.698
김**,81102*********,010-*********,eunse***********,8572005.734~8577719.732,부산광역********,2844878.862~2847351.871
곽**,00021*********,010-*********,fbag*******,86134092.722~86164175.745,충청북도 ***********,18591193.862~18602656.072
김**,45062*********,010-*********,zcoe@*********,97737560.163~97746631.005,충청남도 **********,16758096.52~16763450.848
고**,93052*********,010-*********,ri@g*********,40628055.515~40647603.918,세종특별자치*************,7623905.846~7629569.311
박**,80121*********,010-*********,jeongnam****************,22997396.269~23010334.272,경상남도 ***********,5513631.202~5517080.232
곽**,74100*********,010-*********,hi@gi*********,5914492.97~5915777.4,충청남도 ***********,911861.214~913721.395
이**,53020*********,010-*********,eungye***********,63588827.366~63626638.891,대구광역*********,5439287.146~5441491.749
이**,66032*********,010-*********,joyeongm****************,87282958.06~87289055.335,대전광역*********,8556163.024~8560861.454
이**,96082*********,010-*********,migyeo*************,29429976.294~29454456.596,세종특별자치*************,1818808.24~1821608.891
박**,97072*********,010-*********,iyeon***********,98060915.517~98067926.06,전라남도 ***********,12956222.678~12972711.533
이**,63061*********,010-*********,gangeunj****************,58144501.534~58158695.944,제주특별자치*************,28989748.614~28998186.161
황**,56060*********,010-*********,oi@om*********,15710356.62~15723164.314,인천광역*********,2286013.251~2292031.274
이**,63121*********,010-*********,jihu17***********,75329127.72~75368844.026,강원도 평***********,21548353.594~21570413.806
강**,50021*********,010-*********,yanggyeon******************,56063068.481~56074132.525,대전광역*********,3880644.426~3884014.656
이**,86110*********,010-*********,agim@***********,76214731.914~76228211.959,제주특별자**********,12562491.104~12570271.566
고**,67032*********,010-*********,gimseong****************,55353988.755~55375624.188,경상남도 ***********,16359715.059~16379341.447
이**,77051*********,010-*********,agim@j*************,9493188.832~9514777.215,부산광역********,891423.153~893741.324
오**,94102*********,010-*********,djang@***********,26823102.019~26838538.599,서울특별*********,1949647.185~1950880.347
이**,67042*********,010-*********,bagmin***********,27432119.622~27463050.114,경상남도********,10754367.53~10756861.885
한**,86072*********,010-*********,seoj*********,95703434.484~95733190.75,전라북도 ***********,7904388.04~7906711.638
박**,56041*********,010-*********,hyeonjeo*****************,19456658.901~19468653.896,경상남도 **********,136175.776~137310.845
박**,03021*********,010-*********,hjo*******,6355835.166~6363623.619,충청북도 ***********,2399448.907~2404451.504
김**,59062*********,010-*********,sugjaba***************,2236792.094~2260356.32,제주특별자치*************,307222.716~307955.559
황**,05052*********,010-*********,seongho3****************,63756081.72~63776914.147,전라남도 ***********,14738311.51~14747719.229
이**,89102*********,010-*********,jiabag*************,31323713.541~31337088.046,전라남도 ***********,4181133.67~4184647.06
김**,68062*********,010-*********,gyeongsu******************,9013056.979~9068000.116,광주광역*********,1943077.493~1947497.44
이**,57040*********,010-*********,gjeo*********,90085012.252~90098317.91,경상북도 ***********,28727863.084~28747898.378
김**,93112*********,010-*********,josuj***********,21788384.815~21796399.708,울산광역********,3765822.088~3769338.223
신**,96122*********,010-*********,jiweo**********,43852102.261~43883602.073,대구광역시*********,6102633.246~6106940.451
박**,47112*********,010-*********,gangye************,75108826.879~75152458.122,충청남도 논***********,24580144.752~24598264.143
박**,85121*********,010-*********,wjo@*********,66795145.836~66805283.69,충청남도 ***********,28485890.231~28499168.804
김**,49111*********,010-*********,seongs*************,5452465.835~5455348.367,충청남도 ***********,2032522.964~2035282.008
김**,54112*********,010-*********,isub*********,23902322.832~23934622.739,전라남도 ***********,10105050.542~10109852.061
민**,61040*********,010-*********,nambyeon****************,72140617.67~72152415.905,경상남도 밀***********,34613271.794~34655069.336
이**,53092*********,010-*********,pbag*********,4230777.188~4239652.181,부산광역*********,152423.351~152815.8
김**,10122*********,010-*********,najaeh***********,71210314.573~71218320.884,충청남도 ***********,12050372.918~12059626.916
김**,99011*********,010-*********,mbaeg***********,52404181.304~52425962.6,강원도 *******,5166313.324~5168147.832
이**,66022*********,010-*********,yeongil2****************,6068086.139~6086082.84,경상남도 창원***************,641771.319~642975.044
김**,84042*********,010-*********,gimeuny**************,82282686.269~82294454.051,강원도 정**********,28219339.595~28247905.786
최**,13032*********,010-*********,yeongsug*****************,95292141.969~95298747.182,서울특별시*********,2072276.744~2076224.641
우**,70091*********,010-*********,seoyeon****************,69857531.023~69867744.233,충청북도 ***********,7399344.703~7402792.218
김**,05050*********,010-*********,hyeonj*************,6150924.33~6155510.074,대전광역********,764384.687~770215.632
이**,72111*********,010-*********,seongsu5****************,38136881.698~38161563.368,세종특별자치**************,11015845.505~11025916.726
이**,47011*********,010-*********,namu*********,27390602.949~27432119.622,전라남도 ***********,3460016.418~3467915.209
박**,69041*********,010-*********,ui@jus***********,80074211.415~80093552.673,경상북도 ***********,42169812.845~42194126.521
이**,10052*********,010-*********,nmun@y*************,24006572.1~24013919.399,경상북도 ***********,6092750.363~6094748.048
이**,05121*********,010-*********,oo@ju***********,94651269.028~94672283.274,대전광역********,41974610.564~42065139.427
문**,65071*********,010-*********,wi@*****,99900084.217~99918320.551,전라북도 전************,28593152.954~28612924.409
김**,08020*********,010-*********,yeonghw****************,95659835.714~95697393.908,경상남도 ***********,12033807.112~12039900.08
민**,79082*********,010-*********,minji80**************,66859333.174~66868668.259,경기도 안**********,6166938.643~6171886.754
안**,83090*********,010-*********,jihye36***************,67001326.398~67006398.051,세종특별자치*************,37607711.149~37647199.634
김**,71092*********,010-*********,kyun@b************,92750217.941~92781390.552,전라남도*******,49238720.715~49262499.788
김**,86021*********,010-*********,goseonye****************,75461960.382~75484186.569,경상북도 ***********,40553983.246~40719616.577
김**,63050*********,010-*********,misug**********,2362810.263~2443758.376,충청북도 ***********,231165.519~236344.197
안**,07073*********,010-*********,seoju**********,16071648.41~16083286.245,경상남도 ***********,1940182.049~1943077.493
김**,02011*********,010-*********,boram*********,91770139.024~91788275.359,광주광역*******,4267291.002~4269949.433
이**,83020*********,010-*********,hayun9***********,16364784.162~16433117.644,전라남도 ***********,3687543.584~3691162.391
최**,55041*********,010-*********,jongsu9***************,98793368.898~98811599.92,인천광역*********,28268822.566~28333035.271
김**,14072*********,010-*********,boram87***************,29808435.27~29813543.735,제주특별자***********,10417256.398~10421919.794
강**,96112*********,010-*********,simjunh***************,50964444.089~50980398.17,전라북도 ***********,6144260.286~6145413.696
김**,96062*********,010-*********,gangjuw**************,88854030.854~88859652.088,대전광역*********,15153925.682~15164669.617
황**,66112*********,010-*********,minseo************,74265882.293~74286378.589,대구광역********,25293149.424~25308052.121
류**,91020*********,010-*********,yeonghwa****************,75689463.247~75707566.25,전라북도 ***********,10249332.42~10266207.62
이**,61020*********,010-*********,oyeongs**************,88044811.732~88051645.634,대전광역********,670292.803~673064.561
김**,85111*********,010-*********,seonyeo****************,16480686.22~16497844.98,충청남도 ***********,2502911.428~2507184.964
성**,05122*********,010-*********,seoyuni***************,17250105.46~17262976.765,충청남도 ***********,169534.357~170694.971
윤**,81041*********,010-*********,coesu**********,30655967.141~30679002.202,울산광역시 ***********,4242125.354~4244442.848
장**,80101*********,010-*********,haeun*********,55686943.288~55701138.86,대전광역*********,7090639.746~7092303.92
홍**,59080*********,010-*********,ona*******,32912028.511~32924036.389,대전광역********,15864813.787~15867834.571
이**,92072*********,010-*********,jaehye*************,89017351.2~89025491.658,울산광역********,17914807.646~17925596.476
이**,78012*********,010-*********,oryu@j*************,18327841.069~18351845.243,울산광역********,10563998.69~10569250.566
최**,01062*********,010-*********,sonyeong*****************,8560921.94~8572005.734,서울특별*********,496547.464~498163.164
한**,69061*********,010-*********,gimogs*************,63247717.408~63292589.845,세종특별자치*************,20374606.482~20394935.06
홍**,82010*********,010-*********,hgim@y*************,64913577.444~64921013.222,인천광역시 ***********,28987297.2~28989748.614
김**,60061*********,010-*********,sanghog**************,53358628.084~53383228.002,경상북도 ***********,4988693.408~4996534.249
이**,88081*********,010-*********,xgweon**************,31647818.258~31659473.999,전라북도 ***********,623254.456~624388.338
김**,68031*********,010-*********,jiseong**************,29978661.646~30009696.671,경상북도********,542926.247~543896.432
주**,47090*********,010-*********,songse***********,5679577.962~5693429.988,전라북도 ***********,440151.001~441967.86
이**,51062*********,010-*********,ryuji***********,77556896.634~77577123.815,서울특별*********,11279606.535~11282386.05
김**,11100*********,010-*********,fhan@i***********,42287139.848~42312690.577,제주특별자치**************,9822844.005~9831301.22
이**,07060*********,010-*********,yeongsu7****************,54348368.919~54376108.259,전라북도 ***********,12881863.537~12883953.41
이**,44072*********,010-*********,kcoe*******,39101442.918~39112790.671,강원도 삼**********,1753072.424~1754494.122
안**,96040*********,010-*********,hasi*********,63481285.922~63502044.611,경상북도 ***********,11189288.904~11200949.876
김**,02040*********,010-*********,yeongs************,43435614.95~43448313.048,제주특별자치**************,455648.587~456195.565
최**,55041*********,010-*********,ogja22@**************,61116787.829~61129960.28,세종특별자치*************,12021873.11~12028230.068
황**,99090*********,010-*********,ni@i*******,20542510.261~20547052.16,경상남도 창원***************,8738295.62~8740702.562
김**,77090*********,010-*********,mi@yuh***********,47391450.776~47403063.247,광주광역********,22499334.216~22518536.439
안**,86101*********,010-*********,dgweon@**************,25953434.552~25969077.576,충청북도 청**************,8327685.281~8330536.365
이**,08062*********,010-*********,ijinu@**************,74395259.169~74422905.579,세종특별자치*************,6760721.519~6765039.894
윤**,50021*********,010-*********,yeongs***********,99476331.936~99499558.292,경기도 안***********,36849503.116~36876257.156
홍**,51111*********,010-*********,jiyeongy****************,68043747.213~68066408.594,광주광역시*********,23991826.175~24024203.161
장**,46063*********,010-*********,gweonjae*****************,47931090.549~47936378.775,광주광역********,4531544.578~4536616.694
백**,14021*********,010-*********,ngwe*********,98027675.842~98060915.517,세종특별자치*************,279948.7~280694.571
이**,95102*********,010-*********,xgim@**********,20883225.809~20908035.114,경상북도 ***********,3597293.47~3597407.618
강**,62121*********,010-*********,coesangh****************,31321341.348~31323713.541,세종특별자치*************,4187364.755~4191033.032
최**,68071*********,010-*********,coejeon**************,29246491.377~29261720.618,제주특별자***********,9647070.97~9656140.407
손**,86030*********,010-*********,mijeongg*****************,37543088.946~37556154.164,경상북도 ***********,559769.671~562379.623
김**,10092*********,010-*********,sugjau************,40589426.172~40613863.925,강원도 양*********,1732624.522~1733990.428
황**,74041*********,010-*********,gimdo***********,6621277.8~6636371.775,서울특별*********,542039.514~542926.247
조**,01051*********,010-*********,dohyeony****************,37705229.531~37735099.169,울산광역시 ***********,5913260.299~5919235.192
김**,45061*********,010-*********,ybag@*********,88117054.076~88128057.644,인천광역시*********,60707438.358~60865738.744
전**,51121*********,010-*********,agim@y*************,95298747.182~95309094.407,충청북도 ***********,10289473.812~10296804.363
김**,06050*********,010-*********,anseun*************,91451151.342~91471435.203,전라남도 ***********,56972036.131~57141102.91
김**,11082*********,010-*********,jeongja****************,33482862.21~33485338.757,충청남도 ***********,3404003.971~3408162.8
고**,68112*********,010-*********,migyeon****************,96056944.94~96069709.552,서울특별*********,13356534.416~13363470.126
최**,70061*********,010-*********,hyeon**********,40297033.732~40309714.472,충청남도 천*************,12225228.844~12226860.92
주**,71010*********,010-*********,hongjiwe*****************,34324708.682~34360416.501,충청남도 ***********,13567736.81~13588100.704
권**,64120*********,010-*********,yejing************,18813570.526~18841047.541,충청북도 진***********,5350855.021~5354933.416
송**,05011*********,010-*********,yeweo***********,97764649.302~97803252.968,전라남도 ***********,6760721.519~6765039.894
박**,81070*********,010-*********,ci@******,53244442.54~53250689.917,전라남도 ***********,12559904.566~12562491.104
류**,67100*********,010-*********,doyun***********,6621277.8~6636371.775,전라북도 ***********,1210761.522~1211779.906
황**,01061*********,010-*********,jiasong***************,91272383.868~91296750.582,충청남도********,35536640.426~35592488.222
주**,44031*********,010-*********,coemin*************,95031996.528~95050500.162,경상북도********,8567145.55~8573936.08
이**,69070*********,010-*********,pryu*******,68609528.71~68632613.342,광주광역********,16897763.579~16901182.784
강**,68042*********,010-*********,eunjeong****************,61968040.941~61976818.951,울산광역********,1408925.238~1409433.04
허**,01060*********,010-*********,yeonggi***************,76474474.246~76500815.308,대구광역시 ***********,10086914.964~10090369.218
박**,61022*********,010-*********,jeongh***********,19946469.826~19962687.83,경상남도 ***********,1116968.299~1118621.918
박**,59020*********,010-*********,imin********,43940148.25~43946267.887,제주특별자치*************,5327470.762~5331569.05
유**,62032*********,010-*********,yeweon**************,37556154.164~37591784.682,세종특별자치*************,15946107.464~15950154.506
차**,83111*********,010-*********,ogsun**********,33759094.178~33773521.932,경상남도 ***********,5163524.995~5166313.324
정**,96060*********,010-*********,coeeunje******************,29173227.792~29181780.987,경상남도 ***********,7514643.858~7517318.233
노**,09121*********,010-*********,agim@j************,25424920.705~25436251.589,세종특별자치*************,309566.509~311155.728
최**,95100*********,010-*********,eunseo************,94466139.08~94476706.767,서울특별*********,1744191.525~1744885.724
우**,14070*********,010-*********,zson********,65499796.563~65519475.758,부산광역*********,9355420.736~9358124.514
황**,57042*********,010-*********,yejib*********,14352528.862~14387972.037,세종특별자치*************,344656.567~347578.892
김**,52070*********,010-*********,ni@******,63711034.845~63742892.755,울산광역********,28760675.866~28793328.639
김**,07031*********,010-*********,hyeonjun****************,17563636.81~17573743.291,전라북도 전***********,8660224.433~8666100.002
김**,68030*********,010-*********,fson@*********,84429689.587~84476800.992,광주광역********,30223404.386~30228890.987
정**,84112*********,010-*********,seungm*************,10000150.282~10037566.184,경기도 안**********,1441186.226~1443316.824
이**,61081*********,010-*********,yeonghwan******************,5432482.054~5452465.835,경기도 수**********,356161.056~358088.39
조**,66032*********,010-*********,igyeong****************,93669629.563~93690662.336,대전광역********,12231960.83~12240294.024
이**,06070*********,010-*********,jihyeo**************,37735099.169~37759244.075,부산광역********,2469365.882~2472046.201
최**,11122*********,010-*********,bagogs*************,13117915.515~13152546.274,인천광역********,1168978.324~1169650.093
이**,70080*********,010-*********,lmun@b*************,81959977.369~81982634.628,충청남도 천**************,9123394.916~9127449.314
김**,70091*********,010-*********,xbag@***********,51110845.092~51142683.649,전라북도 ***********,7025179.964~7029326.758
송**,46110*********,010-*********,gimjon************,93018882.656~93029452.425,충청북도 ***********,14134958.122~14147845.667
강**,63121*********,010-*********,ghong@*************,25118309.635~25123315.796,광주광역시*********,6418719.369~6419699.332
김**,57030*********,010-*********,sgo@a**********,93737573.525~93744795.406,충청남도 ***********,41081926.706~41127705.702
김**,53022*********,010-*********,oseo*********,40613863.925~40628055.515,부산광역********,18838040.875~18863773.824
류**,59081*********,010-*********,tyun@y************,93909932.73~93911833.676,세종특별자치*************,13783197.639~13788620.365
엄**,88070*********,010-*********,yunbora****************,76424398.45~76442606.691,광주광역시*********,14065023.038~14073035.721
문**,11051*********,010-*********,caewe*********,80678123.216~80706156.49,부산광역시*********,4691063.533~4693903.072
손**,98062*********,010-*********,myeong***********,61308910.911~61320480.114,전라남도 ***********,23188720.693~23197547.215
김**,81072*********,010-*********,seongmi**************,72998118.773~73012042.348,강원도 철*********,1221657.038~1228411.979
김**,97072*********,010-*********,gimyeo*************,19996948.466~20021348.64,제주특별자***********,9070007.975~9073761.859
구**,81082*********,010-*********,junyeong****************,46692979.19~46700726.359,충청북도 영***********,7816537.899~7820387.123
박**,44030*********,010-*********,seong**********,53709638.359~53731813.318,광주광역*******,17207943.782~17216473.408
류**,96022*********,010-*********,jeongh************,71450550.544~71458459.041,전라북도 ***********,14380980.992~14383579.604
박**,78100*********,010-*********,coeju*********,50560407.724~50606934.795,대구광역********,15611791.512~15628133.585
김**,87062*********,010-*********,ijiye**********,59222310.099~59236587.096,경기도 수**********,15296841.892~15302608.717
김**,56042*********,010-*********,gwangsug*****************,43261605.194~43288336.964,경상북도 ***********,4057159.106~4062006.782
이**,12032*********,010-*********,hwangsan******************,60660519.778~60673607.615,울산광역시 ***********,15698074.412~15703366.354
김**,62111*********,010-*********,lgim@j*************,37971307.538~38011933.276,대전광역********,4646240.599~4651540.5
이**,58072*********,010-*********,dgim@s***********,33295958.62~33313445.538,부산광역*********,9309258.608~9316364.94
이**,99072*********,010-*********,jimin7***********,78920162.326~78934769.551,인천광역********,32314549.045~32342453.434
진**,96080*********,010-*********,bgang@*************,75715617.138~75747482.622,인천광역*********,19201058.588~19211526.258
유**,65102*********,010-*********,msin@*********,89545897.596~89566519.504,경상남도 ***********,790575.277~792386.649
이**,74042*********,010-*********,bbae@j*************,45076125.117~45089556.843,울산광역********,10600157.244~10608603.311
김**,07030*********,010-*********,osim*******,73994074.019~73997133.38,대구광역********,1215107.816~1217452.266
이**,03062*********,010-*********,minjig***********,24373121.5~24375834.17,대구광역*********,122197.909~124388.521
류**,51082*********,010-*********,siu6********,27482856.784~27487490.708,경상남도 ***********,5228226.061~5232502.999
이**,88022*********,010-*********,yeji*********,33729310.1~33735778.51,충청남도 ***********,8999630.88~9007817.364
강**,05083*********,010-*********,ygang***********,34176027.968~34189619.891,부산광역********,6077033.45~6081871.99
안**,84031*********,010-*********,ygim@c************,55660608.821~55678505.291,경상북도 포*************,24598264.143~24602445.746
우**,87050*********,010-*********,gi@jus***********,99070264.62~99086510.754,광주광역********,952544.099~955381.781
이**,64051*********,010-*********,gyeon***********,59768484.263~59793951.083,충청북도 청**************,27137071.064~27209961.819
김**,83040*********,010-*********,yeongja4****************,75559168.0~75563173.746,전라북도 **********,25404279.709~25410179.392
김**,87120*********,010-*********,doyung*************,89920003.608~89944811.027,강원도 삼**********,6048023.672~6052737.828
박**,86122*********,010-*********,eunji01***************,14305347.994~14318587.354,세종특별자치*************,770215.632~772337.403
백**,69072*********,010-*********,eungyeo****************,71640343.799~71666542.718,충청북도 ***********,1361196.408~1366515.581
심**,71100*********,010-*********,yeongh*************,2220563.944~2225267.754,대구광역********,571986.82~573766.027
한**,56020*********,010-*********,mijeo**********,18783223.547~18793080.111,강원도 고**********,7434349.932~7436650.78
권**,45050*********,010-*********,jaehyeo**************,69367838.861~69393743.589,제주특별자치**************,15828198.18~15839827.85
김**,07081*********,010-*********,ii@h********,3713786.417~3720234.387,광주광역*********,1624301.108~1628703.467
박**,81030*********,010-*********,jinhoyu***************,60868221.738~60896048.222,세종특별자치*************,21910837.125~21930074.741
이**,68121*********,010-*********,ijin*******,47948190.708~47988975.597,전라북도 ***********,7686118.74~7690293.291
박**,87121*********,010-*********,jungsu***********,26052513.87~26062102.677,울산광역********,4556537.15~4561521.274
강**,01012*********,010-*********,him@ju************,35027552.313~35042457.675,인천광역*********,7036415.492~7042278.887
이**,48072*********,010-*********,ryugeo**************,5369208.466~5391586.979,충청북도 ***********,1234290.625~1237685.131
김**,79101*********,010-*********,geonu04***************,84953615.747~84982735.928,충청북도 ***********,15519850.826~15522577.668
최**,80071*********,010-*********,seojunho*****************,26893733.523~26909978.08,경상남도 창원***************,542039.514~542926.247
이**,03092*********,010-*********,yeongh***********,47737817.615~47749270.208,광주광역*********,28376972.573~28394130.922
송**,55081*********,010-*********,yeji*********,41615658.304~41633178.659,세종특별자치*************,7100022.03~7101713.379
박**,73092*********,010-*********,jieung************,95356636.11~95360646.563,인천광역*********,12479296.436~12483740.449
고**,64090*********,010-*********,jihun20***************,66183277.489~66200317.058,충청남도 ***********,9339668.74~9340848.4
김**,55011*********,010-*********,seongmin*****************,10118831.674~10141306.157,강원도 홍**********,4330538.936~4331008.459
이**,88012*********,010-*********,bagyunse****************,38099011.42~38114299.602,경상남도 ***********,2491077.297~2493544.886
남**,09062*********,010-*********,qi@b*********,55375624.188~55414195.065,대구광역시 ***********,17766063.964~17783179.039
김**,04032*********,010-*********,hwangdo**************,81732782.785~81750844.117,세종특별자치*************,29552548.646~29558243.537
김**,46080*********,010-*********,ahong***********,94438131.996~94462972.955,제주특별자***********,12938784.827~12945811.124
이**,80010*********,010-*********,mna*******,24266617.633~24297934.136,제주특별자치*************,256616.326~259580.466
황**,78012*********,010-*********,mbag@h************,91788275.359~91829042.31,경상북도 ***********,20031591.99~20038052.76
김**,06122*********,010-*********,pcoe*******,68296555.24~68336856.3,부산광역시*********,2227389.864~2227864.204
이**,12121*********,010-*********,minji12**************,37125660.431~37136170.313,경상북도 포*************,13673870.842~13684690.209
최**,50101*********,010-*********,eunse**********,20212629.442~20250984.055,광주광역********,1211779.906~1215107.816
유**,04082*********,010-*********,eunjeong******************,26538830.41~26610329.624,광주광역********,15936830.716~15946107.464
윤**,74040*********,010-*********,hayun***********,52496519.73~52506215.46,충청북도 ***********,8016451.875~8019301.127
이**,66110*********,010-*********,ugim*******,78819640.32~78846839.698,세종특별자치*************,30599788.548~30682254.886
최**,54081*********,010-*********,jeongs************,74987319.116~75012876.16,충청남도 ***********,28998186.161~29032409.848
백**,68072*********,010-*********,jinho11***************,37615041.507~37638881.387,서울특별*********,18168978.687~18176902.5
최**,66082*********,010-*********,sugjahw**************,79468135.459~79488436.71,대전광역********,44203907.468~44290918.667
조**,09011*********,010-*********,seongji****************,41682499.486~41719721.303,전라남도 *********,6677081.92~6685786.926
김**,69072*********,010-*********,hwangy**************,28127005.969~28139744.496,강원도 홍*********,2024941.47~2027297.901
김**,74072*********,010-*********,vi@i*******,8478647.72~8490163.333,대전광역*********,2180071.028~2180971.168
김**,79011*********,010-*********,caewe***********,46863313.399~46887853.19,인천광역********,18106130.766~18121344.487
김**,03082*********,010-*********,obaeg@************,95113553.458~95125740.861,광주광역********,7353833.771~7358704.782
이**,85090*********,010-*********,jgim*******,74876595.434~74943967.145,강원도 *******,36064366.029~36140174.077
이**,51051*********,010-*********,vheo@g***********,24297934.136~24322012.782,충청남도 ***********,3802076.575~3807584.23
구**,80041*********,010-*********,lcoe@g*************,85048716.85~85067771.424,광주광역*********,51819406.098~51982849.286
오**,58121*********,010-*********,hwangmij****************,18569992.663~18580106.93,강원도 횡**********,537080.016~538146.193
곽**,09081*********,010-*********,ei@yuh***********,60226778.86~60241263.455,광주광역시*********,1033034.867~1034984.642
주**,61061*********,010-*********,iujin@*************,40760437.758~40791252.098,서울특별*********,10667891.621~10673384.355
이**,62081*********,010-*********,seongs***********,94927663.781~94928661.157,대전광역********,39081729.39~39130677.906
한**,12091*********,010-*********,yeongsi**************,54842108.088~54877784.238,충청북도 진***********,6430319.117~6435188.127
한**,70090*********,010-*********,khong@************,51641414.058~51664702.406,전라북도 **********,7568216.355~7571319.676
조**,57060*********,010-*********,agim*******,45111635.072~45135007.332,부산광역시*********,1708509.534~1711018.597
조**,50010*********,010-*********,ogang@*************,63818862.213~63850099.724,세종특별자치*************,15739920.778~15748363.718
김**,08042*********,010-*********,ogim*******,13801419.587~13813471.014,경상북도 ***********,873579.802~875661.962
장**,47011*********,010-*********,gujunhy**************,67023461.752~67032097.282,전라남도********,13532354.65~13536032.258
장**,13072*********,010-*********,agim@y*************,70504062.216~70524094.581,제주특별자치*************,17854019.105~17859818.551
지**,69110*********,010-*********,munha**********,54122423.047~54149644.085,충청북도 청**************,3623565.036~3627371.034
김**,64012*********,010-*********,songgwan****************,54619122.184~54633314.12,서울특별*********,11381254.238~11385862.35
한**,77070*********,010-*********,gimjong**************,23393166.873~23426468.125,대구광역시*********,3391910.724~3394135.45
조**,08102*********,010-*********,iseoy*********,13330153.094~13338427.571,경상남도 ***********,4373247.204~4380615.086
나**,10051*********,010-*********,junhyeo**************,84096662.545~84105071.67,세종특별자**********,54353513.757~54485753.924
김**,73050*********,010-*********,jinhoga***************,52688364.528~52717942.622,광주광역*********,5734745.168~5736057.616
오**,80050*********,010-*********,minsu23***************,25436251.589~25454983.45,서울특별*********,7898377.448~7902324.486
김**,44120*********,010-*********,gimgwang*****************,12719277.058~12766900.601,대전광역*******,3951726.091~3953749.861
송**,14061*********,010-*********,gimyeo***********,81385532.218~81404500.603,대구광역********,51522582.288~51691918.409
안**,73010*********,010-*********,myeongja*****************,88588314.542~88605760.602,제주특별자치**************,17914807.646~17925596.476
이**,84051*********,010-*********,igyeon*************,21382951.984~21391932.03,제주특별자***********,2863289.473~2867316.978
권**,51010*********,010-*********,nayuj*********,57311593.144~57351764.656,대전광역********,12974365.779~12983653.55
서**,49011*********,010-*********,miyeo***********,38125304.291~38133366.33,강원도 횡**********,21877948.491~21886985.046
우**,69043*********,010-*********,gimdo**********,81385532.218~81404500.603,세종특별자치*************,13825549.105~13835317.829
박**,11070*********,010-*********,hbae@b***********,3256231.195~3268556.386,서울특별시**********,378331.181~381146.171
박**,05060*********,010-*********,lgim@***********,26145041.862~26149340.122,대구광역********,6257435.424~6264126.659
김**,74041*********,010-*********,seongsug*****************,76843124.594~76873782.038,제주특별자**********,5913260.299~5919235.192
이**,59111*********,010-*********,iseonghy*****************,10210060.68~10216683.67,강원도 평**********,3306982.338~3311460.063
홍**,06061*********,010-*********,jeongsug*****************,59686164.43~59707670.394,대전광역*********,9962329.432~9966550.074
김**,90040*********,010-*********,jiyeon**************,37116068.645~37125660.431,강원도 삼**********,4554105.95~4556537.15
윤**,04100*********,010-*********,jeong***********,55678505.291~55686943.288,인천광역*********,6276905.837~6281219.306
김**,15012*********,010-*********,hyeonjeon*******************,10484037.069~10492432.983,전라북도 ***********,2509390.372~2512178.46
배**,80080*********,010-*********,geonu***********,86540460.096~86545119.219,경기도 안**********,7630126.268~7639050.355
이**,51112*********,010-*********,jeongn***********,65284937.563~65296174.952,전라북도 ***********,3797211.733~3798486.938
지**,67010*********,010-*********,bagyeong*****************,5235099.724~5239121.664,서울특별*********,669084.391~670292.803
이**,62081*********,010-*********,gimdoy**************,25454983.45~25468567.393,경상북도 포*************,9892690.666~9899022.431
김**,71050*********,010-*********,ijinho@**************,33922497.858~33930266.342,제주특별자치**************,9364560.664~9373965.248
이**,82060*********,010-*********,vgim*********,24553063.674~24566205.034,대구광역********,162143.261~162758.2
박**,05020*********,010-*********,iseoyun**************,61955881.31~61968040.941,충청북도 ***********,11406463.091~11410155.809
송**,82051*********,010-*********,bagyun*************,12937062.031~12984743.15,충청남도 ***********,1400444.866~1401765.89
양**,49051*********,010-*********,eungyeon****************,34498338.0~34514476.759,전라북도 ***********,5120045.274~5124293.298
강**,99051*********,010-*********,isangh***********,40169976.079~40178337.933,인천광역*********,18372244.378~18388635.642
류**,52053*********,010-*********,seongm***********,46947131.588~46979268.121,대전광역********,24997316.563~25015089.332
전**,44121*********,010-*********,jeongsun*****************,71962791.32~71990319.815,부산광역********,10966995.0~10971377.784
문**,88062*********,010-*********,gimgwa***********,64329634.539~64362971.044,부산광역*********,24886414.318~24937766.868
김**,80010*********,010-*********,hayun*********,86930797.343~86951773.385,경상남도********,9724347.226~9733299.681
박**,52052*********,010-*********,simji***********,10864237.076~10906219.357,충청북도 청**************,2060067.184~2060420.255
이**,54092*********,010-*********,ki@i*******,87365512.627~87386978.56,대전광역********,12599618.59~12609792.295
황**,88020*********,010-*********,gimeunji****************,45981535.763~46002490.694,경기도 광**********,13457147.054~13466944.933
김**,86051*********,010-*********,seongh***********,74770913.23~74778837.905,경기도 *******,27625167.216~27638473.589
박**,61070*********,010-*********,hwangj***********,35059779.296~35067646.306,광주광역********,16997985.808~17009078.0
이**,77051*********,010-*********,yeeun7************,74813355.331~74829218.843,인천광역시 ***********,6144260.286~6145413.696
이**,46072*********,010-*********,dohyeon****************,46541456.532~46565675.271,대구광역********,22381790.48~22428410.84
임**,60110*********,010-*********,yeongc************,78993082.467~79004444.48,세종특별자치*************,35921403.882~35957500.028
한**,10062*********,010-*********,iyeweon**************,53129001.378~53130393.912,충청남도 ***********,26351932.12~26356580.569
박**,89122*********,010-*********,minyeon***************,87265780.043~87271394.786,대전광역*********,12106429.278~12113797.176
홍**,03050*********,010-*********,seonyeo****************,69743482.379~69769807.88,전라북도 ***********,19737256.48~19742987.474
이**,70073*********,010-*********,myeongj****************,77275897.914~77295931.962,경기도 *******,5086964.785~5087641.719
유**,74061*********,010-*********,minjaeh**************,41924111.741~41956471.59,세종특별자치*************,294440.624~295625.554
김**,54101*********,010-*********,ki@*****,10492432.983~10497697.454,충청북도 ***********,2657837.088~2661274.026
김**,98081*********,010-*********,jiweon***********,23964393.262~23970831.533,광주광역********,1858024.295~1860650.218
강**,48082*********,010-*********,seoyu**********,96028935.626~96035626.976,서울특별시*********,11857344.182~11863961.982
박**,74082*********,010-*********,ri@******,92253116.219~92273757.044,대구광역********,22593938.28~22606503.444
박**,14122*********,010-*********,hyeonj***********,97803252.968~97819261.549,전라남도 ***********,25260486.342~25270499.756
전**,87073*********,010-*********,eunjeo**************,64295067.376~64313457.08,경기도 ********,8248255.765~8251208.664
류**,56123*********,010-*********,gimjeo**************,91579143.392~91591326.142,세종특별자치*************,24865654.938~24886414.318
이**,58051*********,010-*********,wgim@j*************,28818158.334~28822601.23,제주특별자***********,7436650.78~7441156.692
장**,56011*********,010-*********,imyeon***********,3830217.272~3846241.159,인천광역*********,749954.55~750675.743
강**,55081*********,010-*********,hwangjeon******************,58399326.112~58426815.429,전라남도 ***********,8632769.423~8640421.855
최**,01120*********,010-*********,iseong***********,83641038.623~83664054.609,전라북도 ***********,6081871.99~6088418.693
최**,10012*********,010-*********,minseog***************,74858718.148~74870548.284,대전광역*********,3765822.088~3769338.223
김**,86021*********,010-*********,anogja**************,74135491.911~74148452.904,서울특별*********,14172305.036~14176494.036
박**,13100*********,010-*********,jaeho***********,56923101.484~56952943.796,인천광역********,3078976.509~3081744.232
김**,06061*********,010-*********,lgim*********,55880671.101~55899081.258,울산광역시 ***********,19136538.375~19150404.333
백**,93082*********,010-*********,minsugi****************,61540112.472~61582325.467,강원도 철**********,10070808.288~10073567.201
주**,44111*********,010-*********,seongj***********,90007346.44~90033690.104,울산광역********,6885343.682~6886732.17
이**,62022*********,010-*********,xhwa********,10783268.309~10811942.656,경상남도 **********,443982.924~444735.666
김**,79080*********,010-*********,dyang@************,4448026.835~4461329.638,충청북도 ***********,813415.128~814154.397
김**,83071*********,010-*********,jieun*********,69964099.625~69989365.65,서울특별*********,37647199.634~37665475.099
김**,73112*********,010-*********,jeongsug******************,93558760.058~93581149.648,대전광역*********,8594209.914~8598473.256
이**,53030*********,010-*********,ogjab**********,87412774.01~87417135.312,대구광역*********,3564948.908~3566858.397
최**,84111*********,010-*********,jeonghogw******************,82970110.367~82987087.126,서울특별*********,12746108.259~12749950.775
문**,67011*********,010-*********,tjan********,39451236.374~39477484.351,울산광역********,20299434.941~20324035.558
이**,06121*********,010-*********,egim@***********,79365728.492~79370709.256,충청북도 ***********,20514267.942~20545426.427
최**,05090*********,010-*********,jeongh**************,29471260.906~29486990.389,인천광역*******,12074797.731~12082698.249
최**,80072*********,010-*********,doyung**************,52590411.293~52627054.67,인천광역********,5059918.134~5065442.273
김**,81030*********,010-*********,gimyeon**************,80476173.178~80489043.982,전라남도 ***********,30894639.109~30963881.403
박**,59061*********,010-*********,miyeong****************,51487046.239~51516784.771,경상남도 ***********,18791864.214~18803704.9
황**,13051*********,010-*********,bhwang@***************,47836882.622~47860826.17,울산광역********,2996644.661~2999264.36
강**,44050*********,010-*********,misugi@**************,4924630.095~4935999.321,제주특별자***********,2388410.75~2389262.986
박**,00111*********,010-*********,yuncaewe****************,73440932.096~73475339.226,전라남도 ***********,9921432.89~9925295.218
김**,03080*********,010-*********,jeonghu****************,92952648.747~92963076.501,대전광역********,974111.15~978853.624
조**,75102*********,010-*********,xi@jus***********,93558760.058~93581149.648,경기도 성**********,10124425.951~10127219.659
김**,61060*********,010-*********,jiyeon***********,66453888.392~66483674.575,경기도 파**********,8456116.427~8465926.112
김**,53010*********,010-*********,gweonyew******************,12215921.302~12249718.782,충청북도 ***********,5754416.304~5755972.855
김**,50052*********,010-*********,jihye48**************,68565304.831~68570999.308,충청남도 ***********,18408672.736~18415379.422
안**,47101*********,010-*********,jangjin**************,76301615.258~76332476.302,대구광역*********,8095741.91~8100146.144
김**,95100*********,010-*********,yangjeon******************,72487982.122~72516205.093,경기도 ********,990352.979~991645.777
이**,79090*********,010-*********,ci@yu***********,68685682.89~68698810.702,부산광역*********,5604024.875~5608518.597
홍**,69062*********,010-*********,baegca************,64190901.008~64207004.596,세종특별자치*************,13536032.258~13539781.18
김**,04033*********,010-*********,qgim@**********,5915777.4~5931698.607,경기도 수*********,2119029.093~2120008.198
서**,58103*********,010-*********,hyeonjun*****************,30537382.326~30546612.876,부산광역*********,1650475.634~1652440.95
김**,86063*********,010-*********,bagseoju****************,51142683.649~51187764.998,경기도 안**********,23593141.538~23601684.718
김**,94021*********,010-*********,eunji88**************,45255783.042~45271943.372,대전광역********,1780991.634~1781347.948
김**,05021*********,010-*********,yejigim***************,67349735.816~67387722.378,인천광역********,10127219.659~10134169.97
이**,92072*********,010-*********,seong***********,62846172.194~62880187.848,대전광역********,30283696.296~30298549.443
박**,96040*********,010-*********,gimsug************,20416909.604~20456061.138,부산광역시*********,835094.28~835364.52
박**,46092*********,010-*********,seongs*************,33420032.002~33441036.962,경기도 용**********,8420831.821~8430917.38
최**,06053*********,010-*********,gimji***********,95919974.584~95935092.792,경기도 *******,62584319.965~64263069.946
김**,52091*********,010-*********,iyeongs****************,92642943.87~92648258.214,세종특별자치*************,4380615.086~4386179.106
이**,88112*********,010-*********,gimgye************,5693429.988~5711124.74,경기도 고***********,3296746.539~3301832.93
황**,49092*********,010-*********,qmun@i***********,8523010.581~8538122.384,제주특별자치*************,2449833.712~2451069.478
조**,44062*********,010-*********,eunse**********,39042183.748~39053246.936,인천광역시*********,16901182.784~16914131.564
김**,85102*********,010-*********,jihyegi***************,54411386.062~54425985.559,경상북도 ***********,2350223.341~2352104.304
양**,62012*********,010-*********,yeongs***********,46659933.103~46677011.992,대전광역********,2979276.136~2983393.088
고**,78101*********,010-*********,yeongji***************,6237154.695~6242699.008,세종특별자치*************,3665924.299~3667742.762
정**,05070*********,010-*********,subin4**************,30165568.333~30200437.012,강원도 *********,8386010.878~8391332.251
양**,06013*********,010-*********,di@bag************,45311391.781~45321867.296,전라남도 ***********,25559816.955~25600446.808
안**,00041*********,010-*********,eunseog**************,57762645.147~57783508.425,부산광역*********,2814706.312~2815113.511
박**,93123*********,010-*********,baegjeon*****************,23577421.595~23609061.924,충청남도 ***********,2466548.838~2467067.492
이**,88100*********,010-*********,gimseoy***************,36215599.599~36237861.7,서울특별*********,10732561.96~10738124.292
김**,65022*********,010-*********,dbag@**********,99070264.62~99086510.754,전라남도 ***********,19157898.387~19176496.123
박**,54101*********,010-*********,ryujeon****************,4834790.451~4849349.626,대전광역********,1642144.129~1643781.832
최**,67101*********,010-*********,jimin***********,69367838.861~69393743.589,울산광역********,35461770.457~35536640.426
김**,14041*********,010-*********,seohyeon****************,46174721.283~46195579.84,강원도 원**********,23850920.468~23866325.082
이**,53030*********,010-*********,sugjaba****************,55574187.379~55606485.634,제주특별자치**************,6425225.15~6430319.117
이**,63032*********,010-*********,jiui@s************,52627054.67~52633053.901,부산광역********,9742589.136~9743499.303
김**,52051*********,010-*********,yeji41**************,67946383.316~67996392.922,전라북도 ***********,16811449.578~16812716.021
이**,71091*********,010-*********,dson@**********,80489043.982~80496816.629,제주특별자***********,38916255.361~38938187.7
박**,50022*********,010-*********,bagye**********,45684026.68~45687772.647,경기도 광**********,13153396.37~13156531.611
강**,45082*********,010-*********,jeongu***********,7185872.718~7196921.61,세종특별자치**************,1548927.539~1550005.69
하**,69100*********,010-*********,yeongsu**************,72815908.463~72825029.267,인천광역*********,9489840.407~9493370.044
이**,90100*********,010-*********,junseo2****************,8954455.984~8975580.88,제주특별자치*************,286083.082~286726.787
김**,56051*********,010-*********,hanhaeu****************,69191614.469~69209224.66,대구광역********,1517388.009~1518198.675
김**,96090*********,010-*********,ogja81*************,2260356.32~2268438.068,경기도 고***********,144797.11~146906.08
강**,85122*********,010-*********,coegwan***************,2508930.807~2572783.506,전라남도 ***********,1058714.329~1061725.59
김**,87083*********,010-*********,jiyeong****************,91867492.915~91900572.034,부산광역********,13744215.255~13747422.847
김**,11091*********,010-*********,xi@******,13504056.91~13511968.424,세종특별자치*************,2146742.778~2149009.526
김**,01071*********,010-*********,bsong@*************,5598282.367~5654062.557,전라남도 ***********,311155.728~312479.388
홍**,77060*********,010-*********,sunj*********,68752877.966~68779175.802,대전광역********,39452721.403~39536952.001
김**,81052*********,010-*********,jiyeo***********,95791145.72~95812012.143,강원도 *******,31146300.309~31177681.981
박**,02091*********,010-*********,sgim*********,63818862.213~63850099.724,전라남도 ***********,4869347.831~4871415.878
김**,67011*********,010-*********,geon*********,14705278.662~14720633.812,인천광역*********,7002064.308~7007998.304
한**,85112*********,010-*********,yunseo***********,12249718.782~12289402.24,충청북도 청**************,156036.136~158694.764
허**,97103*********,010-*********,fhong@**************,80319517.918~80339706.81,충청북도 청**************,8560861.454~8565959.456
박**,97042*********,010-*********,jiweono***************,61116787.829~61129960.28,전라북도 ***********,23637759.119~23653572.809
김**,89031*********,010-*********,peom*********,58017473.393~58025436.067,광주광역*******,5536774.288~5541748.977
김**,92111*********,010-*********,seongj**************,79960503.407~79995788.55,강원도 정**********,28877061.413~28907868.927
허**,04011*********,010-*********,jia89**********,34818995.725~34822514.423,울산광역*********,1321586.926~1327122.516
고**,65093*********,010-*********,sgim*******,26367203.584~26369391.28,대구광역********,5163524.995~5166313.324
최**,06021*********,010-*********,hyeonjun*****************,83779396.624~83808135.848,전라남도 ***********,8856675.454~8860526.946
남**,13121*********,010-*********,bagsangce******************,94383517.156~94384567.409,충청북도 청**************,9194637.022~9200705.382
고**,79101*********,010-*********,gimminj****************,36776781.987~36793316.325,서울특별*********,9912790.365~9915773.931
민**,74082*********,010-*********,seonyeong******************,48170760.914~48197240.471,서울특별시*********,3983780.494~3989894.63
한**,81021*********,010-*********,gimhy***********,71218320.884~71226191.814,전라북도 부***********,2459237.108~2461839.632
이**,85123*********,010-*********,jeongna***************,15033509.361~15042308.795,경상북도 ***********,1029627.864~1033034.867
윤**,47111*********,010-*********,ci@g*********,14858097.893~14890501.018,경상북도 **********,799430.53~802201.841
고**,51031*********,010-*********,fi@s********,42686050.191~42697177.052,부산광역시*********,20080839.316~20096416.886
우**,91031*********,010-*********,bbag@j*************,11795899.24~11798554.331,경기도 화**********,2939412.74~2942421.32
이**,14071*********,010-*********,seonghun******************,86825222.68~86831145.806,대전광역*********,8743440.543~8746372.15
이**,59032*********,010-*********,sumin69***************,37105600.454~37116068.645,경상남도********,3041282.734~3043525.837
윤**,65040*********,010-*********,pyun@y************,79825845.478~79858922.997,부산광역*********,34883851.996~34938102.335
이**,69070*********,010-*********,minji6*************,13433167.042~13439229.398,인천광역시*********,1295919.044~1297364.529
구**,73032*********,010-*********,minjun************,13201312.536~13219945.229,대전광역*******,6122229.837~6125294.028
김**,51090*********,010-*********,ijih*******,81159225.678~81177289.26,대전광역********,8980981.388~8988344.39
이**,08052*********,010-*********,jangcun****************,36835101.224~36856406.636,경상남도********,2715224.848~2717198.516
박**,78021*********,010-*********,gyeongh**************,15816243.948~15823911.448,경기도 고**********,5354933.416~5358467.912
박**,65012*********,010-*********,yhan*******,53630273.6~53642934.199,울산광역********,6353945.78~6355531.275
장**,70030*********,010-*********,baegmins******************,8511726.0~8523010.581,경상북도 ***********,608789.488~610010.049
하**,83090*********,010-*********,cunja*********,52912985.062~52947350.578,울산광역********,29764918.421~29811189.053
박**,90083*********,010-*********,dgim@*********,84361601.095~84386014.075,서울특별*********,9462315.3~9478337.912
서**,91090*********,010-*********,yeongjac*****************,20716379.346~20730253.643,충청북도 ***********,9583578.609~9586775.498
김**,78102*********,010-*********,xseo*******,79450490.246~79468135.459,전라남도 곡***********,10065019.516~10070808.288
오**,49050*********,010-*********,minseog***************,77772820.287~77781622.26,인천광역*********,15443842.18~15464942.382
김**,83092*********,010-*********,gimji***********,6087624.266~6129263.478,전라북도 ***********,2211316.729~2215300.226
하**,46012*********,010-*********,jgim*******,42287139.848~42312690.577,부산광역*********,7190334.842~7193869.29
서**,08072*********,010-*********,gimjeo************,73536662.786~73555795.035,전라북도********,7686118.74~7690293.291
김**,99100*********,010-*********,sujing**************,96784429.405~96789725.714,경상남도 ***********,15698074.412~15703366.354
손**,71021*********,010-*********,hyeon***********,31471632.964~31488418.054,전라북도 ***********,8128428.102~8132593.489
하**,13051*********,010-*********,gimj*********,5931698.607~5934141.078,제주특별자**********,721807.833~722337.603
박**,09101*********,010-*********,minjae**************,89017351.2~89025491.658,울산광역********,29699493.683~29764918.421
오**,78042*********,010-*********,jeongs************,56251397.029~56285419.262,경기도 평*********,20253214.181~20257795.509
이**,66031*********,010-*********,yjang@*************,63135453.414~63159924.994,세종특별자치*************,13193934.418~13200067.383
전**,03061*********,010-*********,obae@***********,66013300.188~66029790.051,인천광역시*********,8581749.825~8583140.046
김**,01101*********,010-*********,minji86***************,82233395.882~82268444.587,광주광역********,7501931.854~7509171.122
오**,73110*********,010-*********,jaehye**************,49330578.176~49349110.363,경상남도 ***********,4503838.352~4506134.266
윤**,54122*********,010-*********,vgim@j*************,8992311.421~9013056.979,전라북도 ***********,3904850.137~3913042.852
이**,67010*********,010-*********,jiyeo***********,36347432.735~36388934.274,경상남도 창************,8248255.765~8251208.664
김**,67041*********,010-*********,sanghor****************,94766978.014~94774169.796,경기도 *******,3579394.25~3581810.831
김**,89092*********,010-*********,bbag@***********,94361940.774~94367788.494,경상북도 ***********,34085218.003~34134312.774
홍**,61082*********,010-*********,si@yuh***********,17512418.39~17522370.877,대전광역********,5767310.239~5773901.197
구**,49121*********,010-*********,gyang@*************,78049338.454~78080059.479,경상북도 ***********,1488114.096~1490375.925
손**,87033*********,010-*********,yeongh**************,10155553.829~10157271.555,광주광역********,3343094.288~3344657.694
이**,50090*********,010-*********,ujinyu***********,30798972.512~30806189.535,세종특별자치*************,6553718.977~6559988.456
김**,12121*********,010-*********,jiyeon************,6947504.276~6973158.523,부산광역********,1891567.366~1892650.376
류**,05042*********,010-*********,pi@gi**********,95767409.724~95783200.547,경기도 안*********,252343.373~253962.287
장**,81031*********,010-*********,fi@******,77087387.569~77111298.549,충청남도 ***********,26397260.898~26412326.881
최**,79032*********,010-*********,hyeonsug*****************,8726529.564~8756050.075,부산광역시 ***********,1461193.699~1463685.758
서**,70081*********,010-*********,gimmin*************,40628055.515~40647603.918,대전광역********,23635018.668~23637759.119
김**,04060*********,010-*********,ysim********,83415453.369~83428048.089,서울특별*********,56530796.781~56857948.282
최**,64121*********,010-*********,mijeon************,45401973.495~45411242.548,울산광역********,24473760.013~24492582.857
박**,88083*********,010-*********,seongho****************,14668970.166~14705278.662,제주특별자치**************,666665.667~667316.014
권**,58082*********,010-*********,seoeunj****************,19490832.873~19501069.002,경기도 안***********,2126163.284~2126910.508
최**,54110*********,010-*********,igim********,26823102.019~26838538.599,제주특별자치**************,17753008.512~17762945.252
김**,57082*********,010-*********,rheo*******,92664498.425~92684364.435,제주특별자치*************,11413412.614~11424940.352
박**,83091*********,010-*********,hgan*******,51091647.518~51100084.042,전라남도 ***********,1881533.702~1884895.979
김**,45013*********,010-*********,junhyeog******************,80773959.828~80784195.589,경상남도 ***********,26626723.103~26671457.557
김**,13122*********,010-*********,boramga****************,79190985.009~79213521.529,대구광역********,5657317.002~5659521.802
강**,76111*********,010-*********,gangseo***************,78253290.383~78280676.537,부산광역*********,10155788.387~10173793.757
김**,03121*********,010-*********,eunyeo***********,19880113.174~19885515.653,광주광역********,435384.605~437050.498
김**,52041*********,010-*********,seoyeo*************,77087387.569~77111298.549,부산광역*********,2393084.423~2394452.965
김**,55050*********,010-*********,iseung*************,38728332.527~38746117.752,세종특별자치*************,937434.826~938715.492
최**,90011*********,010-*********,ijia@j*************,90264333.507~90271867.783,대구광역********,25682515.529~25745144.352
김**,82101*********,010-*********,ujin12**************,33773521.932~33780508.882,제주특별자***********,2900447.041~2901209.853
황**,65040*********,010-*********,ugim*******,94032880.248~94040762.276,인천광역********,15875055.392~15887242.512
박**,91092*********,010-*********,ena@hw***********,84344765.179~84361601.095,울산광역********,45918513.64~45947269.766
박**,72051*********,010-*********,gimmin*************,42162869.836~42178843.744,경상남도 ***********,15718678.815~15723372.426
이**,48012*********,010-*********,yeongce****************,77577123.815~77593559.33,경상남도 ***********,8826170.198~8833416.465
최**,09040*********,010-*********,byeongce******************,40503344.146~40529674.02,강원도 평**********,19514702.677~19526496.443
김**,50071*********,010-*********,jongsu**************,93060348.603~93088300.667,충청북도 **********,8507928.222~8516898.676
이**,01092*********,010-*********,eomseoy**************,58613583.585~58643698.582,대전광역********,487651.047~489566.936
이**,89012*********,010-*********,gimhye***********,31222128.631~31231209.118,제주특별자치*************,6264126.659~6268394.618
김**,86092*********,010-*********,mi@*****,6155510.074~6166190.635,강원도 양**********,1203266.851~1206344.75
이**,03022*********,010-*********,gimjia**************,79875427.685~79907393.586,부산광역********,10721189.859~10730258.63
황**,66032*********,010-*********,mgim@s**************,36143568.674~36195713.585,인천광역*********,3454400.511~3456231.945
서**,67050*********,010-*********,minseog****************,24453713.877~24483612.702,대전광역*********,9505893.983~9507699.484
김**,98031*********,010-*********,iyeong**************,16083286.245~16105680.859,대구광역********,11627412.756~11634056.208
배**,64061*********,010-*********,minjaeco****************,39153870.134~39213069.336,서울특별시**********,13238456.582~13258274.996
황**,77062*********,010-*********,jungsu**************,56426899.748~56451682.442,충청남도 ***********,2150153.803~2152131.272
한**,47072*********,010-*********,lgim@j************,78718293.04~78723144.867,인천광역********,32681352.552~32701818.712
김**,98022*********,010-*********,gyeonghy******************,53887331.032~53939309.62,인천광역*********,23835666.309~23850920.468
윤**,60030*********,010-*********,areum1**************,8577719.732~8582960.817,경상북도 ***********,3660932.075~3665924.299
이**,64050*********,010-*********,jihun8************,16879995.421~16911061.458,부산광역*********,5536774.288~5541748.977
최**,66080*********,010-*********,zsong@***********,12289402.24~12304192.131,광주광역********,3501415.603~3507105.035
진**,79011*********,010-*********,bha@se***********,45355979.994~45372595.56,대구광역*********,710501.43~713426.763
이**,63011*********,010-*********,gimjeon**************,16526875.003~16539213.968,인천광역시 ***********,7667090.7~7670501.163
차**,71121*********,010-*********,goseo***********,87157048.757~87162764.699,경기도 가*********,9088970.811~9097856.059
권**,08032*********,010-*********,sso*******,50415378.728~50417267.488,울산광역********,19917567.22~19933551.776
장**,91102*********,010-*********,nheo*******,32291411.208~32325607.799,충청남도 ***********,4155435.924~4159527.817
윤**,83062*********,010-*********,jiyeo**********,36760230.445~36776781.987,전라북도 전************,17456665.785~17472285.248
남**,11091*********,010-*********,egim@y*************,80921022.54~80940133.611,경상북도 ***********,15381713.382~15389457.345
구**,09091*********,010-*********,ujinb*********,35042457.675~35059779.296,인천광역시***********,5248566.847~5253431.226
김**,49021*********,010-*********,seojeong****************,49330578.176~49349110.363,인천광역*********,8201166.809~8204257.539
이**,48050*********,010-*********,gangji***********,83824444.784~83837826.294,경상남도 ***********,21109189.807~21134101.55
최**,79032*********,010-*********,coeyeon****************,41897723.491~41924111.741,대구광역********,1252066.979~1252649.499
황**,76120*********,010-*********,gyeongja******************,90332868.675~90363645.669,인천광역********,24355463.37~24367274.296
이**,04031*********,010-*********,bagjiwe**************,2057609.903~2076886.258,충청북도 ***********,500564.633~501996.783
심**,07070*********,010-*********,gyeong***********,80516613.984~80519787.823,세종특별자치*************,15224206.871~15263326.48
김**,64012*********,010-*********,pryu@h************,95733190.75~95752904.434,경상남도 ***********,25549340.077~25559816.955
이**,07111*********,010-*********,baggeon****************,58376308.441~58399326.112,전라북도 ***********,6158152.092~6160033.334
박**,63031*********,010-*********,emun@**********,47065561.771~47082182.935,부산광역시*********,8796988.376~8803278.888
홍**,97021*********,010-*********,uba*******,17287633.626~17321207.856,경상북도 ***********,12881863.537~12883953.41
김**,84031*********,010-*********,junhoc************,30200437.012~30219964.94,전라북도 ***********,2024941.47~2027297.901
윤**,66021*********,010-*********,sangceo****************,99814944.378~99827575.944,부산광역*********,3160073.705~3160847.67
이**,87021*********,010-*********,gimmi***********,11037229.09~11077512.586,경기도 고***********,941918.028~945409.628
민**,14111*********,010-*********,yunseong******************,25589576.149~25622739.587,충청북도 청**************,440151.001~441967.86
김**,14091*********,010-*********,bagsuno****************,7529329.166~7531825.64,울산광역********,2083221.549~2086091.883
김**,76032*********,010-*********,gimyew**************,74623766.163~74635619.783,세종특별자**********,48146440.586~48290414.566
이**,81110*********,010-*********,yeongja****************,2852406.058~2880033.323,제주특별자치*************,264732.163~268259.654
이**,69051*********,010-*********,rjang**********,64248198.509~64279085.447,울산광역시 ***********,2173875.541~2175629.204
황**,72072*********,010-*********,cseon**********,75410764.976~75417473.124,제주특별자치**************,48481660.288~48548520.068
민**,86090*********,010-*********,misug9**************,10950256.359~10963466.901,세종특별자치**************,2417188.554~2421587.16
최**,10110*********,010-*********,junhog************,76442606.691~76455541.176,울산광역********,4398525.912~4401347.96
장**,04040*********,010-*********,pgo@s**********,46685428.94~46692979.19,부산광역시*********,3737839.025~3739657.096
이**,95052*********,010-*********,seonghy**************,56381617.994~56392234.104,대구광역********,40898857.437~40914319.308
고**,05072*********,010-*********,mgweon@**************,85639754.45~85665136.771,인천광역시 ***********,8988344.39~8993878.752
박**,54102*********,010-*********,jeongsu**************,42804803.984~42839413.489,세종특별자치*************,8977165.089~8980981.388
김**,65020*********,010-*********,jiweoni***************,38952853.013~38962076.656,울산광역********,248583.249~249425.391
김**,89062*********,010-*********,abag@*********,58072554.242~58093945.846,대구광역시*********,1523922.42~1524858.583
홍**,77102*********,010-*********,gmun@**********,7356422.037~7380508.048,세종특별자치*************,4841416.844~4845751.006
강**,80071*********,010-*********,jeong***********,93174392.758~93196755.035,강원도 평**********,1580547.914~1583993.122
노**,88031*********,010-*********,gimhy***********,35274962.026~35320762.31,경상북도 ***********,1378265.05~1380927.184
이**,93031*********,010-*********,dgim@j*************,40252579.68~40268933.35,전라북도 ***********,2524107.986~2526068.262
박**,82110*********,010-*********,iyeongs***************,97203395.227~97233797.806,경상북도 **********,49749978.391~49875257.672
이**,78011*********,010-*********,heocun*************,9629301.495~9662040.244,인천광역*********,3067822.464~3076649.376
이**,06101*********,010-*********,imyeongj****************,54879640.205~54908385.46,충청북도 ***********,13182196.39~13191702.844
김**,79030*********,010-*********,qyu*******,99328095.657~99349894.093,서울특별*********,12581757.728~12588172.012
이**,56061*********,010-*********,siu52***********,77629937.296~77642013.838,경기도 성**********,19009259.465~19017183.626
김**,13071*********,010-*********,yeongmi**************,3081695.782~3090244.656,경상북도 ***********,314661.751~315649.365
한**,74022*********,010-*********,minja*********,99476331.936~99499558.292,경상남도 ***********,1055327.432~1058714.329
김**,60013*********,010-*********,wno*******,4639298.087~4692698.499,세종특별자치*************,1649290.702~1650475.634
홍**,88111*********,010-*********,hyejinm****************,79317446.706~79346426.584,제주특별자치*************,10300629.095~10305369.497
이**,03090*********,010-*********,siu3********,24133688.72~24166235.824,충청북도 ***********,4516160.758~4519008.037
안**,65022*********,010-*********,jeongsig******************,40012232.74~40031572.893,전라북도 ***********,4774990.501~4786046.837
김**,75042*********,010-*********,cajunse****************,63190851.737~63205878.798,대전광역********,4491068.038~4498371.946
이**,74011*********,010-*********,minjung****************,13701170.264~13707706.928,인천광역시 ***********,614592.215~615261.241
류**,99121*********,010-*********,seohye***********,51302920.434~51322574.205,서울특별*********,33945588.067~33960590.02
안**,84121*********,010-*********,yeonghw***************,99961429.255~99990369.0,서울특별*********,54485753.924~54563852.055
김**,59090*********,010-*********,jgim*********,3268556.386~3287579.659,충청북도 청**************,528530.564~531148.792
이**,51100*********,010-*********,ieunju@**************,60038322.239~60058020.253,울산광역시 ***********,5141318.04~5150675.621
최**,03030*********,010-*********,hyeonj**************,99349894.093~99360364.108,전라북도 전************,1570857.305~1573676.124
백**,77040*********,010-*********,gimyej*************,70620117.174~70637891.182,울산광역********,10654706.32~10667891.621
김**,65031*********,010-*********,seoyeon1*****************,74055011.534~74069618.575,울산광역********,244988.198~245607.375
한**,05120*********,010-*********,jeongs***********,63776914.147~63799914.045,광주광역********,12028230.068~12033807.112
이**,66051*********,010-*********,yeongh**************,80496816.629~80512404.6,제주특별자치*************,9743499.303~9746797.813
한**,48122*********,010-*********,jomyeon****************,45061981.258~45076125.117,경상북도 ***********,5463120.06~5466361.696
진**,45030*********,010-*********,gyeongja*****************,64047513.583~64056832.984,제주특별자치**************,13042102.731~13046966.378
이**,94041*********,010-*********,gimyeju***************,53787433.933~53822639.209,대구광역*********,21943014.374~21953959.675
박**,03100*********,010-*********,mijeon************,32479693.088~32499657.982,서울특별시*********,12059626.916~12074797.731
배**,93062*********,010-*********,sangh*********,53250689.917~53276026.624,부산광역시 ***********,16748870.281~16758096.52
김**,98022*********,010-*********,qsin@**********,29816606.352~29819677.674,경상북도*******,2952986.378~2958068.518
윤**,80022*********,010-*********,jangseo***************,60931167.113~60949684.731,전라남도 ***********,2486014.346~2488017.934
김**,78091*********,010-*********,yejingi****************,22032547.324~22041788.98,강원도 강**********,1801624.54~1802724.358
오**,09110*********,010-*********,rgo*******,80476173.178~80489043.982,부산광역시 ***********,35752766.616~35827761.773
한**,05042*********,010-*********,seungminj*******************,35700133.296~35710911.027,경기도 *********,9070007.975~9073761.859
박**,51021*********,010-*********,smun********,50119444.243~50147519.039,세종특별자치*************,10289473.812~10296804.363
김**,08090*********,010-*********,dohye***********,2508930.807~2572783.506,경상북도 ***********,792386.649~795436.474
김**,78100*********,010-*********,byeongceo*******************,41651093.246~41668495.756,서울특별*********,9774795.391~9783637.154
박**,73091*********,010-*********,gwangsug****************,83387474.832~83397012.238,경기도 *********,16322805.346~16334877.298
고**,12033*********,010-*********,igyeong****************,52775408.452~52837841.459,부산광역시*********,22550834.642~22570108.404
이**,78101*********,010-*********,yeong*********,54877784.238~54879640.205,울산광역********,4187364.755~4191033.032
서**,59020*********,010-*********,hayun**********,12591415.09~12618660.94,충청북도 **********,1652440.95~1653097.916
박**,02030*********,010-*********,tbag@j*************,22904763.624~22918941.76,부산광역*********,10397517.973~10399853.744
이**,83031*********,010-*********,jeonghyi****************,6573801.676~6621277.8,광주광역********,1002795.603~1006213.822
손**,66030*********,010-*********,yunseogw*****************,37971307.538~38011933.276,충청북도 ***********,4606085.665~4613049.702
김**,13050*********,010-*********,hgim@j************,86554934.981~86566319.31,부산광역*********,7991159.776~8000054.206
이**,88100*********,010-*********,haeuni@**************,88933852.47~88945727.276,부산광역********,5971437.12~5974725.799
김**,80121*********,010-*********,ibyeongc******************,93142839.57~93174392.758,대구광역********,14579739.798~14594627.05
김**,11122*********,010-*********,gimseony******************,24875516.879~24903307.324,대구광역*********,9760281.595~9770782.66
황**,07100*********,010-*********,bbag@j************,66043337.809~66066114.36,울산광역시***********,34585190.736~34613271.794
최**,96032*********,010-*********,tgo@ju***********,28688830.626~28718652.465,세종특별자치*************,11730987.222~11739258.802
구**,62020*********,010-*********,isanghye*****************,9875965.966~9892095.298,울산광역********,1923081.497~1924885.636
안**,46022*********,010-*********,junyeong******************,6280687.522~6302071.706,대구광역*******,200192.506~201460.13
최**,13051*********,010-*********,doyun*********,92796076.234~92840425.308,울산광역*******,21860754.982~21870016.581
최**,55062*********,010-*********,sujinr**************,14210850.612~14229547.04,서울특별시*********,2373202.937~2379822.896
민**,67083*********,010-*********,seungm**************,67171397.982~67187488.538,울산광역********,6301999.297~6304896.718
장**,00081*********,010-*********,bagsa**********,42012767.237~42025357.413,서울특별*********,16547335.838~16554086.882
박**,61052*********,010-*********,bagjeo************,25658474.55~25672800.869,충청북도 ***********,3138295.286~3140323.572
이**,11020*********,010-*********,sugja12***************,90448045.693~90455992.282,서울특별*********,23089799.481~23112684.709
김**,89112*********,010-*********,jeongsi**************,69631362.559~69641240.284,대전광역********,9819600.659~9822844.005
허**,48040*********,010-*********,gyeongs***************,35524154.764~35552948.414,전라남도 ***********,6268394.618~6271472.063
이**,72103*********,010-*********,hayun**********,47988975.597~48012229.325,제주특별자치**************,31030526.793~31057951.535
박**,53100*********,010-*********,hanminj**************,93042712.789~93052548.992,서울특별*********,41594343.505~41612914.703
권**,78010*********,010-*********,jaehyeo****************,23470625.806~23480911.425,대구광역********,15958895.491~15966856.466
강**,57012*********,010-*********,gimyej*************,21333960.539~21348962.752,경상남도 ***********,2417188.554~2421587.16
안**,50082*********,010-*********,gimsiu**************,50896198.917~50919590.864,대구광역********,18959582.336~18971531.535
이**,83110*********,010-*********,rryu@o***********,83641038.623~83664054.609,광주광역*********,30298549.443~30338887.691
이**,04031*********,010-*********,jia5*******,53538410.066~53569776.991,강원도 철**********,6331462.595~6334007.428
오**,09052*********,010-*********,imin*********,8478647.72~8490163.333,세종특별자치*************,225195.035~230242.409
장**,96123*********,010-*********,jiug*********,18124061.152~18152954.984,대전광역********,8940432.547~8948566.132
이**,47022*********,010-*********,jungsu7****************,28086473.579~28127005.969,경기도 *******,11501862.511~11503938.224
이**,01100*********,010-*********,minseogj****************,38099011.42~38114299.602,제주특별자치**************,15631610.051~15647318.796
한**,07113*********,010-*********,sanghu**************,58144501.534~58158695.944,울산광역시 ***********,21735839.405~21770938.126
이**,88111*********,010-*********,baejungs****************,99709292.587~99738866.318,세종특별자치*************,28128623.002~28159771.656
이**,07012*********,010-*********,li@jus***********,9164515.244~9181941.59,강원도 *******,2209580.706~2211316.729
황**,53052*********,010-*********,eunju86***************,54276162.474~54308589.989,제주특별자치**************,5311546.034~5314931.61
성**,47061*********,010-*********,xan@********,7009548.361~7047098.103,경상북도 ***********,111875.842~113432.04
오**,09112*********,010-*********,ji@jus***********,6565090.33~6573801.676,대구광역시 ***********,1781347.948~1782984.572
김**,57042*********,010-*********,yeongsun******************,37919423.915~37947404.191,세종특별자치*************,9647070.97~9656140.407
양**,54091*********,010-*********,uhwa********,18298457.653~18308154.614,대구광역*********,1392471.382~1392822.206
김**,80120*********,010-*********,wbag@y************,11514515.097~11524970.027,인천광역시*********,2555362.52~2560655.203
이**,06100*********,010-*********,tsong@**************,3557876.344~3566066.7,충청북도 청**************,433766.607~435384.605
권**,57041*********,010-*********,gimeunj***************,48030594.504~48044107.626,전라북도 부***********,4238406.282~4242125.354
안**,57082*********,010-*********,haeunse***************,57024445.003~57060795.926,전라남도 ***********,5213850.371~5216484.368
곽**,90101*********,010-*********,qgim@s************,2662220.832~2679226.637,서울특별*********,1425874.172~1426444.618
김**,98011*********,010-*********,jeongh*************,51957852.196~51999192.434,경상남도 ***********,20989803.903~21000063.428
김**,90122*********,010-*********,kgim********,23459523.183~23470625.806,제주특별자***********,7639050.355~7641110.253
김**,96021*********,010-*********,hanmin***********,82920472.08~82929325.318,경상남도 ***********,39130677.906~39150590.918
김**,50070*********,010-*********,gimdoy**************,15082697.978~15100851.955,대전광역********,3318237.574~3321136.875
이**,76100*********,010-*********,yeonghwa*****************,67032097.282~67054972.076,전라남도 ***********,3695821.881~3697677.23
조**,95122*********,010-*********,esong@**************,21091259.129~21112305.086,제주특별자치**************,2630845.33~2635596.852
김**,13030*********,010-*********,jiyeong0****************,51609647.148~51618165.781,인천광역*********,3394135.45~3396380.406
권**,61060*********,010-*********,eunse**********,42162869.836~42178843.744,세종특별자치*************,117182.851~117476.544
이**,90042*********,010-*********,jinu*********,29089208.342~29094487.821,경상남도********,6537592.845~6541389.38
박**,46060*********,010-*********,mijeong**************,76983425.86~76999691.937,부산광역********,22063328.932~22070557.798
이**,73071*********,010-*********,gimsug***********,80319517.918~80339706.81,세종특별자치*************,2225744.241~2227389.864
김**,69100*********,010-*********,hyeonjub*****************,28822601.23~28843356.935,경기도 *******,2353678.515~2359090.892
박**,80110*********,010-*********,ganggyeon*******************,82374460.901~82405172.828,경상남도 ***********,18653041.404~18659784.965
김**,83112*********,010-*********,yungye************,37877280.208~37901014.971,인천광역*********,4413311.252~4415178.628
김**,83040*********,010-*********,juweonya*****************,5503120.099~5515748.812,경상북도 ***********,1400444.866~1401765.89
이**,48040*********,010-*********,hwanggyeo*******************,51470624.734~51487046.239,인천광역*********,9944478.488~9948651.889
김**,00052*********,010-*********,seonye************,53438352.701~53444849.346,전라남도 ***********,13106847.6~13120155.506
권**,92061*********,010-*********,jeongsu****************,43741228.878~43762871.189,광주광역********,33719998.416~33787225.94
이**,99111*********,010-*********,gyeongj**************,14043790.187~14076652.616,대구광역********,192416.918~195465.557
김**,14041*********,010-*********,jinu*********,34384687.633~34417412.712,경상남도 ***********,26572862.863~26626723.103
최**,07110*********,010-*********,hyeonju**************,61096868.37~61116787.829,경상북도 ***********,5344304.531~5350855.021
이**,58090*********,010-*********,coeseoye*****************,94943159.8~94949634.599,경기도 연**********,31057951.535~31075094.638
박**,91091*********,010-*********,seonghu***************,24537650.656~24544253.151,충청북도 ***********,878134.71~881892.851
홍**,48121*********,010-*********,seoyun**************,59835064.76~59846863.859,광주광역********,15334275.342~15340443.473
김**,78122*********,010-*********,yeong***********,15840001.235~15861682.573,제주특별자치*************,4032475.029~4037722.061
김**,93081*********,010-*********,seongho****************,30425374.409~30446438.077,서울특별*********,12804822.316~12820079.837
이**,61053*********,010-*********,hyeonsu****************,19114709.74~19121470.709,대구광역시***********,148262.737~151205.979
황**,81110*********,010-*********,ci@yuh***********,59902921.929~59944002.622,광주광역*********,10738124.292~10750351.15
김**,77052*********,010-*********,dgim@j*************,21712226.981~21722532.84,경상남도 ***********,15703366.354~15706763.25
김**,45010*********,010-*********,mineunse****************,43527082.836~43544108.591,인천광역시 ***********,8288977.605~8290993.368
이**,44071*********,010-*********,siugim************,28896350.461~28906941.893,충청남도 ***********,810942.806~811619.919
이**,11121*********,010-*********,jimin41***************,10397822.787~10410714.038,충청남도 ***********,1550005.69~1559325.639
김**,85120*********,010-*********,bagsang****************,88142432.541~88153692.073,대구광역********,7412041.043~7416793.609
이**,93120*********,010-*********,yeongs**************,71321796.791~71338072.52,전라남도 ***********,20419989.46~20426525.138
김**,58090*********,010-*********,uo@*****,87386978.56~87412774.01,전라북도 ***********,726596.361~727233.75
박**,71110*********,010-*********,jeongj***********,52361111.665~52375227.405,경상북도 ***********,273257.294~273853.978
안**,04071*********,010-*********,gogyeo***********,65849780.925~65852816.039,부산광역*********,23330285.667~23332977.54
박**,48062*********,010-*********,seonyeon****************,54908385.46~54917813.054,광주광역********,6505382.147~6510211.001
김**,44103*********,010-*********,jeongh***********,98881194.601~98898531.765,울산광역시 ***********,2144209.79~2145810.478
김**,62010*********,010-*********,byeong*************,42054431.878~42065998.453,인천광역********,2944007.166~2945821.701
홍**,68070*********,010-*********,mijeongb*****************,85714108.828~85737569.11,경상북도 ***********,22883062.641~22902127.662
조**,84041*********,010-*********,ti@yuh***********,36602158.079~36626301.278,충청남도*********,7067762.452~7069981.196
이**,55021*********,010-*********,iyeong*************,21909262.76~21912955.591,서울특별시***********,745712.501~749954.55
고**,97010*********,010-*********,gyeongs****************,99863619.371~99900084.217,충청남도 ***********,41930137.169~41954980.477
최**,67051*********,010-*********,gimji***********,21548980.581~21558988.572,울산광역********,11474873.321~11477355.723
이**,77061*********,010-*********,minseo**************,34990263.341~35001440.903,충청남도 ***********,1391622.392~1392471.382
이**,76080*********,010-*********,doyun*********,36793316.325~36803642.02,제주특별자치*************,23782491.315~23801444.058
곽**,55092*********,010-*********,hwange*************,42403649.855~42438983.442,전라남도 ***********,4606085.665~4613049.702
최**,14090*********,010-*********,bagjihy***************,37136170.313~37178954.132,대구광역시*********,8239689.446~8248255.765
김**,93082*********,010-*********,minjun5***************,33580621.499~33610352.08,울산광역********,9067406.479~9070007.975
홍**,83030*********,010-*********,jeongsug*****************,35338675.98~35355607.78,광주광역********,10721189.859~10730258.63
백**,76020*********,010-*********,jeongs*************,11125015.837~11138498.496,경상남도 ***********,1704650.539~1706524.147
이**,11021*********,010-*********,yejungi****************,69964099.625~69989365.65,경상북도 ***********,5877909.765~5879797.051
최**,83102*********,010-*********,bagjeo***********,60742106.7~60758532.691,울산광역********,25079568.624~25095953.541
양**,61070*********,010-*********,ncoe*******,32204193.025~32210775.251,광주광역*********,20705283.521~20719507.46
오**,69112*********,010-*********,jimin***********,69870571.08~69919021.982,대구광역********,45477749.993~45506468.99
이**,05051*********,010-*********,ago*******,91549586.197~91573663.581,충청북도 ***********,15443842.18~15464942.382
노**,88071*********,010-*********,jeongsu**************,90180845.862~90208195.018,광주광역********,6001857.158~6006260.024
김**,66032*********,010-*********,gimog**********,99459934.899~99466676.908,대구광역********,5953822.98~5960144.214
이**,85112*********,010-*********,gimju**********,14813915.79~14824136.363,경상남도 ***********,1736269.456~1737061.043
이**,68110*********,010-*********,hyeonsug******************,90629196.08~90646374.519,대전광역********,7946362.062~7948248.731
강**,83050*********,010-*********,vry*******,6031465.652~6036939.153,경상북도 ***********,505001.383~505702.385
김**,81031*********,010-*********,jihyeon1****************,35483497.282~35515642.965,경기도 용**********,14623751.346~14626609.46
백**,85070*********,010-*********,zjin@g***********,38862466.151~38890742.016,전라북도 ***********,947718.635~948656.242
강**,06112*********,010-*********,seoyeo*************,13300054.666~13305670.839,울산광역********,1836753.528~1837962.184
박**,75101*********,010-*********,migyeo***********,22722454.245~22738846.392,인천광역********,4330538.936~4331008.459
류**,09120*********,010-*********,gimsan*************,24609660.669~24628604.314,광주광역********,8354055.616~8365599.487
이**,02111*********,010-*********,seojiyeo****************,92331900.596~92350452.909,강원도 *******,58779862.545~59097283.36
고**,63020*********,010-*********,subing************,73012042.348~73019317.308,광주광역********,18971531.535~18973005.737
김**,92101*********,010-*********,baegye*************,73159766.716~73192987.2,광주광역********,13207828.992~13216150.43
한**,92081*********,010-*********,sanghy***********,41088453.959~41105151.734,경상남도 ***********,11739258.802~11747794.377
김**,03092*********,010-*********,baghaeun****************,5226703.856~5235099.724,제주특별자치**************,3380908.374~3381910.414
황**,62051*********,010-*********,ygang@***********,61404629.054~61425682.208,충청남도 ***********,3979058.917~3983780.494
이**,74041*********,010-*********,uhong@**************,99856099.217~99863619.371,부산광역*********,8437613.815~8447415.435
서**,11042*********,010-*********,hyeonje***************,17875171.872~17882419.146,세종특별자치*************,4391890.99~4394462.417
김**,00092*********,010-*********,yangdo************,66932388.305~66935079.855,경기도 성*********,24202677.03~24215401.578
김**,61100*********,010-*********,pgo*******,95648735.777~95659835.714,경상북도 ***********,42194126.521~42231897.857
류**,76041*********,010-*********,gimhayu***************,46346612.682~46397515.525,충청남도 ***********,30793568.106~30841970.827
김**,83020*********,010-*********,icun********,22198775.9~22253310.226,경기도 *******,12704220.22~12725978.144
임**,63082*********,010-*********,omun@y*************,13273827.261~13300054.666,경상남도********,956364.1~957097.726
권**,48121*********,010-*********,ki@******,71887044.575~71899109.896,대전광역********,5082555.355~5086964.785
이**,53031*********,010-*********,gimji*********,69497353.61~69566876.693,전라북도 ***********,1008475.099~1011861.355
박**,03032*********,010-*********,seonghy**************,70279532.176~70293268.015,광주광역*********,20230132.466~20233104.68
곽**,70011*********,010-*********,hyeonuba****************,4448026.835~4461329.638,서울특별*********,833901.832~835094.28
최**,65010*********,010-*********,jinhogi****************,69147103.125~69170262.068,강원도 인**********,1590920.944~1593962.017
김**,65090*********,010-*********,tgwa********,47224619.288~47259317.639,경기도 남***********,18372244.378~18388635.642
강**,06051*********,010-*********,yejii@*************,61020444.612~61036610.768,제주특별자***********,14152235.39~14164293.639
윤**,74031*********,010-*********,sangceo****************,56040032.266~56063068.481,충청북도 ***********,35827761.773~35894606.294
박**,07060*********,010-*********,seoyeon***************,12043791.719~12064739.671,충청북도 ***********,537080.016~538146.193
박**,72111*********,010-*********,munseoh**************,82435995.505~82449635.294,전라남도********,2126910.508~2129607.469
유**,66030*********,010-*********,yeongmi****************,44864838.841~44900216.24,대전광역********,9073761.859~9077114.249
박**,47033*********,010-*********,hyejin*************,59830692.049~59835064.76,대구광역시*********,29764918.421~29811189.053
차**,47080*********,010-*********,jinhose****************,22058757.742~22070456.32,서울특별시*********,3797211.733~3798486.938
남**,14081*********,010-*********,ci@gi*********,62375767.951~62390299.062,전라북도 ***********,5822331.28~5822918.107
장**,09120*********,010-*********,smin@j************,9697878.138~9727933.248,제주특별자치**************,4744556.063~4746897.821
이**,51031*********,010-*********,iseoy*********,43544108.591~43557182.974,경기도 *******,13758685.122~13763172.958
문**,72102*********,010-*********,yeongh*************,12316435.866~12345520.255,세종특별자치*************,178749.952~179820.506
김**,51101*********,010-*********,gimseoju****************,42872896.429~42879016.429,경기도 평**********,17993761.483~18012083.096
김**,93010*********,010-*********,io@jus***********,82993383.568~83003142.34,경상남도 ***********,2089188.475~2091312.941
박**,10061*********,010-*********,sujing*************,58176031.226~58190687.056,강원도 화**********,3543835.311~3548123.312
양**,69062*********,010-*********,xo@ba**********,41795279.261~41813981.895,제주특별자***********,693267.114~697249.861
류**,58051*********,010-*********,yunhye**************,64137901.084~64155256.883,충청북도 ***********,12376813.889~12386149.366
이**,53042*********,010-*********,ijeongsi****************,15072766.805~15082697.978,대구광역시*********,2625509.149~2630845.33
김**,73052*********,010-*********,baegsub***************,56287724.716~56297646.9,광주광역*********,37987824.366~38040634.128
이**,99081*********,010-*********,sanghyeo******************,93933045.408~93957979.742,울산광역*********,31229183.325~31265753.506
양**,07121*********,010-*********,iha@gi***********,35001440.903~35027552.313,전라북도 ***********,10786974.011~10792743.451
최**,00021*********,010-*********,ygim@**********,73353510.776~73373729.325,경상남도 ***********,31964587.045~32052237.562
허**,80061*********,010-*********,ubag*******,90363645.669~90386529.398,대구광역*********,608789.488~610010.049
장**,92072*********,010-*********,songye***********,61470929.145~61491445.926,전라북도 ***********,26351932.12~26356580.569
김**,94062*********,010-*********,iyejun**************,67453362.839~67460388.858,부산광역시 ***********,29369818.412~29387805.283
홍**,78021*********,010-*********,seongjinj******************,47218848.574~47224619.288,울산광역시 ***********,12692749.392~12696807.522
김**,79080*********,010-*********,geonu*********,72090251.486~72096568.898,세종특별자치*************,9142858.725~9146681.635
이**,51031*********,010-*********,seonghu**************,10655834.607~10673195.018,경상남도 ***********,131671.184~133550.084
황**,58012*********,010-*********,rgim*******,16580281.937~16597788.102,충청북도 ***********,230242.409~231165.519
김**,93042*********,010-*********,eungyeong********************,20609407.694~20650060.078,인천광역시 ***********,3040273.57~3041282.734
이**,89033*********,010-*********,wgi*******,7791720.552~7804400.266,대구광역********,3735258.32~3737009.347
최**,12092*********,010-*********,seongho0****************,66938281.502~66983688.488,광주광역********,3104824.017~3108134.789
최**,05021*********,010-*********,minsu1*************,85771985.96~85785634.019,제주특별자치**************,22837259.322~22848353.483
한**,03030*********,010-*********,vgim@j************,98832723.437~98838564.696,전라남도 *********,2822773.611~2829465.626
노**,61022*********,010-*********,areum*********,55002084.935~55012712.514,대전광역*********,14312423.887~14312907.712
하**,03052*********,010-*********,hyeonje****************,22111822.557~22127412.408,대전광역********,16089611.312~16100567.878
한**,44041*********,010-*********,zbag@***********,38593913.353~38611396.311,경상남도 ***********,1180562.18~1189236.392
이**,84032*********,010-*********,yejigang****************,81202634.902~81237757.369,울산광역********,16661848.231~16677946.95
강**,65121*********,010-*********,baegmi************,3022438.938~3061322.763,경상남도 ***********,531976.359~534518.709
민**,84070*********,010-*********,eunji***********,81113911.032~81159225.678,부산광역*********,4459255.882~4460182.636
김**,81110*********,010-*********,seojunba****************,26538830.41~26610329.624,전라북도 **********,2301698.191~2305484.805
정**,97021*********,010-*********,subing*************,7240691.349~7252300.59,충청남도 **********,940806.439~941918.028
최**,71021*********,010-*********,minji12***************,40563639.545~40589426.172,충청북도 ***********,14409636.502~14418425.403
하**,88121*********,010-*********,jojiu***********,44208478.494~44220772.63,부산광역*********,986595.091~990352.979
김**,56012*********,010-*********,hgweon***********,75825884.206~75841224.887,경상남도 ***********,26671457.557~26700804.477
류**,71101*********,010-*********,bagseo************,31659473.999~31702918.256,전라남도 ***********,3737839.025~3739657.096
문**,71122*********,010-*********,bagseoy***************,83936804.256~83943347.163,충청북도 ***********,782469.608~788828.099
윤**,72012*********,010-*********,sangce***********,86259342.972~86274995.258,인천광역시 ***********,13085012.229~13095423.286
정**,77073*********,010-*********,ryuhyeo***************,65739940.704~65756941.714,강원도 *******,835364.52~836703.03
강**,05100*********,010-*********,yeonghw****************,20696584.743~20716379.346,충청북도 ***********,6750106.88~6753429.738
김**,89051*********,010-*********,vgim*******,99145178.927~99152617.359,울산광역********,10833426.006~10847000.93
김**,87030*********,010-*********,ui@yu***********,55353988.755~55375624.188,광주광역시*********,1800864.71~1801624.54
황**,98110*********,010-*********,ijiyeon**************,83600747.14~83610570.396,전라남도 **********,23178782.618~23188720.693
김**,88012*********,010-*********,jiyeon9****************,30655967.141~30679002.202,인천광역********,7737800.454~7742967.647
강**,85122*********,010-*********,gangyeeu****************,83453678.194~83477070.669,충청북도 청**************,8100146.144~8102897.491
김**,00041*********,010-*********,sugjaim***************,67283955.11~67298589.168,울산광역시 ***********,19189419.576~19201058.588
김**,14082*********,010-*********,seongsu**************,17882419.146~17917743.037,광주광역********,1074694.443~1075269.95
최**,08051*********,010-*********,migyeo************,96158072.495~96174168.106,강원도 정*********,46596417.443~46703207.135
이**,44121*********,010-*********,jongs***********,70234048.718~70244603.628,경기도 수***********,5097342.026~5098751.194
오**,74071*********,010-*********,coejihy**************,83428048.089~83453678.194,울산광역********,14457292.329~14467078.347
김**,49080*********,010-*********,seojun*************,70400143.678~70410497.549,광주광역********,19853679.264~19864605.089
최**,58120*********,010-*********,lgim********,85266944.846~85269654.96,전라북도 ***********,37960659.608~37987824.366
김**,14041*********,010-*********,ibyeong**************,37969783.26~37971307.538,대구광역********,8970996.371~8977165.089
서**,49123*********,010-*********,vbag@g************,60354157.642~60369239.16,서울특별*********,869887.18~870672.014
박**,92051*********,010-*********,cryu@g************,53679675.747~53696839.118,경상북도 ***********,3847262.368~3859546.184
류**,62100*********,010-*********,jinho8***********,2817482.099~2834931.842,전라북도 ***********,683862.21~685499.32
이**,69092*********,010-*********,jungs**********,29905530.291~29918295.04,인천광역********,10147171.046~10149682.777
김**,88120*********,010-*********,egim*******,49475925.088~49482181.742,인천광역*********,1802724.358~1804778.427
김**,57061*********,010-*********,bsong***********,52425962.6~52442657.854,대전광역*********,6715021.278~6724617.222
이**,44122*********,010-*********,jaehoba****************,56564704.879~56572797.884,광주광역*******,23760851.034~23775347.229
임**,94041*********,010-*********,yeongceo******************,14080541.556~14087244.088,경상북도 ***********,894672.536~896386.389
이**,84102*********,010-*********,baggyeon******************,27135239.185~27143810.18,경상북도 ***********,5395992.914~5402521.991
최**,89110*********,010-*********,seoyeo***********,25101827.339~25118309.635,전라남도 ***********,3607168.064~3609588.399
김**,45052*********,010-*********,jieun*********,22927774.025~22948583.144,충청남도 ***********,11925590.105~11927971.985
강**,80040*********,010-*********,nca@ju************,68722426.894~68752877.966,인천광역*********,7241495.013~7245384.835
김**,80082*********,010-*********,acoe*******,90563821.829~90590969.021,대전광역********,16758096.52~16763450.848
양**,84060*********,010-*********,miyeo***********,54812401.874~54842108.088,인천광역시*********,34134312.774~34145350.81
이**,85010*********,010-*********,ryuji***********,59944002.622~59982682.865,서울특별*********,26828315.058~26857749.886
최**,06060*********,010-*********,minsuba**************,76170048.874~76186003.424,강원도 삼**********,5765884.05~5767310.239
허**,70092*********,010-*********,myeongsug******************,56514783.908~56529242.084,대구광역시***********,35177185.052~35220657.483
안**,82122*********,010-*********,sinseo**************,84590610.891~84598650.557,서울특별*********,7294415.872~7301248.947
오**,46090*********,010-*********,yeongg*************,94553745.14~94578262.022,충청남도 ***********,46553459.085~46596417.443
윤**,71021*********,010-*********,junhoga***************,55185269.578~55197936.316,경상북도 ***********,9405316.515~9411699.924
이**,47070*********,010-*********,baegeunj*****************,46685428.94~46692979.19,서울특별시*********,3452604.757~3453280.257
차**,49040*********,010-*********,nbag@**********,57641854.147~57651844.603,울산광역********,23462629.056~23472142.114
이**,51111*********,010-*********,jeong***********,32924036.389~32948466.286,충청북도 청**************,565155.638~566442.804
윤**,46062*********,010-*********,eunseo8***************,28212812.671~28234417.506,전라남도 ***********,5995410.891~5997315.165
양**,75123*********,010-*********,jihugw***********,80074211.415~80093552.673,광주광역********,6533087.755~6537592.845
김**,91091*********,010-*********,gimjunh**************,55806116.026~55818368.58,광주광역*********,4693903.072~4701056.386
서**,57120*********,010-*********,junhoy*************,43606513.694~43640764.859,세종특별자치*************,1300759.326~1302251.181
정**,71052*********,010-*********,minjeon***************,85987070.923~86005853.847,대구광역********,4103696.602~4105156.891
문**,89100*********,010-*********,coeseoj****************,60608680.212~60618530.284,울산광역********,2449833.712~2451069.478
박**,90041*********,010-*********,li@g*********,71338072.52~71349716.218,충청북도 청**************,44120257.905~44203907.468
강**,05011*********,010-*********,hyeonu6***************,56627693.014~56682800.024,경기도*******,4261438.856~4262079.585
류**,49112*********,010-*********,sunj*********,27864728.94~27877055.554,전라남도 ***********,6475068.54~6481188.614
최**,95092*********,010-*********,jeongsu***************,99026659.046~99049637.951,서울특별시**********,64263069.946~64410167.772
이**,78061*********,010-*********,junyeongh*******************,39251808.761~39263765.234,대전광역********,985422.75~986595.091
정**,11030*********,010-*********,ro@******,78354182.264~78377877.336,제주특별자치**************,17828610.4~17834237.102
최**,73102*********,010-*********,misug23***************,95697393.908~95703434.484,경상남도 창**************,11720980.34~11725024.398
김**,49011*********,010-*********,minseo*************,50490008.866~50501202.001,충청북도 ***********,9871908.011~9879509.683
이**,02052*********,010-*********,jungsumu****************,82301966.294~82322992.738,대구광역********,629388.378~629538.673
김**,48041*********,010-*********,junho00***************,76061729.385~76077855.142,충청남도 ***********,45420141.848~45459875.5
이**,65011*********,010-*********,oyeong*************,12363495.024~12406314.626,인천광역시 ***********,1149187.392~1150352.72
김**,49112*********,010-*********,sumin**********,66637088.197~66662608.982,강원도 *********,4800307.4~4803713.968
조**,49051*********,010-*********,yuujin************,42974791.247~42994438.96,인천광역*********,15170593.606~15177545.209
류**,77030*********,010-*********,mseo*******,88572437.744~88588314.542,전라북도 ***********,60865738.744~61651699.478
장**,53082*********,010-*********,yeongce**************,73518216.573~73536662.786,인천광역********,47667292.148~47696103.711
김**,62092*********,010-*********,jungsu6****************,13759326.09~13781706.625,세종특별자치*************,6435188.127~6437534.226
최**,98062*********,010-*********,yo@a********,85417456.197~85419028.359,충청북도 ***********,10220571.902~10233589.17
문**,46042*********,010-*********,najiy***********,6400336.236~6422095.083,강원도 강**********,1950880.347~1956955.082
홍**,81031*********,010-*********,hyeonjij******************,85407794.616~85414166.309,충청남도 **********,26730746.806~26735741.034
박**,97022*********,010-*********,hi@j********,10640168.32~10655834.607,충청남도 ***********,3316994.166~3318237.574
박**,53102*********,010-*********,lgim@***********,59522362.976~59561180.517,울산광역********,10399853.744~10406350.95
김**,09090*********,010-*********,eunju***********,24574993.535~24587305.27,울산광역********,2028811.795~2030121.312
이**,99030*********,010-*********,ci@i********,67516377.372~67534446.584,강원도 춘**********,15121879.075~15135303.744
이**,84071*********,010-*********,iyeongg****************,89219449.073~89264378.922,전라남도 ***********,8930446.462~8934318.926
김**,84102*********,010-*********,hry*******,24819248.634~24875516.879,경기도 안**********,7884955.34~7887134.247
손**,75010*********,010-*********,yeweo**********,48811271.188~48841251.77,부산광역********,10109852.061~10114053.886
고**,07101*********,010-*********,gyeongja****************,6422095.083~6435689.622,충청남도 **********,356161.056~358088.39
지**,12042*********,010-*********,sujin**********,14287293.353~14305347.994,서울특별*********,6171886.754~6184647.656
김**,96092*********,010-*********,sanghu************,87965025.734~88029735.826,강원도 양*********,39935826.76~39943250.536
성**,57032*********,010-*********,jeongh*************,82575196.668~82609087.044,인천광역시*********,9774795.391~9783637.154
김**,02090*********,010-*********,rhan@***********,51744973.886~51765195.808,강원도 고**********,5435600.48~5439287.146
김**,84091*********,010-*********,kgweon***********,43049701.746~43058218.554,강원도 양***********,24241705.94~24255970.419
강**,04073*********,010-*********,fbae@h***********,8502565.356~8506016.92,충청북도 ***********,3694126.678~3695821.881
윤**,90040*********,010-*********,jaehye**************,32071651.28~32078135.517,대구광역*********,6271472.063~6276905.837
김**,45062*********,010-*********,ui@******,97107355.727~97138937.621,강원도 *******,55013560.946~55189970.879
구**,82021*********,010-*********,yeongg************,98670173.34~98686898.413,울산광역********,34681455.458~34732508.977
김**,51111*********,010-*********,eunjeon****************,61201387.375~61220378.63,충청북도 ***********,4332200.16~4334338.47
이**,86101*********,010-*********,minjungi****************,14720633.812~14742838.13,전라남도 ***********,8772738.387~8774065.137
김**,48031*********,010-*********,eunse***********,70134782.439~70167260.317,제주특별자***********,169534.357~170694.971
김**,75122*********,010-*********,yeongs***********,18841047.541~18855580.533,서울특별*********,102958.332~104967.113
김**,70032*********,010-*********,ijinu*********,14803247.439~14813915.79,대전광역*********,3254752.44~3257337.462
김**,75063*********,010-*********,ygim@*********,7566439.938~7573344.89,대전광역********,554527.154~556452.228
이**,76112*********,010-*********,ji@******,6171354.828~6173078.485,전라남도 ***********,325076.429~327533.393
이**,90022*********,010-*********,nbag@m***********,83261539.469~83270220.552,광주광역*******,15275395.326~15295622.691
김**,90053*********,010-*********,hwangsu**************,67652276.817~67682706.95,울산광역********,29811189.053~29851460.766
김**,75060*********,010-*********,seongh**************,73040810.394~73057628.268,충청남도 ***********,602422.79~603667.182
김**,90043*********,010-*********,jihye3***********,15861682.573~15883846.349,경상북도 ***********,4851872.015~4856196.1
김**,13012*********,010-*********,zbag*******,67727981.373~67736919.397,세종특별자치*************,24179872.502~24202677.03
김**,02060*********,010-*********,gimsan*************,42501695.779~42513470.441,전라남도 진***********,13900198.525~13905608.878
권**,81021*********,010-*********,migyeong******************,63011352.054~63028601.501,경상남도 ***********,5526648.858~5527316.43
한**,95042*********,010-*********,gweonjeo******************,84992780.62~85025421.134,충청북도 ***********,21873285.446~21877948.491
강**,59040*********,010-*********,yjo@g**********,87784146.522~87795645.5,충청남도 ***********,33719998.416~33787225.94
박**,92041*********,010-*********,oseungh**************,54941492.723~54979728.268,광주광역*********,24626679.675~24651139.378
김**,70100*********,010-*********,sanghu**************,26424949.75~26442400.297,부산광역*********,2613022.96~2615348.189
김**,70042*********,010-*********,ecoe*********,25436251.589~25454983.45,강원도 고***********,17124553.351~17138439.787
남**,59120*********,010-*********,jungsuse****************,24483612.702~24503863.214,광주광역*******,2992545.635~2996644.661
허**,70011*********,010-*********,areum30**************,90527568.934~90563821.829,대전광역********,62035118.822~62584319.965
장**,63081*********,010-*********,oryu@*********,7754465.427~7771614.199,광주광역********,269836.683~270869.57
이**,99083*********,010-*********,ieunj*********,99285505.557~99313619.159,제주특별자***********,7380439.606~7388685.226
오**,60061*********,010-*********,kgim*******,54986311.259~55002084.935,강원도 양*********,5216484.368~5217912.187
최**,65102*********,010-*********,hwangs***********,86479953.194~86501863.785,인천광역시*********,10366950.356~10374564.619
송**,51121*********,010-*********,cayuns************,98811599.92~98832723.437,인천광역시 ***********,10885747.33~10901306.931
서**,75022*********,010-*********,seongji**************,41153984.535~41188812.307,경기도 파**********,3401565.19~3404003.971
최**,85020*********,010-*********,gimyeo*************,52330360.482~52347568.623,경상북도 ***********,1206344.75~1208405.878
차**,96011*********,010-*********,hgan*********,69811655.323~69840726.345,충청북도 ***********,8791662.972~8796988.376
김**,47022*********,010-*********,sjang@**************,3136577.05~3178650.055,울산광역********,192416.918~195465.557
최**,86050*********,010-*********,sinyeon****************,15309615.935~15321420.26,대전광역********,138723.09~138918.762
장**,48092*********,010-*********,yba*******,79670547.806~79708175.744,대전광역********,14383579.604~14388436.472
박**,70110*********,010-*********,pi@yuh***********,89092178.898~89096486.026,부산광역********,37665475.099~37682020.274
이**,62050*********,010-*********,icunja************,27525863.429~27543508.475,대구광역********,3900914.775~3902251.492
김**,89122*********,010-*********,myeongja****************,67387722.378~67407225.558,제주특별자치**************,15513636.217~15519006.218
장**,58022*********,010-*********,coeyeo*************,12148403.572~12158990.923,전라남도 ***********,4420952.894~4422559.654
최**,64101*********,010-*********,fgi*******,40342466.05~40363299.736,서울특별시**********,751470.47~753234.26
김**,57010*********,010-*********,jaehoi@**************,91092779.734~91106732.854,전라남도 ***********,3264932.64~3272699.58
이**,94032*********,010-*********,lim@gi***********,31010009.702~31037541.727,경기도 *******,3761287.103~3765822.088
서**,47090*********,010-*********,oyeon***********,91652313.174~91691945.107,강원도 횡**********,29967222.256~29996890.768
김**,77101*********,010-*********,yeong***********,91517939.936~91539581.144,울산광역********,1851013.349~1851836.837
고**,08123*********,010-*********,gimjiw*************,18726574.404~18728178.969,충청북도 청**************,137310.845~138723.09
민**,55051*********,010-*********,yeonggil*****************,93285848.548~93301581.837,제주특별자***********,18640155.027~18653041.404
류**,61071*********,010-*********,tbag@y*************,51391877.728~51399679.417,강원도 *******,15559209.609~15567278.213
이**,60100*********,010-*********,joseoyu**************,8102776.0~8108712.754,전라북도 ***********,472647.264~473383.908
이**,62031*********,010-*********,cunj*********,96629365.884~96644145.34,울산광역********,11947462.389~11966685.686
홍**,56112*********,010-*********,gangye**************,24717130.857~24738425.724,충청남도 천**************,4867637.133~4869347.831
김**,98070*********,010-*********,yeongc*************,76797563.266~76819631.201,경기도 ********,4982502.311~4988693.408
이**,66051*********,010-*********,ci@******,66418282.899~66431825.408,부산광역*********,35592488.222~35636848.571
강**,90081*********,010-*********,gimjim*************,35952035.594~35965728.352,대구광역시 ***********,15263326.48~15275395.326
곽**,75040*********,010-*********,jangji*************,84804897.906~84825851.204,대전광역*********,14842468.507~14846067.389
황**,54021*********,010-*********,jaeho11**************,56714882.256~56727245.908,전라남도 ***********,11501862.511~11503938.224
이**,81050*********,010-*********,jeongsun******************,92139390.527~92158451.58,강원도 춘**********,10821549.725~10824250.334
홍**,48042*********,010-*********,jihyeon****************,83076696.15~83089138.734,부산광역********,26939179.325~26941098.637
문**,71061*********,010-*********,eunjeongj******************,23840009.458~23848895.024,경기도 광**********,1350949.442~1351984.127
김**,69010*********,010-*********,yejin***********,39367633.5~39386305.971,인천광역시 ***********,1176299.882~1177999.886
이**,07030*********,010-*********,mcoe*******,56727245.908~56742446.423,대구광역********,15591485.714~15592866.12
김**,89033*********,010-*********,chon*******,56317855.01~56331514.205,세종특별자치*************,12428456.035~12437168.607
배**,07081*********,010-*********,yeeunj**************,28279099.35~28297117.845,인천광역시 ***********,1339574.92~1341738.098
허**,08082*********,010-*********,yeongjin*****************,44847146.666~44849233.852,충청북도 ***********,13356534.416~13363470.126
이**,11011*********,010-*********,hyejinj****************,40927308.175~40934962.712,부산광역*********,3247865.995~3249894.218
김**,60101*********,010-*********,zyun*******,68043747.213~68066408.594,광주광역********,14457292.329~14467078.347
이**,70082*********,010-*********,hyeonju**************,80514556.797~80516613.984,광주광역*******,26288529.322~26318522.639
윤**,00050*********,010-*********,jihu*********,42634417.507~42646816.479,전라남도 **********,2284206.189~2284850.794
김**,65110*********,010-*********,haeun**********,85502505.853~85525964.398,대전광역********,15794301.324~15801742.715
박**,91091*********,010-*********,zgim@***********,77759709.628~77772820.287,강원도 홍***********,11081337.625~11088460.798
김**,52011*********,010-*********,ugim@*********,17366156.886~17403621.104,강원도 철**********,2966992.843~2970373.603
이**,48062*********,010-*********,seoye***********,6242699.008~6251970.859,경상북도 ***********,803514.557~804420.013
이**,10012*********,010-*********,xo@b*********,79053822.037~79080911.984,전라남도 ***********,17317629.83~17328858.685
박**,93011*********,010-*********,rcoe@y*************,23342785.124~23360479.497,전라남도 ***********,2540234.465~2544613.116
김**,58082*********,010-*********,myeongs**************,54480300.598~54489422.976,전라남도*******,20757012.209~20775312.809
김**,52092*********,010-*********,sbag@j*************,66688232.419~66709354.802,대전광역********,32820202.513~32897549.421
최**,57022*********,010-*********,minjun************,40679047.632~40698744.656,인천광역*********,1129335.403~1135913.141
박**,51101*********,010-*********,iba*******,82679990.767~82703847.587,세종특별자**********,12798567.92~12804822.316
강**,70072*********,010-*********,sanghu*************,99360364.108~99382047.112,서울특별*********,28793328.639~28829448.396
김**,76061*********,010-*********,xgi*******,13250329.333~13266171.522,광주광역********,372358.287~373387.854
문**,66112*********,010-*********,junyeon***************,81011688.761~81018723.212,대전광역********,472141.704~472647.264
이**,46112*********,010-*********,jiyeon***********,38810713.0~38830116.198,강원도 영**********,27326195.802~27354122.544
이**,84043*********,010-*********,ii@*******,56869644.224~56877522.779,경상남도 ***********,29577239.74~29606068.258
서**,71061*********,010-*********,xseo@y*************,47168603.569~47180660.004,대구광역시***********,5940774.836~5943719.4
이**,65111*********,010-*********,donghye**************,42804803.984~42839413.489,강원도 홍*********,14825846.617~14842468.507
김**,02081*********,010-*********,hgim@y*************,74662424.748~74686038.782,경상남도 ***********,1815277.699~1817086.291
배**,02080*********,010-*********,xcoe*********,34120626.98~34139023.95,부산광역시 ***********,16729046.997~16743563.623
이**,46052*********,010-*********,ese*******,15636145.997~15643165.536,강원도 고**********,2958068.518~2962419.943
하**,01022*********,010-*********,isangh**************,86353076.624~86379044.158,서울특별*********,16554086.882~16560236.685
이**,06093*********,010-*********,go@i********,66709354.802~66726145.143,충청북도 ***********,13890320.103~13900198.525
서**,95090*********,010-*********,seoyun7***************,99639326.228~99680352.136,경상북도 ***********,25531880.577~25534844.598
김**,95032*********,010-*********,ii@*****,73280021.178~73300123.562,경상남도 ***********,20875375.514~20884590.622
임**,65110*********,010-*********,minjae9****************,51578270.365~51604362.864,전라북도 ***********,1898867.975~1900361.284
유**,53122*********,010-*********,seongj************,35986800.172~36010333.041,세종특별자치*************,19431198.182~19445529.389
김**,46041*********,010-*********,iboram@**************,64076951.415~64102717.609,대전광역********,12983653.55~12989344.779
김**,44072*********,010-*********,seongm***********,50147519.039~50190180.633,강원도 영**********,3290551.741~3292269.187
문**,94111*********,010-*********,junse**********,55202197.614~55237477.702,충청북도 ***********,15703366.354~15706763.25
김**,77010*********,010-*********,sunogco***************,59793951.083~59807687.856,강원도 철**********,22147570.16~22169783.067
손**,53040*********,010-*********,kbae*********,67504286.466~67516377.372,경상북도 ***********,5101792.53~5102822.165
안**,70010*********,010-*********,ogja37***********,12766900.601~12778847.369,대전광역*********,2727536.057~2732696.251
김**,88032*********,010-*********,yeonghwa******************,64486642.148~64509792.512,충청북도 ***********,6914713.365~6920585.516
권**,64010*********,010-*********,seonghun*****************,52912985.062~52947350.578,대전광역********,1366515.581~1368833.746
이**,54062*********,010-*********,imijeo**************,82929325.318~82970110.367,전라남도 ***********,15731985.024~15739920.778
오**,60032*********,010-*********,wgim@***********,85525964.398~85566596.575,광주광역*********,10883825.09~10885747.33
성**,97122*********,010-*********,ubag*******,32603265.668~32623708.268,광주광역********,8038282.905~8044738.988
권**,59092*********,010-*********,ci@******,16029798.78~16034387.134,인천광역*********,2758180.19~2763179.55
김**,56090*********,010-*********,yunseo90****************,94734179.764~94753019.912,충청북도 ***********,9007817.364~9010563.42
박**,69082*********,010-*********,njo@********,90796169.836~90801839.905,강원도 *******,18469398.084~18475495.267
서**,50100*********,010-*********,jeongsu5****************,85785634.019~85815025.648,서울특별시*********,12992118.969~13000260.206
윤**,96071*********,010-*********,yunjiy***********,9892095.298~9897488.98,경상북도 ***********,5225910.836~5228226.061
황**,00103*********,010-*********,fhwan***********,33710257.227~33721221.742,울산광역********,5298080.448~5301753.752
김**,88082*********,010-*********,anyeong****************,12473247.231~12502758.517,강원도 영**********,1520735.808~1521755.924
윤**,05082*********,010-*********,jeongsug*****************,72447212.551~72468313.052,대전광역*********,18653041.404~18659784.965
최**,13032*********,010-*********,haeun5***********,46692979.19~46700726.359,울산광역********,28499168.804~28521048.533
박**,82052*********,010-*********,jeongh**************,73192987.2~73236095.576,세종특별자치*************,13588100.704~13589850.403
이**,47101*********,010-*********,gimhye***********,17875171.872~17882419.146,광주광역********,3208960.044~3211648.743
이**,89041*********,010-*********,geonu***********,42365983.455~42403649.855,광주광역********,9067406.479~9070007.975
박**,67042*********,010-*********,gyeongsu****************,24013919.399~24044410.686,서울특별*********,1295919.044~1297364.529
이**,84112*********,010-*********,gimjun************,15997132.299~16021647.335,충청북도 ***********,4291388.916~4302471.013
김**,86010*********,010-*********,yujin*********,33580621.499~33610352.08,대구광역*********,5919235.192~5923453.819
이**,71110*********,010-*********,kyun@*********,90646374.519~90665762.423,경기도 수**********,24241705.94~24255970.419
이**,91090*********,010-*********,gangca************,69734520.312~69743482.379,울산광역********,27547657.256~27575639.942
서**,12052*********,010-*********,gweonm*************,50101687.341~50119444.243,부산광역시*********,1683909.042~1686421.115
이**,81101*********,010-*********,seonghun*****************,83118354.101~83149392.144,충청남도 ***********,1135913.141~1138256.141
이**,54120*********,010-*********,ijunye************,60868221.738~60896048.222,충청남도 **********,269836.683~270869.57
구**,56012*********,010-*********,gweongye******************,39598299.793~39636056.073,인천광역*********,18555372.578~18558406.043
이**,58021*********,010-*********,gimju**********,90996245.953~91006012.573,경상북도 ***********,30129638.891~30168097.504
허**,88072*********,010-*********,sumin***********,15835216.59~15840001.235,대구광역********,3036562.534~3038904.363
심**,94071*********,010-*********,iminju************,38233494.378~38241955.607,충청남도 **********,8914727.48~8921809.444
김**,66030*********,010-*********,junyeon**************,39057209.56~39069468.035,제주특별자치*************,3173068.728~3173641.762
김**,54031*********,010-*********,yeongja***************,98094418.91~98099438.518,강원도 인**********,23268826.053~23277561.863
윤**,04042*********,010-*********,yeong***********,70687420.777~70717323.918,경상북도 ***********,13956878.363~13962913.546
고**,56083*********,010-*********,vcoe*******,42974791.247~42994438.96,광주광역********,25967546.149~26006825.003
김**,96031*********,010-*********,jiyeon5***************,80022944.615~80040183.6,전라남도 ***********,7902324.486~7904388.04
박**,47071*********,010-*********,jieu*********,71899109.896~71909039.463,전라남도 ***********,11097266.441~11110316.349
홍**,76080*********,010-*********,jeongsi***************,13152546.274~13156136.905,부산광역*********,673335.362~681196.932
김**,72022*********,010-*********,yca@********,98233326.032~98260250.342,광주광역********,4816625.841~4821025.801
김**,68112*********,010-*********,migyeo***********,70461827.37~70473412.945,경기도 여**********,5879797.051~5881088.445
이**,96070*********,010-*********,seoyu**********,2572783.506~2596627.38,경상남도 ***********,1118621.918~1120484.004
이**,55031*********,010-*********,sba*******,64018593.76~64047513.583,경상북도 ***********,22831549.12~22837259.322
서**,09061*********,010-*********,jeongh**************,41003270.607~41009726.957,대구광역********,2983393.088~2984766.474
황**,87041*********,010-*********,sanghyeo*****************,89294374.724~89309018.439,전라남도 ***********,4848267.332~4851872.015
김**,75012*********,010-*********,iyujin@**************,62587776.471~62598992.523,전라북도********,3660932.075~3665924.299
지**,93092*********,010-*********,gimsunj****************,25123315.796~25173906.151,충청북도 청**************,3383622.725~3391910.724
홍**,47012*********,010-*********,ugi*******,54480300.598~54489422.976,충청남도 ***********,7665309.12~7667090.7
김**,05020*********,010-*********,anjuns************,8778446.354~8851056.853,광주광역********,3796062.415~3797211.733
배**,94061*********,010-*********,jiubag@**************,19055940.962~19095183.786,전라북도 ***********,8290993.368~8297703.372
김**,59041*********,010-*********,ubag@***********,80519787.823~80532927.739,강원도 *******,7708299.979~7710570.95
김**,94120*********,010-*********,hyeonua****************,42065998.453~42114371.195,경기도 성**********,5126303.009~5131563.4
최**,07122*********,010-*********,seoye***********,48030594.504~48044107.626,광주광역********,23879881.2~23918842.718
윤**,72040*********,010-*********,ocoe*******,88389309.432~88397954.966,울산광역********,15801742.715~15828198.18
박**,03041*********,010-*********,seongh************,85213407.093~85232600.642,대전광역*********,19026877.2~19043750.704
구**,97112*********,010-*********,myeong*************,11218324.1~11227218.29,인천광역*********,867807.497~869887.18
김**,88032*********,010-*********,gweonmije******************,19236128.696~19308253.221,충청북도 ***********,396666.514~396995.603
박**,81122*********,010-*********,yunseo*************,7410813.242~7424023.228,부산광역시***********,4086350.347~4087590.993
곽**,55051*********,010-*********,hyeon***********,60418035.121~60441060.001,충청북도 ***********,7543845.085~7548983.31
박**,68012*********,010-*********,nahayun**************,6896227.67~6910057.71,서울특별*********,1574852.892~1577108.57
박**,61020*********,010-*********,jaehyeon*****************,59672701.691~59686164.43,경상북도 ***********,16814999.38~16823536.998
강**,11112*********,010-*********,donghyeo******************,49717352.367~49743512.685,강원도 강**********,656068.405~656561.646
김**,83091*********,010-*********,bagmis***********,70410497.549~70434484.972,세종특별자치*************,49875257.672~49903912.618
서**,04022*********,010-*********,uhon********,68281217.282~68296555.24,경상남도 ***********,13747422.847~13758685.122
문**,09122*********,010-*********,gimye*********,67187488.538~67208462.786,전라북도 ***********,5935703.08~5940774.836
윤**,52042*********,010-*********,gimjaehy******************,83453678.194~83477070.669,충청남도 ***********,40285698.697~40370120.78
이**,14030*********,010-*********,gyeongsu****************,80940133.611~80986304.11,경상남도 ***********,8632769.423~8640421.855
이**,57120*********,010-*********,jaeho99***************,75707566.25~75715617.138,강원도 양**********,40445752.288~40461769.786
김**,89123*********,010-*********,gimmiyeo*****************,3858554.15~3881894.909,인천광역********,317120.855~318477.848
이**,95012*********,010-*********,caeweo***********,40409284.557~40431749.298,충청북도 청**************,14103649.419~14117543.239
남**,78060*********,010-*********,seoju**********,14076652.616~14080541.556,전라남도 ***********,195465.557~196590.844
서**,80050*********,010-*********,jiyeo*********,22722454.245~22738846.392,울산광역********,1799871.603~1800864.71
이**,89031*********,010-*********,jihyeonr****************,59686164.43~59707670.394,세종특별자치*************,30269908.768~30283696.296
김**,02102*********,010-*********,gimyeo**************,70063046.897~70075494.887,부산광역시*********,109006.882~110027.138
홍**,81121*********,010-*********,yunse**********,72031508.742~72041253.088,충청남도 ***********,13805837.848~13817020.656
장**,54102*********,010-*********,gimyeo**************,11420919.081~11450666.558,서울특별시**********,3529285.162~3532448.434
권**,91020*********,010-*********,seoyeo************,98386301.229~98408294.517,충청북도 ***********,38479692.774~38545954.035
최**,76091*********,010-*********,jinu02**************,99918320.551~99940727.693,충청남도 ***********,13052105.784~13057251.261
김**,98012*********,010-*********,gimyeo***********,53295558.525~53301797.033,세종특별자치*************,8757094.26~8765677.84
김**,55121*********,010-*********,gimminse****************,60257011.072~60281073.792,울산광역********,932915.636~933731.223
김**,65082*********,010-*********,ijeon**********,43640764.859~43676883.572,강원도 *******,2894898.79~2895671.095
전**,09111*********,010-*********,donghyeo****************,90271867.783~90278954.6,전라남도 ***********,52929694.395~53247124.822
문**,57081*********,010-*********,seojun***********,17116853.991~17127451.841,대전광역*********,5980204.056~5989571.925
권**,80040*********,010-*********,igim@***********,82405172.828~82430719.232,대구광역*********,1686421.115~1687537.44
강**,53060*********,010-*********,ni@g*********,34264382.549~34324708.682,울산광역*******,12628420.68~12631551.31
박**,79020*********,010-*********,ygweon***********,39284587.752~39303233.544,전라남도 ***********,4613848.421~4615371.658
황**,51080*********,010-*********,ci@ba***********,22551990.656~22584693.153,경상북도 **********,1254696.105~1255011.171
이**,07120*********,010-*********,fgim@j************,40437733.248~40455303.742,대구광역********,4884518.729~4888080.81
이**,87110*********,010-*********,yejico**************,71567548.022~71574068.148,대구광역*******,38838868.942~38916255.361
성**,51060*********,010-*********,jeongsu**************,84186604.731~84201239.592,인천광역*********,30080517.69~30101648.454
이**,03010*********,010-*********,zi@yu***********,93595508.039~93637058.407,대전광역********,9926608.589~9932788.812
정**,74082*********,010-*********,rhwa********,66868668.259~66877257.378,전라남도 ***********,2054707.417~2055808.374
이**,50102*********,010-*********,jeongsu****************,52627054.67~52633053.901,제주특별자치**************,15600259.086~15609821.906
손**,93090*********,010-*********,misug*********,3825923.349~3830217.272,서울특별시**********,1102170.484~1107850.053
황**,47040*********,010-*********,cunja0*************,22551990.656~22584693.153,세종특별자치*************,7875664.317~7882598.054
김**,51040*********,010-*********,seong*********,17882419.146~17917743.037,전라북도 전***********,2508755.561~2509390.372
오**,64070*********,010-*********,munbora***************,19791889.424~19801560.918,대전광역********,6401581.23~6404003.202
김**,06111*********,010-*********,donghy*************,65186125.798~65198605.504,부산광역시**********,18257133.374~18270580.92
이**,85070*********,010-*********,qgweon**************,14236205.064~14246193.238,부산광역*********,2365242.052~2367197.124
이**,80110*********,010-*********,fo@*******,44700188.708~44727350.293,인천광역*********,4657770.83~4659752.252
이**,10012*********,010-*********,jeonghog*****************,37178954.132~37191934.897,울산광역********,3823763.544~3826769.317
박**,87080*********,010-*********,gimyeo***********,93010232.274~93018882.656,부산광역시*********,20233104.68~20253214.181
박**,64022*********,010-*********,jihunn************,23360479.497~23379473.248,인천광역*********,4988693.408~4996534.249
윤**,49070*********,010-*********,oson*********,49300573.112~49330578.176,서울특별********,10480966.238~10491301.775
민**,87040*********,010-*********,boram2**************,9783305.005~9807904.967,서울특별*********,1202286.942~1203266.851
김**,71050*********,010-*********,qgim*******,86345314.226~86353076.624,경상남도********,33205991.8~33218878.778
이**,00120*********,010-*********,yeonghy****************,60316700.679~60333187.684,인천광역*********,3714067.914~3718039.205
안**,68122*********,010-*********,minjae***********,30496266.155~30514117.595,서울특별*********,10923594.052~10939704.699
성**,80102*********,010-*********,yeong***********,71001685.6~71012086.996,대전광역********,16243471.354~16249433.41
류**,74022*********,010-*********,gimbye**************,84271958.477~84280264.618,울산광역********,16985436.707~16997985.808
안**,69051*********,010-*********,pi@yu***********,25545482.504~25570602.277,인천광역*********,11535997.644~11547303.831
백**,69032*********,010-*********,gimseu**************,68336856.3~68365816.632,부산광역*********,2987342.525~2989002.383
이**,45040*********,010-*********,gwangsur*****************,84651600.376~84680309.509,제주특별자치*************,12749950.775~12750330.427
최**,84080*********,010-*********,iyeweon**************,87107294.382~87116744.715,서울특별*********,5587591.196~5590905.889
박**,66102*********,010-*********,jungsu7****************,2614078.936~2627004.036,제주특별자***********,1463685.758~1467763.9
박**,65102*********,010-*********,miyeon**************,24228060.871~24243960.672,경기도 김**********,5579473.631~5580934.393
오**,08071*********,010-*********,hyeonjuj*****************,90931537.88~90937909.576,부산광역*********,8198024.061~8199834.378
박**,10110*********,010-*********,qi@******,93759960.169~93791758.954,전라남도 ***********,13298874.405~13307869.316
이**,99071*********,010-*********,sangceol******************,49453986.916~49465941.393,강원도 양**********,426764.453~431036.536
이**,48051*********,010-*********,gimjeong*****************,80802107.193~80821550.244,대전광역********,2322551.706~2326376.222
엄**,48061*********,010-*********,jaehyeon*****************,55414195.065~55427289.45,부산광역시**********,4275867.043~4281574.904
이**,03092*********,010-*********,gyeongj**************,57863928.33~57868323.881,울산광역********,10885747.33~10901306.931
이**,87092*********,010-*********,gimjih*************,91829042.31~91867492.915,대구광역********,64961160.083~65401296.739
김**,06073*********,010-*********,lyang*********,40409284.557~40431749.298,인천광역********,14087954.254~14090302.466
최**,55090*********,010-*********,li@******,68365816.632~68396501.281,강원도 횡**********,12390930.164~12399759.72
홍**,76112*********,010-*********,sangceo***************,57385984.089~57426855.395,울산광역********,4057159.106~4062006.782
나**,09122*********,010-*********,jiweo**********,93702609.634~93714437.231,전라남도 ***********,49238720.715~49262499.788
박**,91072*********,010-*********,mju@yu************,58798366.78~58814909.669,경상남도 **********,2878141.739~2880908.582
이**,00030*********,010-*********,sunjai*************,60909508.929~60922000.784,충청북도 청**************,37287946.485~37372809.65
강**,66041*********,010-*********,dgim@j*************,19480313.48~19490832.873,충청남도 당***********,11224385.649~11227550.699
성**,09082*********,010-*********,hyeonu2****************,53787433.933~53822639.209,경상북도 ***********,25230634.246~25260486.342
김**,46030*********,010-*********,yeongceo*****************,27045943.662~27072780.185,부산광역*********,5964332.24~5966819.755
이**,50051*********,010-*********,ogsun*********,20669140.62~20696584.743,충청북도 청**************,900596.092~902594.464
양**,94062*********,010-*********,bgim*********,12451846.355~12473247.231,광주광역********,404806.251~409098.401
이**,68092*********,010-*********,bagyeeu****************,48803810.113~48811271.188,광주광역********,4491068.038~4498371.946
최**,97052*********,010-*********,ecoe@g************,54212736.017~54224450.374,대구광역*********,4940223.822~4942744.973
홍**,49071*********,010-*********,gimsugj****************,28392004.401~28414915.655,경기도 *******,18898549.694~18907151.978
김**,46073*********,010-*********,naseo***********,62251858.084~62273211.849,경상남도 ***********,17696538.464~17705821.126
박**,59042*********,010-*********,yunyeon**************,14027223.321~14043790.187,충청남도 ***********,7085946.482~7090639.746
조**,61100*********,010-*********,bjang**********,92061068.307~92067911.816,인천광역********,12623187.497~12628420.68
박**,11111*********,010-*********,eunji*********,44970253.79~45005366.962,제주특별자치**************,19315230.731~19323495.63
김**,49102*********,010-*********,ihae*********,36714789.369~36744410.883,경상북도 ***********,7771713.553~7773836.185
김**,56010*********,010-*********,ni@g*********,23459523.183~23470625.806,서울특별시*********,4401347.96~4409122.521
최**,87102*********,010-*********,bagjuwe**************,21818958.43~21831603.38,충청북도 청**************,2030121.312~2032522.964
이**,04121*********,010-*********,yeonghwan******************,18289049.565~18293630.14,부산광역시*********,9244458.256~9247359.317
김**,55012*********,010-*********,ggim@y************,49201986.86~49226397.966,제주특별자치**************,2781541.067~2787012.685
안**,95092*********,010-*********,igim@***********,95142506.084~95156673.302,울산광역********,45420141.848~45459875.5
김**,60080*********,010-*********,ijunho***********,7403901.412~7407222.654,세종특별자치**************,829752.46~832095.256
김**,05100*********,010-*********,yuneun************,64573367.309~64590096.444,광주광역********,12746108.259~12749950.775
허**,66010*********,010-*********,zjin*******,6501341.243~6516613.276,경기도 ********,461069.127~463630.998
김**,00121*********,010-*********,yeeu*********,15636145.997~15643165.536,대전광역********,1161675.01~1165091.389
황**,97052*********,010-*********,gimyeo************,50313759.102~50356938.315,울산광역********,19341830.581~19357484.691
강**,92013*********,010-*********,oan@ga************,58277606.275~58301690.998,충청북도 ***********,22606503.444~22626821.638
이**,03081*********,010-*********,sonhye************,77629937.296~77642013.838,대전광역*******,7452727.862~7456771.417
김**,79082*********,010-*********,lson@h************,41112312.971~41153984.535,충청북도 청**************,18067359.753~18076184.17
김**,75112*********,010-*********,geonun***********,43946267.887~43966504.874,충청북도 ***********,9599451.182~9604261.452
최**,75012*********,010-*********,gimdohye****************,29094487.821~29104001.163,강원도 평**********,525568.242~525954.141
황**,99041*********,010-*********,psong***********,99285505.557~99313619.159,광주광역********,15401545.216~15412245.877
이**,66082*********,010-*********,gimjin***********,6877037.582~6896227.67,대구광역********,916089.976~917995.929
이**,11110*********,010-*********,aseo@j*************,4240982.949~4247728.112,충청남도 ***********,562379.623~563407.599
양**,63091*********,010-*********,ybag@j*************,65029984.682~65037264.098,대구광역시*********,5275765.894~5283114.36
오**,04091*********,010-*********,seongj***********,28688830.626~28718652.465,제주특별자**********,8379375.354~8386010.878
강**,62070*********,010-*********,hyeonj***********,35088367.267~35107241.412,대전광역*********,475491.241~475992.638
장**,58021*********,010-*********,jinuh*********,86472236.187~86479953.194,세종특별자치*************,5321101.672~5327470.762
임**,04082*********,010-*********,jiyeong5****************,16911061.458~16958517.494,울산광역********,2736421.229~2738533.215
김**,73021*********,010-*********,haeun*********,23313176.278~23321478.498,전라북도 ***********,3687543.584~3691162.391
전**,57090*********,010-*********,suminsi***************,68698810.702~68722426.894,서울특별*********,16897763.579~16901182.784
박**,01072*********,010-*********,jcoe*******,53854625.363~53864007.419,경기도 고**********,24515483.834~24528541.874
이**,54021*********,010-*********,iminju**************,66066114.36~66083744.259,강원도 철**********,9411699.924~9422261.274
최**,97030*********,010-*********,gcoe*******,98686898.413~98708340.381,서울특별*********,24075786.724~24080942.54
김**,57090*********,010-*********,yeongs**************,65466632.903~65480574.128,경기도 수**********,8142802.376~8153036.29
이**,95033*********,010-*********,baggwa***********,21195996.107~21215641.424,울산광역********,3620964.638~3623565.036
김**,80053*********,010-*********,gimcu**********,24228060.871~24243960.672,경기도 평**********,444735.666~445601.976
류**,93011*********,010-*********,seungh**************,93971709.042~93989028.586,경기도 ********,3511491.917~3515664.638
김**,62061*********,010-*********,minse***********,62420202.106~62444283.888,서울특별*********,28760675.866~28793328.639
장**,82021*********,010-*********,eunjigi****************,76779035.481~76797563.266,인천광역시***********,8951341.324~8955248.155
박**,45072*********,010-*********,gimminj****************,61272415.042~61292919.198,제주특별자치**************,11694941.316~11699649.955
황**,72110*********,010-*********,seongh**************,7791720.552~7804400.266,경상북도 포*************,313922.331~314661.751
한**,93080*********,010-*********,baghy***********,72352929.777~72405896.966,광주광역********,9383123.91~9386083.117
최**,08042*********,010-*********,bageun**************,35552948.414~35571800.545,경상남도 ***********,4803713.968~4807605.614
곽**,99071*********,010-*********,mgu@so*************,74148452.904~74186532.961,경상북도 ***********,2544613.116~2547833.608
이**,00091*********,010-*********,jinho**********,60524540.946~60547119.791,광주광역********,2524107.986~2526068.262
한**,51040*********,010-*********,mbae*******,68931222.526~68958787.561,제주특별자치*************,21209954.635~21227788.845
이**,85101*********,010-*********,jihu8***********,27482856.784~27487490.708,부산광역*********,600174.657~601695.937
김**,92080*********,010-*********,gimjunh**************,83167641.7~83197711.607,대구광역********,15753557.397~15760119.399
오**,93093*********,010-*********,gimjin***********,95156673.302~95202126.941,대전광역*********,27111797.052~27130876.93
이**,66110*********,010-*********,seoyeong*****************,6573801.676~6621277.8,서울특별*********,166708.095~169534.357
김**,67033*********,010-*********,hyeonj***********,41340930.542~41350723.992,인천광역시*********,7820387.123~7823226.69
배**,60082*********,010-*********,ci@*******,3763661.011~3779958.907,인천광역시 ***********,772337.403~773255.404
임**,47041*********,010-*********,junyeon****************,34671276.324~34674926.353,전라남도 ***********,18803704.9~18838040.875
김**,62061*********,010-*********,seongmin****************,20463834.605~20482784.138,전라남도 ***********,1335039.163~1336950.216
오**,05082*********,010-*********,hyejinn***************,66453888.392~66483674.575,세종특별자치*************,32506831.09~32580310.518
박**,99071*********,010-*********,ansun*********,76819631.201~76843124.594,경기도 용**********,13595855.669~13620879.368
서**,96020*********,010-*********,yeeun2************,80107720.716~80133012.53,경상남도 ***********,22299058.704~22308498.48
이**,45022*********,010-*********,sanghos**************,35757352.047~35783119.502,강원도 양*********,11048483.72~11053755.507
권**,86042*********,010-*********,namjaehy******************,66116005.236~66142685.427,충청남도 ***********,21886985.046~21910837.125
박**,50030*********,010-*********,eunyeong******************,97273915.19~97296815.665,부산광역********,19563762.877~19578316.379
박**,48121*********,010-*********,cunjac************,49032035.262~49041834.803,충청북도 ***********,27255355.16~27257639.958
이**,71111*********,010-*********,seongs*************,76468363.016~76474474.246,충청북도 ***********,1160514.59~1161039.931
박**,47062*********,010-*********,songseoye******************,7047098.103~7059692.066,울산광역시 ***********,2512178.46~2512966.934
박**,00050*********,010-*********,seohye************,14446817.051~14492434.816,전라북도 ***********,505702.385~507793.265
이**,95060*********,010-*********,lsin@y*************,16257637.591~16267529.4,인천광역*********,3983780.494~3989894.63
심**,00031*********,010-*********,bbag@i***********,56287724.716~56297646.9,강원도 *******,15647318.796~15670185.692
김**,69013*********,010-*********,beom*******,64047513.583~64056832.984,충청북도 청**************,43790545.44~43830893.264
김**,06091*********,010-*********,cunja32***************,38500440.371~38525782.224,대전광역*******,13925266.554~13956878.363
황**,49060*********,010-*********,yeongsun******************,51697373.353~51744973.886,대전광역*******,8609397.113~8611819.28
이**,56012*********,010-*********,myeongja*****************,57629960.278~57641854.147,전라남도 ***********,17642282.946~17651210.349
강**,81020*********,010-*********,jeongs************,19962687.83~19973217.439,울산광역********,5855966.711~5860710.736
민**,77030*********,010-*********,di@******,7919012.574~7932925.72,세종특별자치*************,753994.454~754556.055
이**,61092*********,010-*********,seongh************,21127509.585~21178123.686,부산광역*********,3999145.362~4001174.416
김**,46022*********,010-*********,ogsunn************,89889736.984~89910826.084,부산광역시*********,25464823.284~25480347.622
김**,11042*********,010-*********,jiuy********,67736919.397~67764303.184,제주특별자***********,12836992.581~12846206.717
안**,64051*********,010-*********,yejingw**************,77700734.7~77720858.323,전라북도 ***********,4386179.106~4391890.99
김**,72072*********,010-*********,ji@jus***********,41571490.754~41580913.758,충청남도 ***********,21644998.976~21671814.304
김**,06042*********,010-*********,iminse**************,54411386.062~54425985.559,전라남도 ***********,7426635.835~7434349.932
민**,86091*********,010-*********,jihyegi****************,5985440.784~5991123.32,서울특별********,2930371.281~2930706.732
이**,75082*********,010-*********,ki@ba*********,2596627.38~2614078.936,울산광역********,313922.331~314661.751
노**,47022*********,010-*********,seongm*************,39836152.021~39843258.997,충청남도 ***********,493334.793~495008.8
강**,90030*********,010-*********,yeji33*************,21348962.752~21364452.746,충청북도 ***********,5316514.773~5321101.672
송**,96051*********,010-*********,jimin***********,88910472.841~88913283.602,울산광역********,45632564.181~45918513.64
박**,62032*********,010-*********,jihui@**************,61135017.411~61160754.683,부산광역*********,17423033.608~17431505.178
이**,14072*********,010-*********,coeyeong****************,72808711.147~72815908.463,대전광역********,42065139.427~42169812.845
김**,59070*********,010-*********,lgwe********,70924278.08~70943582.392,세종특별자**********,47940981.411~48146440.586
김**,91052*********,010-*********,qjeong************,91987632.384~92008079.862,울산광역********,252343.373~253962.287
지**,45103*********,010-*********,useo*******,48634758.458~48656110.732,충청북도 청**************,4331008.459~4332200.16
오**,89042*********,010-*********,coejiyeo****************,48731446.036~48747416.204,인천광역시 ***********,8870536.632~8876978.95
이**,61032*********,010-*********,ogja*********,28234417.506~28245181.409,강원도 춘**********,6670276.234~6677081.92
서**,58091*********,010-*********,junseo33*****************,74876595.434~74943967.145,강원도 고**********,27575639.942~27596034.37
김**,97042*********,010-*********,zgim@g************,13538988.052~13545613.386,광주광역*********,2775259.257~2778031.235
심**,91102*********,010-*********,gwagyeong******************,26166264.75~26177461.611,세종특별자치*************,6954730.902~6961321.605
이**,74042*********,010-*********,yujinhwa*****************,75447986.092~75461960.382,경기도 *******,22489950.102~22499334.216
김**,62051*********,010-*********,haneunj**************,56426899.748~56451682.442,경상남도 ***********,17895644.68~17914807.646
김**,70072*********,010-*********,vha@ju***********,70675043.705~70687420.777,전라북도 **********,12365575.648~12368507.186
허**,79102*********,010-*********,hyejin4****************,45960737.862~45981535.763,전라남도 ***********,6211092.912~6213508.695
허**,55092*********,010-*********,gimyeong*****************,64207004.596~64224813.02,경상북도 ***********,8696796.82~8709274.809
이**,71100*********,010-*********,ecoe@y************,10673195.018~10683318.866,경상남도 ***********,931786.808~932915.636
황**,75060*********,010-*********,gsong@************,7240691.349~7252300.59,인천광역시 ***********,495008.8~496547.464
신**,89072*********,010-*********,yeongs***********,93957979.742~93971709.042,경상북도 ***********,42365988.347~42381438.477
김**,86120*********,010-*********,hayun**********,15058076.704~15072766.805,부산광역********,745712.501~749954.55
노**,73032*********,010-*********,jeong***********,13951366.41~13992461.001,제주특별자치**************,4641004.028~4646240.599
오**,59100*********,010-*********,minseo***********,96476911.48~96481368.086,대전광역********,38192985.718~38202385.494
전**,82112*********,010-*********,geonu40**************,95451780.843~95470990.703,울산광역********,19150404.333~19157898.387
황**,06053*********,010-*********,munjaeh****************,9978550.777~9994303.808,제주특별자치*************,256616.326~259580.466
권**,87011*********,010-*********,haneun***********,61272415.042~61292919.198,경상남도 ***********,6394721.355~6400245.237
허**,14051*********,010-*********,cgwag@**************,86408723.584~86430197.731,충청남도 ***********,12776180.753~12780578.421
윤**,60092*********,010-*********,junse*********,51250193.369~51272904.364,세종특별자치*************,11477355.723~11479064.94
김**,91042*********,010-*********,yeong***********,52347568.623~52361111.665,인천광역*********,39536952.001~39588931.974
이**,44062*********,010-*********,gimeu**********,48221974.552~48233687.946,광주광역********,33519950.961~33567727.404
우**,93042*********,010-*********,minseo***********,65932961.469~65952117.786,전라북도 ***********,4519008.037~4523329.08
이**,50041*********,010-*********,hwangje***************,17852861.638~17875171.872,경상남도 ***********,649329.498~650197.488
김**,47102*********,010-*********,gimuji************,77416054.923~77438014.92,울산광역********,7019729.886~7021289.701
이**,53032*********,010-*********,minj*********,29038011.806~29049524.987,경상남도 ***********,17556263.441~17568368.905
최**,65111*********,010-*********,gimjeo***********,3098627.919~3136577.05,충청남도 ***********,452731.196~453326.376
이**,89051*********,010-*********,seong*********,32395322.604~32418109.042,충청남도 ***********,13798457.069~13801167.826
윤**,98100*********,010-*********,kbag@y*************,76961625.838~76977753.034,충청남도 천**************,8537634.085~8542429.314
안**,67071*********,010-*********,seoyun4****************,6226058.163~6237154.695,울산광역시 ***********,1430175.628~1432386.303
백**,13011*********,010-*********,ri@g*********,77513545.831~77535650.44,강원도 양*********,6574241.19~6575974.748
송**,49051*********,010-*********,seoye***********,80161813.33~80187292.988,충청남도 ***********,43867918.276~43905066.809
송**,04111*********,010-*********,donghye***************,14246193.238~14255526.15,경상북도 ***********,1348713.563~1349442.946
김**,55092*********,010-*********,di@gi*********,4996267.039~5005384.803,세종특별자치*************,2060420.255~2068274.673
황**,60021*********,010-*********,yungyeon******************,87650708.776~87666504.972,울산광역********,2314957.698~2316099.312
이**,64041*********,010-*********,di@*****,12805452.203~12812255.985,광주광역********,1722103.747~1724021.599
김**,01041*********,010-*********,hyeonji***************,66830779.628~66844998.22,울산광역********,4856196.1~4857423.91
최**,82041*********,010-*********,jiyeon************,21558988.572~21588692.83,충청남도 ***********,1518992.045~1520735.808
박**,49100*********,010-*********,hyeonj************,13000687.658~13083326.262,경상북도 ***********,5435600.48~5439287.146
하**,68092*********,010-*********,zgweon***********,33088199.774~33094229.109,부산광역시*********,10305369.497~10309635.112
강**,96121*********,010-*********,zi@jus***********,11764640.744~11781537.761,충청북도 ***********,1542346.654~1545189.318
박**,75101*********,010-*********,yi@yuh***********,51769173.826~51789954.469,서울특별*********,17423033.608~17431505.178
이**,84031*********,010-*********,coegyeo****************,98832723.437~98838564.696,서울특별*********,12355808.37~12358091.541
김**,86112*********,010-*********,ni@yu***********,4996267.039~5005384.803,서울특별시*********,1178729.319~1179058.368
김**,65072*********,010-*********,haneun*************,54795763.332~54812401.874,강원도 인**********,1422473.665~1425345.5
김**,73012*********,010-*********,seungmin*****************,79434924.299~79450490.246,대구광역********,49749978.391~49875257.672
이**,94102*********,010-*********,rbag*******,57940035.4~57961722.033,경상남도 창*************,7054751.861~7058480.294
하**,73040*********,010-*********,yeonggil******************,19468653.896~19479155.811,대전광역*******,5690526.418~5698536.965
이**,93072*********,010-*********,byeongce****************,97444076.258~97471287.027,충청남도 ***********,21526417.519~21530267.208
이**,58072*********,010-*********,vcoe@j************,49796899.763~49808932.008,충청남도 ***********,35065071.18~35101863.439
김**,03013*********,010-*********,bagsub************,42605217.786~42613785.64,대전광역*******,2177355.492~2180071.028
류**,02020*********,010-*********,jimins*************,48959310.563~48991515.396,전라북도 전************,10026178.591~10027456.605
장**,44022*********,010-*********,hanji***********,35610724.2~35642530.573,전라북도 ***********,6487924.465~6490447.899
임**,58091*********,010-*********,sumin*********,66844998.22~66853294.39,인천광역*********,5344304.531~5350855.021
한**,58030*********,010-*********,junye***********,5546809.251~5557535.04,전라남도 ***********,1395702.868~1396312.238
김**,48030*********,010-*********,sujins*************,23283341.05~23300495.066,서울특별*********,5579473.631~5580934.393
송**,74111*********,010-*********,si@gi***********,90563821.829~90590969.021,충청남도 ***********,8494924.059~8498703.446
황**,83122*********,010-*********,junyeo***********,82660127.179~82673042.065,부산광역********,34452836.764~34461915.946
김**,75111*********,010-*********,gimyeongh******************,82012873.263~82027960.027,부산광역*********,5508058.319~5513631.202
장**,77122*********,010-*********,junhyeo**************,41460712.738~41465209.606,전라북도 전***********,17925596.476~17942301.372
오**,03123*********,010-*********,jeongna***************,45744062.502~45749517.913,서울특별시**********,9460866.509~9462315.3
김**,89092*********,010-*********,jeongs************,56877522.779~56884452.295,제주특별자***********,5765884.05~5767310.239
박**,81042*********,010-*********,ebag*******,10377380.984~10397822.787,대구광역********,865735.488~866951.166
이**,67050*********,010-*********,yeongs**************,83610570.396~83627045.549,경상북도 ***********,7456771.417~7460068.33
강**,60123*********,010-*********,dohye***********,83167641.7~83197711.607,서울특별*********,38704079.061~38763541.857
김**,75031*********,010-*********,geonugi**************,18728178.969~18747820.464,서울특별시*********,2410928.262~2415338.171
박**,04061*********,010-*********,gimjunhy*****************,33390216.997~33401625.571,충청북도 ***********,2180971.168~2182323.917
최**,60112*********,010-*********,gimhyeji****************,52330360.482~52347568.623,서울특별*********,21686445.725~21717079.573
김**,84031*********,010-*********,jcoe@b***********,55136837.806~55147559.277,경상남도 ***********,16661848.231~16677946.95
김**,90073*********,010-*********,jangjun**************,12567825.119~12591415.09,충청남도 ***********,383970.938~386423.785
조**,82060*********,010-*********,ei@gw***********,52315591.55~52330360.482,충청남도 ***********,12299329.545~12306232.881
김**,09053*********,010-*********,minju*********,84713395.024~84740525.554,충청북도 ***********,12643685.356~12648336.831
이**,92040*********,010-*********,hi@jus***********,20765102.083~20772509.381,세종특별자치*************,1513520.681~1517388.009
김**,70092*********,010-*********,ryuujin***************,52404181.304~52425962.6,경상남도 진***********,40719616.577~40809114.068
박**,83080*********,010-*********,zgim*******,71075147.772~71083475.815,전라남도 ***********,5721523.079~5728169.599
김**,89102*********,010-*********,yeji*********,35250276.382~35274962.026,세종특별자치*************,952544.099~955381.781
정**,54020*********,010-*********,sim******,21722532.84~21758527.219,광주광역********,2519679.101~2521652.764
주**,86021*********,010-*********,minja**********,94269440.75~94287798.289,대구광역********,41194195.48~41267875.926
박**,99021*********,010-*********,jiweo***********,16206800.33~16257637.591,광주광역*********,11290847.0~11304154.15
고**,58042*********,010-*********,gimyeo***********,83415453.369~83428048.089,경상북도 **********,20163971.889~20174098.74
김**,64122*********,010-*********,yungwang*****************,8499259.467~8502565.356,경상남도 ***********,1046374.558~1047344.315
전**,94011*********,010-*********,hanminja****************,55574187.379~55606485.634,강원도 *******,13737430.939~13744215.255
홍**,75072*********,010-*********,miyeo***********,47403063.247~47428697.402,광주광역********,4544417.717~4546726.27
허**,47090*********,010-*********,gimyeo************,51065965.524~51078075.451,경상남도 ***********,15340443.473~15344327.98
김**,07061*********,010-*********,coeseo*************,85665136.771~85670929.29,제주특별자치*************,9455271.796~9460866.509
이**,90020*********,010-*********,jiweo**********,65395298.089~65407179.424,인천광역시*********,1918005.333~1919079.032
장**,63061*********,010-*********,coeseung*****************,9928952.59~9940143.965,전라북도 전************,2201122.086~2202472.718
이**,09011*********,010-*********,misug**********,2218684.973~2220563.944,경상남도 ***********,1237685.131~1241358.288
김**,92051*********,010-*********,caewe**********,91413870.193~91451151.342,충청북도 ***********,4269949.433~4275867.043
조**,66061*********,010-*********,jojihyeo****************,44131526.827~44138495.208,경상남도********,7416793.609~7420321.287
류**,82040*********,010-*********,seoyeong****************,58465610.149~58467851.591,경상북도 ***********,2404451.504~2408360.947
김**,66091*********,010-*********,ieunj***********,41956471.59~41975720.564,광주광역********,7629569.311~7630126.268
김**,57092*********,010-*********,sunja*********,27020818.437~27045943.662,울산광역*********,3005160.561~3009253.368
이**,85020*********,010-*********,li@son************,81643390.699~81659994.456,부산광역*********,22190055.476~22192728.694
김**,72111*********,010-*********,areum*********,16105680.859~16113706.819,전라남도 ***********,6866501.966~6868556.285
한**,01101*********,010-*********,ijiyeon**************,23321478.498~23330277.973,대구광역********,3521724.43~3524753.45
이**,64032*********,010-*********,bagseoh****************,84940684.522~84953615.747,전라남도 ***********,21251180.98~21267368.153
김**,76042*********,010-*********,seonghunj******************,46700726.359~46728498.33,대전광역*******,3529285.162~3532448.434
한**,76011*********,010-*********,gwagyeo***************,30694306.203~30701797.52,경기도 용**********,5990881.383~5995410.891
서**,10122*********,010-*********,jeongsun*****************,32395322.604~32418109.042,전라북도 ***********,5113271.561~5116333.914
유**,93080*********,010-*********,hayunba****************,62662131.636~62664122.0,충청남도 **********,6835635.925~6838612.774
김**,07071*********,010-*********,jihyeba***************,12043791.719~12064739.671,경기도 ********,2352104.304~2353678.515
이**,14010*********,010-*********,minse*********,29038011.806~29049524.987,인천광역시 ***********,969240.814~973389.754
문**,87101*********,010-*********,iseoy***********,68365816.632~68396501.281,경상남도********,23462629.056~23472142.114
최**,84080*********,010-*********,wan@g*********,23188720.379~23275675.682,전라북도********,4162804.942~4165339.275
김**,59063*********,010-*********,ijinh*********,12345520.255~12363495.024,광주광역********,238411.809~240078.092
김**,54091*********,010-*********,sugjac*************,43934180.288~43940148.25,충청북도 ***********,19949439.522~19968068.168
박**,05081*********,010-*********,coejimi****************,78316521.792~78341721.517,경기도 *******,19502719.737~19508412.478
나**,02101*********,010-*********,jeongh***********,33680818.978~33710257.227,세종특별자치*************,7927122.17~7930849.772
윤**,99042*********,010-*********,jujihye***************,46157271.61~46174721.283,경기도 양**********,29180861.064~29247559.57
박**,51032*********,010-*********,mijeongy******************,33796505.058~33819578.629,전라북도 ***********,873579.802~875661.962
최**,91111*********,010-*********,cunja**********,45907572.65~45926172.242,부산광역*********,21168088.846~21174234.25
이**,89020*********,010-*********,bagjeo***********,28788682.525~28807122.625,대구광역시***********,2280513.874~2282249.145
김**,06122*********,010-*********,jiu78@g**************,7738267.999~7754465.427,경기도 안**********,442974.992~443982.924
김**,70011*********,010-*********,hi@ho*********,18308154.614~18311025.161,세종특별자치*************,9097856.059~9105031.222
황**,88052*********,010-*********,sumin83***************,26803690.66~26823102.019,전라북도********,3953749.861~3955540.522
노**,71041*********,010-*********,hsong@**************,89944811.027~89950515.083,충청남도 ***********,32088002.346~32112139.019
홍**,78060*********,010-*********,xgim*******,40698744.656~40708046.498,제주특별자**********,11227550.699~11230400.892
이**,44103*********,010-*********,ijuwe***********,82027960.027~82063945.292,충청북도 ***********,20038052.76~20047508.741
최**,82102*********,010-*********,jihyeji****************,89661443.454~89665084.435,경상북도 ***********,44203907.468~44290918.667
이**,70061*********,010-*********,hongsa**************,32948466.286~32979807.293,광주광역*********,7946362.062~7948248.731
김**,92022*********,010-*********,anog*********,84017238.766~84046650.449,강원도 홍***********,14632800.549~14633755.6
최**,46123*********,010-*********,jeong***********,38377114.79~38402726.369,대구광역*********,7314387.908~7330727.162
한**,71071*********,010-*********,caeweong****************,46515489.315~46534304.998,경상북도 ***********,4150258.549~4152940.8
이**,54011*********,010-*********,eunseo3****************,42251366.545~42266775.757,경상남도 ***********,25204223.79~25230634.246
이**,46072*********,010-*********,vhon********,16471769.527~16480686.22,울산광역********,9915773.931~9919879.72
이**,91081*********,010-*********,iseoy**********,79346426.584~79365728.492,서울특별*********,16322805.346~16334877.298
장**,71080*********,010-*********,gimjunhy*****************,45926172.242~45960737.862,경상북도 ***********,1383513.4~1384343.803
한**,91083*********,010-*********,hyeonje****************,39743398.232~39758001.343,경기도 용**********,21821033.216~21851476.181
최**,78120*********,010-*********,hyejin0****************,90937909.576~90945417.324,세종특별자치*************,24267752.701~24287380.777
이**,14082*********,010-*********,bhan@y*************,95214363.144~95226996.308,경기도 안*********,21323874.027~21354394.992
김**,77030*********,010-*********,jiasong****************,18293630.14~18298457.653,부산광역*********,5327470.762~5331569.05
최**,85020*********,010-*********,cgi*******,99814944.378~99827575.944,울산광역********,47584142.4~47601530.996
김**,54101*********,010-*********,minji*********,61720156.667~61736070.418,충청북도 ***********,1756671.747~1762897.929
강**,96021*********,010-*********,mijeon**************,92963076.501~92964923.012,서울특별시*********,10351646.376~10360290.397
고**,57051*********,010-*********,seongji***************,42664818.812~42686050.191,충청북도 ***********,12021873.11~12028230.068
임**,97091*********,010-*********,yeongs***********,22357638.195~22359812.495,대전광역*********,5528866.306~5536774.288
김**,61081*********,010-*********,yeeunhe***************,7314464.706~7333171.58,전라남도 ***********,1745070.726~1747423.221
박**,77062*********,010-*********,jongsu3***************,84845835.392~84859441.716,강원도 ********,5056910.66~5059148.155
허**,71032*********,010-*********,ijeongun****************,94962852.049~94965838.286,경기도 *******,19087089.765~19103503.604
박**,61092*********,010-*********,eunse**********,97716522.511~97737560.163,부산광역시*********,1844544.013~1847467.496
남**,89110*********,010-*********,khong**********,13439229.398~13454297.633,세종특별자치*************,9247359.317~9251016.256
이**,76111*********,010-*********,lcoe@**********,87825246.369~87828165.108,제주특별자***********,27669031.36~27713629.194
박**,09080*********,010-*********,gimmiy***********,66083744.259~66096908.162,경상북도 ***********,30262218.83~30269908.768
윤**,96100*********,010-*********,mjan********,82449635.294~82462058.159,울산광역********,6412825.303~6416455.398
손**,51111*********,010-*********,anjin*********,75368844.026~75389508.469,광주광역*********,6437534.226~6440849.88
김**,03031*********,010-*********,minsugi***************,73987848.853~73994074.019,인천광역*********,34813542.653~34883851.996
백**,08060*********,010-*********,qjang@*************,52188456.918~52225362.641,경상북도 포*************,10466828.952~10472876.085
배**,59122*********,010-*********,junhyeog****************,25405435.566~25424920.705,세종특별자치*************,388094.133~390989.844
강**,77061*********,010-*********,juweony***************,85201158.922~85213407.093,경기도 안*********,45506468.99~45538879.398
김**,14072*********,010-*********,minjun***********,62570735.526~62587776.471,경상남도 ***********,4418413.253~4420952.894
김**,94050*********,010-*********,igim@j*************,51272904.364~51302920.434,대구광역*********,2587287.22~2587920.334
이**,58091*********,010-*********,migyeon***************,85714108.828~85737569.11,인천광역********,22289507.841~22299058.704
손**,49032*********,010-*********,yeongh************,9164515.244~9181941.59,광주광역********,1017247.222~1017350.41
김**,90032*********,010-*********,isanghu****************,71253467.572~71263299.499,제주특별자***********,1747423.221~1751385.758
김**,79031*********,010-*********,sangho3****************,20542510.261~20547052.16,경기도 여**********,2852472.764~2854939.198
박**,85072*********,010-*********,hheo@**********,65395298.089~65407179.424,충청북도********,39958955.99~40069949.71
이**,96052*********,010-*********,lha@ju************,46788185.164~46792319.898,세종특별자**********,3597293.47~3597407.618
손**,55072*********,010-*********,seongho***************,46863313.399~46887853.19,세종특별자치*************,12158387.148~12161702.346
김**,66010*********,010-*********,boram00**************,48024315.716~48030594.504,경기도 수**********,5789355.492~5791514.826
김**,52071*********,010-*********,jojeongs****************,78140818.114~78171160.518,울산광역********,11110316.349~11116686.717
백**,56062*********,010-*********,imyeon***********,96112306.292~96127658.762,울산광역********,9077114.249~9082146.753
김**,82082*********,010-*********,jiyeon***********,13454297.633~13480618.79,충청북도 ***********,3630943.486~3631945.818
양**,08041*********,010-*********,yeonghwa******************,30406619.552~30425374.409,세종특별자치*************,2661274.026~2662964.041
권**,66041*********,010-*********,mijeongh*****************,2572783.506~2596627.38,서울특별********,782469.608~788828.099
곽**,54071*********,010-*********,tgim@y*************,69134920.396~69147103.125,강원도 *********,360968.986~361147.432
강**,67060*********,010-*********,jinhogi****************,29670828.647~29675920.856,인천광역*********,7737800.454~7742967.647
김**,02062*********,010-*********,gimmye**************,81093930.912~81113911.032,경상북도 ***********,37527070.422~37552870.894
황**,80103*********,010-*********,uson@j*************,34456899.635~34478432.014,제주특별자치*************,15011514.933~15019406.731
손**,67100*********,010-*********,jaeho31**************,82929325.318~82970110.367,광주광역*******,19215782.478~19222826.662
김**,89122*********,010-*********,minjun3***************,21427562.586~21454199.376,부산광역시*********,4538626.978~4541052.706
서**,71062*********,010-*********,minsugi***************,98581679.528~98625830.25,전라남도 ***********,3904850.137~3913042.852
이**,76102*********,010-*********,myeong*************,36444204.303~36451722.802,경기도 ********,196590.844~197325.572
한**,61080*********,010-*********,gimyeju***************,45736367.455~45744062.502,경상북도 **********,21463675.282~21479212.614
한**,49072*********,010-*********,yunse***********,52752054.776~52775408.452,제주특별자치**************,9981915.894~9995973.117
윤**,52090*********,010-*********,gwangsuh******************,14771046.315~14784663.973,대구광역********,4914058.27~4916574.678
장**,86102*********,010-*********,jinho*********,32349368.994~32363048.925,충청남도 ***********,614592.215~615261.241
최**,57091*********,010-*********,ugim@**********,6530003.803~6538015.773,경기도 양**********,464291.268~466876.746
문**,63071*********,010-*********,yeongsun*****************,52109239.917~52123163.838,제주특별자치**************,4531544.578~4536616.694
김**,65060*********,010-*********,honghay***************,38683961.744~38710348.576,충청남도 ***********,14388436.472~14395982.231
한**,99043*********,010-*********,gimseoy**************,77312145.242~77341797.34,대전광역*******,16100567.878~16112810.128
박**,89051*********,010-*********,sunja*********,3244839.035~3256231.195,서울특별*********,1253124.338~1253209.492
배**,00030*********,010-*********,qgim@***********,5144231.544~5151187.627,인천광역시*********,621328.435~623254.456
김**,65100*********,010-*********,ijunhy**************,95585549.386~95627117.666,대전광역********,8940432.547~8948566.132
문**,87010*********,010-*********,myeong**************,73082400.894~73087328.794,세종특별자치*************,10441973.115~10449290.076
이**,04033*********,010-*********,nheo@**********,8560921.94~8572005.734,제주특별자치**************,1966491.904~1968020.18
김**,66092*********,010-*********,gimgyeong******************,51855994.779~51880094.17,인천광역********,21412056.809~21420923.906
김**,45111*********,010-*********,seongare*****************,10118831.674~10141306.157,전라남도 ***********,582399.245~588421.159
김**,67051*********,010-*********,gimyeon**************,40660611.955~40667758.392,충청남도 **********,4471174.387~4472202.955
최**,63110*********,010-*********,sangho***********,15100851.955~15124389.798,대구광역********,1341738.098~1342674.63
이**,65080*********,010-*********,li@h********,68698810.702~68722426.894,대구광역********,21671814.304~21686445.725
한**,57061*********,010-*********,zgim@***********,4191462.112~4230777.188,충청남도 ***********,973389.754~973672.0
박**,89120*********,010-*********,jangju**************,38766724.5~38785618.749,부산광역시**********,14230140.914~14240539.448
엄**,96051*********,010-*********,gimjia************,10410714.038~10439827.315,충청북도 ***********,325076.429~327533.393
진**,47030*********,010-*********,ljin@*********,26407674.08~26424949.75,경상남도 ***********,1809516.683~1810978.347
이**,07100*********,010-*********,junho**********,24698974.712~24717130.857,강원도 양***********,9644344.533~9647070.97
이**,81112*********,010-*********,lbag@*********,93029452.425~93042712.789,충청북도 ***********,14931435.212~14935304.268
배**,52112*********,010-*********,uan@b**********,62230056.244~62251858.084,충청남도 ***********,2679153.51~2679698.685
김**,93110*********,010-*********,hyeonu7***************,63972387.371~64018593.76,서울특별********,40445752.288~40461769.786
김**,51042*********,010-*********,sugja28***************,24537650.656~24544253.151,광주광역********,2165446.791~2166819.979
홍**,47122*********,010-*********,seunghye****************,5733253.646~5755666.611,세종특별자치*************,804420.013~804791.425
이**,13120*********,010-*********,sanghye**************,82487261.313~82506089.498,세종특별자치*************,14918201.833~14931435.212
이**,73010*********,010-*********,gimjihu****************,69147103.125~69170262.068,강원도 삼**********,11337231.872~11339068.818
전**,56043*********,010-*********,osugja**************,47630754.593~47643667.358,광주광역********,1116968.299~1118621.918
김**,10062*********,010-*********,isujin*************,54201282.872~54212736.017,충청북도 ***********,17762945.252~17766063.964
최**,96102*********,010-*********,jaeho9***********,87887776.104~87895164.423,강원도 *******,2742566.09~2745950.586
김**,86081*********,010-*********,dongh***********,52947350.578~52958368.499,경상북도 청************,21620001.589~21644998.976
장**,63111*********,010-*********,bagmig************,59374527.938~59406079.649,세종특별자치*************,6386813.02~6394721.355
강**,89080*********,010-*********,jiano@**************,34671276.324~34674926.353,제주특별자치**************,15263326.48~15275395.326
이**,63100*********,010-*********,seongj***********,81688992.084~81712546.396,제주특별자***********,30793568.106~30841970.827
이**,68091*********,010-*********,vcoe@**********,32522526.027~32534494.445,인천광역시 ***********,15513636.217~15519006.218
김**,88012*********,010-*********,hyeon***********,24875516.879~24903307.324,서울특별********,2326376.222~2329579.635
최**,69121*********,010-*********,ii@*****,3757956.53~3763661.011,광주광역********,558002.968~559769.671
김**,64031*********,010-*********,junhyeo***************,71997663.094~72031508.742,전라북도 ***********,13457147.054~13466944.933
장**,76091*********,010-*********,dyun@**********,68403577.81~68415389.408,전라북도 ***********,26207229.587~26225906.377
안**,70042*********,010-*********,jiminr*************,26017136.831~26034377.881,제주특별자치*************,5971437.12~5974725.799
박**,06061*********,010-*********,fsim@**********,54149644.085~54176780.069,전라남도 ***********,7096493.36~7100022.03
최**,92121*********,010-*********,jinu15**************,10906219.357~10924153.14,경상북도 ***********,644855.489~648461.644
이**,59041*********,010-*********,mseo@g***********,7278362.037~7314464.706,광주광역********,4288955.384~4291388.916
이**,69033*********,010-*********,jeongja**************,47618405.906~47630754.593,전라북도 ***********,15958895.491~15966856.466
박**,08050*********,010-*********,jeonghun*****************,97983092.878~98027675.842,강원도 고*********,14814674.418~14825846.617
이**,84120*********,010-*********,sanghu*************,67595000.408~67610586.98,경기도 ********,5785377.354~5789355.492
이**,70012*********,010-*********,coeyeong*****************,37659097.806~37683275.779,충청남도 ***********,13000260.206~13010683.329
송**,47081*********,010-*********,jieun47****************,72774781.73~72783204.968,인천광역*********,22368545.345~22381790.48
이**,06051*********,010-*********,jeongseo*****************,40841984.59~40844873.423,세종특별자**********,2926900.882~2927716.268
김**,82010*********,010-*********,ogsun3************,18152954.984~18168301.841,충청남도 ***********,3043525.837~3045403.022
박**,53081*********,010-*********,gweonj**************,67187488.538~67208462.786,세종특별자치*************,31468833.045~31474890.158
김**,63030*********,010-*********,baejih**************,72103935.615~72122287.626,대구광역********,4409122.521~4413311.252
김**,74043*********,010-*********,fan******,53737298.755~53761073.435,충청남도 ***********,2154190.273~2155583.176
박**,95030*********,010-*********,seongh*************,32689362.371~32707564.79,울산광역*******,5314931.61~5316514.773
권**,64021*********,010-*********,gimmi***********,39355022.636~39367633.5,전라북도 ***********,5760173.417~5764300.923
이**,95100*********,010-*********,pi@yu***********,6845770.27~6853293.351,세종특별자치*************,392356.321~393893.041
조**,11101*********,010-*********,mgim*******,45271943.372~45288954.467,대구광역********,11615440.48~11620569.637
김**,11070*********,010-*********,seojun6****************,49254346.388~49261169.553,인천광역시 ***********,25655886.87~25682515.529
황**,65022*********,010-*********,bagye**********,31514359.768~31520976.259,대구광역********,6785423.818~6793909.413
이**,57121*********,010-*********,ijunyeon****************,38559314.628~38585853.159,충청북도 ***********,5827560.788~5833373.215
권**,80031*********,010-*********,ijiye***********,78253290.383~78280676.537,대구광역********,5416152.105~5420392.332
이**,69072*********,010-*********,vjeo*********,57701929.072~57716280.933,경상북도 ***********,12268445.523~12275262.991
이**,80081*********,010-*********,iseongm**************,27805601.94~27840092.592,제주특별자치**************,349605.299~350494.16
김**,98020*********,010-*********,sangceol****************,80459506.79~80476173.178,서울특별*********,13825549.105~13835317.829
김**,92050*********,010-*********,cunjaya****************,99026659.046~99049637.951,전라북도 전************,3742232.641~3747838.189
류**,85111*********,010-*********,ngim*******,71539277.05~71540895.163,광주광역********,6164856.405~6166938.643
김**,44051*********,010-*********,ijim*********,25953434.552~25969077.576,울산광역시 ***********,6487924.465~6490447.899
김**,09011*********,010-*********,boram7*************,52899566.83~52912985.062,강원도 고*********,4942744.973~4953707.418
임**,57033*********,010-*********,gbag*******,87585975.121~87590956.148,경기도 *******,4461319.229~4464103.708
이**,51041*********,010-*********,hanji**********,58509811.52~58559314.205,충청북도 청**************,36355675.808~36436654.578
안**,59021*********,010-*********,ijinu@**************,48024315.716~48030594.504,경상남도 ***********,10539515.395~10553967.365
황**,07052*********,010-*********,li@is*********,72241616.783~72273112.929,광주광역********,422942.551~426764.453
이**,00012*********,010-*********,hyeonjug****************,58762352.45~58790833.539,광주광역*******,26412326.881~26433651.18
김**,58081*********,010-*********,byeong*************,30701797.52~30713226.025,울산광역********,1398682.79~1400444.866
남**,95013*********,010-*********,yunsun************,22918941.76~22927774.025,광주광역********,3099714.8~3104824.017
김**,70121*********,010-*********,jnam@g**************,49534817.388~49567022.098,충청남도 ***********,34479780.768~34489847.362
김**,68041*********,010-*********,oi@*****,83969393.338~84017238.766,강원도 춘**********,39306012.888~39344517.826
이**,62010*********,010-*********,ieunje************,46397515.525~46402803.756,대전광역********,5275765.894~5283114.36
박**,87091*********,010-*********,jeongsu**************,3414075.147~3426129.239,대전광역********,238411.809~240078.092
이**,56062*********,010-*********,hyeonju***************,38890742.016~38922090.382,부산광역*********,3155778.906~3158063.267
장**,84111*********,010-*********,qgang@************,56972712.988~57024445.003,대구광역*********,10635636.162~10639066.827
이**,85012*********,010-*********,ubae@h*************,94819944.083~94850090.769,제주특별자치**************,24024203.161~24038693.794
김**,00032*********,010-*********,junhog*************,8618990.26~8630787.914,부산광역********,796731.871~797264.204
이**,97033*********,010-*********,iseojun****************,37759244.075~37762919.432,전라북도********,5071404.088~5076648.678
이**,95122*********,010-*********,jihuhe*************,69867744.233~69870571.08,경상남도 ***********,26572862.863~26626723.103
김**,07110*********,010-*********,siugim***********,88286298.726~88305456.808,인천광역*********,17216473.408~17229904.284
김**,77101*********,010-*********,bagjeong******************,3377137.021~3414075.147,울산광역시 ***********,922666.239~926548.831
김**,77040*********,010-*********,qgim@g************,60758532.691~60782983.883,경기도 고***********,17963395.224~17976554.569
이**,83112*********,010-*********,sunjag*************,60547119.791~60570004.382,충청남도 ***********,3408162.8~3409030.646
김**,87052*********,010-*********,tbae@j************,51609647.148~51618165.781,강원도 *******,3259939.751~3261778.98
이**,00102*********,010-*********,uju*******,36237861.7~36251716.564,경기도 *******,2704116.874~2707593.672
이**,96070*********,010-*********,tgu******,13556849.088~13589891.47,경상북도 ***********,6575974.748~6578580.923
김**,73020*********,010-*********,donghyeo*****************,42206067.447~42218242.341,강원도 평**********,1086169.421~1089919.086
박**,73100*********,010-*********,anjeongj****************,54652384.25~54681361.174,강원도 인*********,317120.855~318477.848
강**,91040*********,010-*********,geonu40**************,71210314.573~71218320.884,울산광역시 ***********,24038693.794~24040464.978
강**,60102*********,010-*********,isang***********,49006929.569~49032035.262,경상북도 ***********,16444357.866~16458095.109
김**,92061*********,010-*********,bgim@**********,33420032.002~33441036.962,대구광역시 ***********,3081744.232~3084812.458
강**,88020*********,010-*********,seongjin*****************,23609061.924~23623519.426,경상북도 청************,1518198.675~1518992.045
이**,99081*********,010-*********,siugim************,59902921.929~59944002.622,대구광역********,10684087.178~10693589.71
김**,49061*********,010-*********,coejeo***********,58844857.86~58874684.715,경상남도 ***********,23197547.215~23203032.943
배**,04120*********,010-*********,bseo@g************,93883206.229~93909932.73,경기도 *******,501996.783~503490.341
손**,74060*********,010-*********,jeonghu***************,51664702.406~51697373.353,강원도 횡**********,4040425.638~4044701.182
이**,81092*********,010-*********,seongh**************,10377380.984~10397822.787,대전광역*********,2265577.501~2267017.0
백**,69042*********,010-*********,minseog****************,48540517.611~48555768.502,충청남도 ***********,9733299.681~9739631.71
최**,82090*********,010-*********,wson********,53887331.032~53939309.62,대전광역********,104967.113~105407.94
이**,79080*********,010-*********,hyejin8****************,95648735.777~95659835.714,광주광역*********,8320082.168~8323387.418
최**,98051*********,010-*********,hyeonji7****************,61020444.612~61036610.768,경상북도 **********,350948.784~353347.257
이**,83020*********,010-*********,yejung**************,62273211.849~62303537.36,경기도 용인*************,350494.16~350948.784
김**,45081*********,010-*********,junhoi**************,71602547.55~71618956.444,대전광역********,11156536.961~11164345.111
최**,05041*********,010-*********,xgang@**************,99856099.217~99863619.371,경상북도 ***********,18838040.875~18863773.824
한**,45092*********,010-*********,jihyeo**************,48570819.677~48592376.282,전라남도 ***********,23601684.718~23635018.668
이**,12121*********,010-*********,jaehoi***********,49124306.641~49138238.241,경상북도********,7670501.163~7677452.799
박**,05081*********,010-*********,gimsang**************,9629301.495~9662040.244,서울특별시*********,5334294.46~5337050.5
남**,44100*********,010-*********,ogsuni@**************,37960177.762~37969783.26,광주광역********,4754502.58~4757773.771
김**,88072*********,010-*********,gimju***********,21623307.198~21629645.948,세종특별자치*************,2007536.492~2009199.529
배**,68102*********,010-*********,gyeongj****************,34754359.35~34779218.739,전라북도 ***********,16385563.701~16395465.0
박**,67022*********,010-*********,vi@ba**********,70910666.27~70924278.08,충청남도 ***********,27517559.154~27547657.256
김**,54041*********,010-*********,si@ca*********,3448666.985~3478365.254,울산광역********,597170.686~599819.785
김**,54042*********,010-*********,seoyeong****************,61470929.145~61491445.926,대구광역********,13638531.531~13644917.096
이**,84032*********,010-*********,bgang@***********,61888962.25~61915031.393,전라북도 정***********,17384557.558~17403262.06
김**,05062*********,010-*********,eungyeon****************,17842820.1~17852861.638,대구광역********,2144209.79~2145810.478
곽**,84062*********,010-*********,egim*******,44661519.451~44700188.708,경기도 이**********,3543835.311~3548123.312
박**,80030*********,010-*********,phan*********,94361940.774~94367788.494,충청북도 ***********,15748363.718~15753557.397
고**,97111*********,010-*********,jiweon************,91153503.24~91167504.926,경기도 수**********,13021043.354~13024529.759
이**,80102*********,010-*********,yejun**********,46416315.716~46422906.546,세종특별자**********,1033034.867~1034984.642
김**,83061*********,010-*********,jangjeong******************,18501132.559~18520111.568,경상남도 ***********,2322551.706~2326376.222
김**,53071*********,010-*********,hyeji***********,32716660.757~32735304.9,충청북도 청주시****************,17456665.785~17472285.248
서**,05062*********,010-*********,gimseon***************,92023052.373~92058178.092,경상남도 ***********,170694.971~171889.08
김**,70050*********,010-*********,di@*****,42928634.47~42962143.169,경기도 안**********,375982.83~376484.294
박**,81111*********,010-*********,yeji*********,89001243.857~89017351.2,경상남도 창************,12177380.99~12199348.325
김**,10042*********,010-*********,baegseo***************,6435689.622~6462362.001,울산광역********,1068954.876~1070371.505
이**,91082*********,010-*********,minjae9****************,58261262.268~58277606.275,대전광역********,22829492.656~22831549.12
오**,66052*********,010-*********,eungyeon******************,41546783.052~41571490.754,경기도 *******,14614859.146~14623751.346
박**,58010*********,010-*********,jinubag***************,15961400.588~15997132.299,경기도 포**********,3301832.93~3306982.338
노**,82091*********,010-*********,bno@*******,31776289.478~31814877.03,경상남도 ***********,7036415.492~7042278.887
김**,03072*********,010-*********,agim*********,20096929.8~20136241.918,광주광역시*********,4051362.872~4057159.106
